[38;2;12;13;15m[48;2;13;14;15m▀[0m[38;2;12;14;16m[48;2;14;15;16m▀[0m[38;2;12;14;16m[48;2;13;15;16m▀[0m[38;2;12;14;16m[48;2;13;15;16m▀[0m[38;2;12;14;16m[48;2;13;15;17m▀[0m[38;2;12;14;16m[48;2;13;15;17m▀[0m[38;2;12;14;16m[48;2;14;16;18m▀[0m[38;2;12;14;17m[48;2;14;16;19m▀[0m[38;2;12;14;17m[48;2;14;16;19m▀[0m[38;2;12;14;17m[48;2;14;16;19m▀[0m[38;2;13;15;18m[48;2;13;16;19m▀[0m[38;2;12;15;18m[48;2;14;16;20m▀[0m[38;2;12;14;18m[48;2;14;17;20m▀[0m[38;2;12;14;18m[48;2;14;17;20m▀[0m[38;2;12;15;18m[48;2;14;16;20m▀[0m[38;2;12;15;19m[48;2;14;17;20m▀[0m[38;2;12;15;19m[48;2;14;17;21m▀[0m[38;2;12;15;19m[48;2;14;17;21m▀[0m[38;2;12;15;19m[48;2;14;17;21m▀[0m[38;2;12;15;19m[48;2;15;18;22m▀[0m[38;2;12;15;19m[48;2;15;18;22m▀[0m[38;2;12;15;19m[48;2;15;18;22m▀[0m[38;2;12;15;19m[48;2;15;18;23m▀[0m[38;2;12;15;19m[48;2;15;19;23m▀[0m[38;2;12;15;20m[48;2;14;18;23m▀[0m[38;2;12;15;20m[48;2;14;18;23m▀[0m[38;2;12;15;19m[48;2;14;19;23m▀[0m[38;2;12;16;20m[48;2;14;19;23m▀[0m[38;2;12;16;20m[48;2;14;19;23m▀[0m[38;2;12;15;20m[48;2;14;19;23m▀[0m[38;2;12;15;20m[48;2;14;19;23m▀[0m[38;2;12;16;20m[48;2;15;19;24m▀[0m[38;2;12;16;20m[48;2;14;19;23m▀[0m[38;2;11;15;19m[48;2;13;18;23m▀[0m[38;2;11;15;19m[48;2;14;18;22m▀[0m[38;2;11;15;19m[48;2;13;17;21m▀[0m[38;2;11;15;19m[48;2;13;17;21m▀[0m[38;2;11;14;18m[48;2;13;16;21m▀[0m[38;2;11;14;18m[48;2;13;16;20m▀[0m[38;2;10;13;17m[48;2;13;15;19m▀[0m[38;2;10;13;16m[48;2;12;15;18m▀[0m[38;2;10;12;15m[48;2;11;14;17m▀[0m[38;2;10;12;15m[48;2;12;14;17m▀[0m[38;2;9;11;14m[48;2;11;13;16m▀[0m[38;2;9;11;13m[48;2;10;12;15m▀[0m[38;2;8;10;13m[48;2;10;12;14m▀[0m[38;2;9;10;12m[48;2;9;11;13m▀[0m[38;2;8;10;12m[48;2;9;11;13m▀[0m[38;2;8;10;12m[48;2;9;10;13m▀[0m[38;2;8;9;11m[48;2;9;10;12m▀[0m[38;2;8;9;11m▄[0m
[38;2;13;14;16m[48;2;13;14;16m▀[0m[38;2;14;15;16m[48;2;14;15;17m▀[0m[38;2;13;15;17m[48;2;13;15;18m▀[0m[38;2;13;15;17m[48;2;13;16;19m▀[0m[38;2;14;16;19m[48;2;14;17;20m▀[0m[38;2;14;16;19m[48;2;14;16;19m▀[0m[38;2;14;16;19m[48;2;14;16;19m▀[0m[38;2;14;16;19m[48;2;14;16;19m▀[0m[38;2;14;16;19m[48;2;14;16;20m▀[0m[38;2;14;17;20m[48;2;15;17;20m▀[0m[38;2;14;17;20m[48;2;15;17;21m▀[0m[38;2;15;17;20m[48;2;14;17;21m▀[0m[38;2;14;17;21m[48;2;15;18;22m▀[0m[38;2;14;17;21m[48;2;15;19;23m▀[0m[38;2;15;18;21m[48;2;15;19;24m▀[0m[38;2;15;18;22m[48;2;15;20;24m▀[0m[38;2;15;19;23m[48;2;15;20;25m▀[0m[38;2;15;19;23m[48;2;16;22;26m▀[0m[38;2;15;19;24m[48;2;17;22;27m▀[0m[38;2;15;20;25m[48;2;16;23;27m▀[0m[38;2;14;20;25m[48;2;18;23;28m▀[0m[38;2;15;21;26m[48;2;18;24;29m▀[0m[38;2;15;21;26m[48;2;17;24;29m▀[0m[38;2;15;22;26m[48;2;18;25;31m▀[0m[38;2;15;21;27m[48;2;17;26;31m▀[0m[38;2;16;22;27m[48;2;18;27;34m▀[0m[38;2;16;22;28m[48;2;18;28;35m▀[0m[38;2;15;22;27m[48;2;18;28;37m▀[0m[38;2;15;22;27m[48;2;19;29;39m▀[0m[38;2;15;22;28m[48;2;19;31;41m▀[0m[38;2;15;22;28m[48;2;19;32;42m▀[0m[38;2;14;22;28m[48;2;19;32;43m▀[0m[38;2;15;22;28m[48;2;19;31;43m▀[0m[38;2;14;21;28m[48;2;18;30;40m▀[0m[38;2;14;21;27m[48;2;17;28;38m▀[0m[38;2;13;20;26m[48;2;15;26;35m▀[0m[38;2;13;20;25m[48;2;14;23;31m▀[0m[38;2;13;19;24m[48;2;13;21;29m▀[0m[38;2;13;18;22m[48;2;13;20;27m▀[0m[38;2;13;17;21m[48;2;12;19;25m▀[0m[38;2;13;16;21m[48;2;12;19;24m▀[0m[38;2;12;15;19m[48;2;13;18;23m▀[0m[38;2;12;15;18m[48;2;13;16;21m▀[0m[38;2;12;14;18m[48;2;13;16;20m▀[0m[38;2;12;14;17m[48;2;12;15;19m▀[0m[38;2;11;13;15m[48;2;11;14;17m▀[0m[38;2;10;12;14m[48;2;11;13;16m▀[0m[38;2;10;11;13m[48;2;10;12;15m▀[0m[38;2;9;11;13m[48;2;10;12;14m▀[0m[38;2;9;10;13m[48;2;9;11;13m▀[0m[38;2;9;10;12m[48;2;9;11;13m▀[0m[38;2;8;9;11m[48;2;9;10;12m▀[0m[38;2;8;10;12m▄[0m[38;2;8;9;11m▄[0m
[38;2;13;14;17m[48;2;13;15;18m▀[0m[38;2;14;16;19m[48;2;14;16;19m▀[0m[38;2;14;16;19m[48;2;14;16;19m▀[0m[38;2;14;16;19m[48;2;14;16;19m▀[0m[38;2;14;16;19m[48;2;14;16;19m▀[0m[38;2;14;16;20m[48;2;15;17;20m▀[0m[38;2;14;16;20m[48;2;15;17;20m▀[0m[38;2;15;17;20m[48;2;15;18;21m▀[0m[38;2;15;17;21m[48;2;15;18;22m▀[0m[38;2;15;17;21m[48;2;15;19;23m▀[0m[38;2;15;18;22m[48;2;16;20;24m▀[0m[38;2;16;19;23m[48;2;16;21;25m▀[0m[38;2;16;20;24m[48;2;16;21;26m▀[0m[38;2;16;20;25m[48;2;17;22;27m▀[0m[38;2;16;21;25m[48;2;18;23;28m▀[0m[38;2;17;22;27m[48;2;19;25;30m▀[0m[38;2;17;23;27m[48;2;19;25;31m▀[0m[38;2;18;24;29m[48;2;20;26;33m▀[0m[38;2;19;25;30m[48;2;20;28;36m▀[0m[38;2;19;24;31m[48;2;21;30;39m▀[0m[38;2;20;26;33m[48;2;23;34;44m▀[0m[38;2;20;27;35m[48;2;25;39;52m▀[0m[38;2;20;30;37m[48;2;32;50;65m▀[0m[38;2;21;32;43m[48;2;45;69;87m▀[0m[38;2;24;37;48m[48;2;67;97;120m▀[0m[38;2;27;43;57m[48;2;108;136;160m▀[0m[38;2;30;50;66m[48;2;140;166;187m▀[0m[38;2;36;59;78m[48;2;161;183;201m▀[0m[38;2;41;67;88m[48;2;168;189;207m▀[0m[38;2;48;76;100m[48;2;173;193;211m▀[0m[38;2;53;83;108m[48;2;184;201;216m▀[0m[38;2;58;88;112m[48;2;192;205;218m▀[0m[38;2;56;86;110m[48;2;198;210;222m▀[0m[38;2;52;80;104m[48;2;187;200;214m▀[0m[38;2;44;72;95m[48;2;168;186;202m▀[0m[38;2;36;62;83m[48;2;165;184;200m▀[0m[38;2;29;51;69m[48;2;151;173;192m▀[0m[38;2;24;41;57m[48;2;126;152;173m▀[0m[38;2;19;33;46m[48;2;95;121;143m▀[0m[38;2;16;27;37m[48;2;56;83;106m▀[0m[38;2;13;23;31m[48;2;30;52;71m▀[0m[38;2;12;20;28m[48;2;20;36;50m▀[0m[38;2;12;19;24m[48;2;15;26;37m▀[0m[38;2;12;18;23m[48;2;13;22;29m▀[0m[38;2;13;16;22m[48;2;12;19;26m▀[0m[38;2;12;15;19m[48;2;12;17;23m▀[0m[38;2;11;14;18m[48;2;12;16;20m▀[0m[38;2;11;13;17m[48;2;12;15;19m▀[0m[38;2;11;13;16m[48;2;11;13;17m▀[0m[38;2;10;12;15m[48;2;11;13;16m▀[0m[38;2;9;11;13m[48;2;10;12;15m▀[0m[38;2;9;10;12m[48;2;9;11;14m▀[0m[38;2;8;10;12m[48;2;9;10;13m▀[0m[38;2;8;9;11m[48;2;9;10;12m▀[0m[38;2;8;9;11m▄[0m
[38;2;14;16;19m[48;2;14;16;19m▀[0m[38;2;14;16;19m[48;2;15;16;20m▀[0m[38;2;14;16;20m[48;2;14;16;19m▀[0m[38;2;14;16;19m[48;2;14;16;20m▀[0m[38;2;14;16;20m[48;2;15;17;21m▀[0m[38;2;15;17;21m[48;2;15;18;22m▀[0m[38;2;15;18;21m[48;2;16;19;23m▀[0m[38;2;15;18;22m[48;2;16;20;24m▀[0m[38;2;16;20;24m[48;2;16;21;25m▀[0m[38;2;16;20;25m[48;2;17;22;27m▀[0m[38;2;16;21;26m[48;2;18;23;28m▀[0m[38;2;17;22;27m[48;2;19;25;29m▀[0m[38;2;18;23;28m[48;2;20;26;32m▀[0m[38;2;20;25;30m[48;2;21;27;33m▀[0m[38;2;21;26;32m[48;2;22;29;36m▀[0m[38;2;20;27;34m[48;2;23;31;40m▀[0m[38;2;21;28;36m[48;2;25;37;47m▀[0m[38;2;23;33;41m[48;2;32;48;61m▀[0m[38;2;25;37;48m[48;2;47;71;89m▀[0m[38;2;31;47;59m[48;2;92;122;145m▀[0m[38;2;43;64;82m[48;2;157;181;200m▀[0m[38;2;72;102;125m[48;2;198;212;224m▀[0m[38;2;128;155;176m[48;2;204;215;225m▀[0m[38;2;173;193;210m[48;2;207;217;226m▀[0m[38;2;205;217;227m[48;2;206;216;225m▀[0m[38;2;204;215;225m[48;2;198;209;218m▀[0m[38;2;187;201;213m[48;2;191;203;214m▀[0m[38;2;186;199;211m[48;2;193;205;216m▀[0m[38;2;191;204;217m[48;2;192;204;215m▀[0m[38;2;191;204;216m[48;2;162;179;196m▀[0m[38;2;192;205;217m[48;2;170;187;203m▀[0m[38;2;200;210;221m[48;2;184;198;209m▀[0m[38;2;189;201;212m[48;2;168;183;197m▀[0m[38;2;198;209;220m[48;2;179;192;203m▀[0m[38;2;190;201;212m[48;2;193;203;212m▀[0m[38;2;169;184;197m[48;2;155;170;184m▀[0m[38;2;156;173;188m[48;2;145;162;178m▀[0m[38;2;175;189;202m[48;2;149;165;180m▀[0m[38;2;178;192;205m[48;2;154;168;182m▀[0m[38;2;176;189;204m[48;2;149;164;178m▀[0m[38;2;154;173;190m[48;2;158;170;185m▀[0m[38;2;111;135;156m[48;2;169;181;194m▀[0m[38;2;55;81;103m[48;2;166;179;194m▀[0m[38;2;24;43;59m[48;2;127;149;168m▀[0m[38;2;15;27;38m[48;2;65;91;113m▀[0m[38;2;12;21;29m[48;2;23;43;59m▀[0m[38;2;11;18;24m[48;2;13;25;35m▀[0m[38;2;12;17;22m[48;2;11;19;26m▀[0m[38;2;12;16;20m[48;2;12;17;22m▀[0m[38;2;11;14;18m[48;2;12;15;20m▀[0m[38;2;11;13;16m[48;2;11;14;18m▀[0m[38;2;10;12;15m[48;2;11;13;16m▀[0m[38;2;10;11;14m[48;2;10;12;15m▀[0m[38;2;9;10;12m[48;2;10;11;14m▀[0m[38;2;8;10;12m[48;2;9;10;13m▀[0m[38;2;8;9;12m[48;2;8;10;12m▀[0m[38;2;8;9;11m▄[0m
[38;2;14;16;19m[48;2;14;16;19m▀[0m[38;2;14;16;20m[48;2;14;16;20m▀[0m[38;2;14;16;20m[48;2;14;17;21m▀[0m[38;2;14;17;21m[48;2;15;18;22m▀[0m[38;2;15;18;22m[48;2;16;19;23m▀[0m[38;2;16;19;23m[48;2;16;20;24m▀[0m[38;2;16;20;24m[48;2;16;21;26m▀[0m[38;2;16;21;26m[48;2;17;22;27m▀[0m[38;2;17;22;27m[48;2;19;24;28m▀[0m[38;2;18;23;27m[48;2;20;25;30m▀[0m[38;2;19;25;30m[48;2;21;26;32m▀[0m[38;2;20;26;32m[48;2;22;28;35m▀[0m[38;2;22;28;35m[48;2;24;32;40m▀[0m[38;2;24;31;38m[48;2;27;38;48m▀[0m[38;2;26;35;45m[48;2;35;51;64m▀[0m[38;2;30;44;56m[48;2;59;85;107m▀[0m[38;2;42;64;81m[48;2;136;164;187m▀[0m[38;2;81;111;135m[48;2;155;206;226m▀[0m[38;2;155;179;198m[48;2;200;217;227m▀[0m[38;2;198;211;223m[48;2;207;216;224m▀[0m[38;2;197;209;220m[48;2;211;219;227m▀[0m[38;2;200;210;220m[48;2;208;217;225m▀[0m[38;2;207;217;225m[48;2;200;209;219m▀[0m[38;2;203;212;221m[48;2;201;211;220m▀[0m[38;2;208;217;225m[48;2;184;196;207m▀[0m[38;2;210;219;227m[48;2;197;209;219m▀[0m[38;2;211;220;228m[48;2;195;206;217m▀[0m[38;2;203;213;222m[48;2;196;207;217m▀[0m[38;2;194;204;215m[48;2;184;195;206m▀[0m[38;2;181;195;207m[48;2;189;199;209m▀[0m[38;2;188;201;213m[48;2;212;219;225m▀[0m[38;2;188;199;210m[48;2;213;218;225m▀[0m[38;2;205;213;221m[48;2;220;226;231m▀[0m[38;2;206;212;219m[48;2;208;214;220m▀[0m[38;2;194;199;207m[48;2;191;197;204m▀[0m[38;2;187;194;203m[48;2;201;207;215m▀[0m[38;2;183;192;201m[48;2;195;202;210m▀[0m[38;2;176;186;197m[48;2;193;200;209m▀[0m[38;2;175;186;197m[48;2;185;194;203m▀[0m[38;2;173;184;195m[48;2;166;176;188m▀[0m[38;2;172;182;194m[48;2;162;173;185m▀[0m[38;2;175;185;198m[48;2;152;164;177m▀[0m[38;2;171;183;196m[48;2;135;149;163m▀[0m[38;2;159;172;185m[48;2;132;146;161m▀[0m[38;2;149;163;179m[48;2;147;160;174m▀[0m[38;2;118;139;159m[48;2;131;146;162m▀[0m[38;2;52;75;94m[48;2;117;134;152m▀[0m[38;2;16;32;46m[48;2;79;101;121m▀[0m[38;2;10;20;28m[48;2;25;43;60m▀[0m[38;2;11;17;23m[48;2;11;22;31m▀[0m[38;2;11;15;20m[48;2;10;17;24m▀[0m[38;2;11;14;17m[48;2;11;15;20m▀[0m[38;2;10;13;16m[48;2;10;13;17m▀[0m[38;2;10;12;15m[48;2;10;12;15m▀[0m[38;2;9;11;14m[48;2;10;12;15m▀[0m[38;2;8;10;12m[48;2;9;11;13m▀[0m[38;2;8;10;12m[48;2;8;10;12m▀[0m[38;2;8;9;11m[48;2;8;9;11m▀[0m
[38;2;14;16;20m[48;2;14;17;20m▀[0m[38;2;15;17;21m[48;2;15;18;22m▀[0m[38;2;15;18;22m[48;2;16;19;23m▀[0m[38;2;15;19;23m[48;2;16;20;24m▀[0m[38;2;16;20;24m[48;2;16;21;26m▀[0m[38;2;17;21;25m[48;2;17;22;27m▀[0m[38;2;17;22;27m[48;2;18;24;28m▀[0m[38;2;18;23;28m[48;2;19;25;30m▀[0m[38;2;20;26;31m[48;2;22;27;33m▀[0m[38;2;22;27;34m[48;2;24;30;37m▀[0m[38;2;23;29;36m[48;2;25;34;41m▀[0m[38;2;24;33;40m[48;2;31;42;53m▀[0m[38;2;29;41;51m[48;2;45;65;81m▀[0m[38;2;41;60;75m[48;2;103;132;156m▀[0m[38;2;81;111;135m[48;2;187;207;222m▀[0m[38;2;171;194;212m[48;2;204;217;228m▀[0m[38;2;193;209;224m[48;2;190;205;217m▀[0m[38;2;138;192;217m[48;2;159;194;216m▀[0m[38;2;216;231;236m[48;2;125;228;242m▀[0m[38;2;208;216;224m[48;2;193;202;212m▀[0m[38;2;208;217;225m[48;2;200;210;219m▀[0m[38;2;203;213;221m[48;2;190;199;209m▀[0m[38;2;191;202;212m[48;2;187;198;209m▀[0m[38;2;183;194;205m[48;2;189;200;210m▀[0m[38;2;178;191;203m[48;2;182;194;205m▀[0m[38;2;151;170;187m[48;2;185;197;208m▀[0m[38;2;149;168;185m[48;2;190;201;211m▀[0m[38;2;173;187;201m[48;2;196;204;213m▀[0m[38;2;208;215;222m[48;2;192;199;208m▀[0m[38;2;200;207;214m[48;2;212;217;223m▀[0m[38;2;217;222;228m[48;2;210;215;221m▀[0m[38;2;213;218;224m[48;2;218;222;228m▀[0m[38;2;206;211;218m[48;2;208;213;219m▀[0m[38;2;212;217;223m[48;2;208;213;220m▀[0m[38;2;212;218;224m[48;2;177;185;193m▀[0m[38;2;208;214;221m[48;2;154;163;173m▀[0m[38;2;202;208;214m[48;2;129;140;151m▀[0m[38;2;197;203;211m[48;2;160;171;183m▀[0m[38;2;199;205;212m[48;2;170;179;189m▀[0m[38;2;186;192;198m[48;2;143;152;160m▀[0m[38;2;160;169;178m[48;2;122;130;140m▀[0m[38;2;127;142;156m[48;2;135;146;158m▀[0m[38;2;110;126;141m[48;2;140;154;167m▀[0m[38;2;122;137;151m[48;2;130;143;157m▀[0m[38;2;152;162;176m[48;2;145;155;168m▀[0m[38;2;106;120;135m[48;2;116;130;143m▀[0m[38;2;93;110;127m[48;2;101;115;131m▀[0m[38;2;99;115;132m[48;2;60;75;89m▀[0m[38;2;95;115;134m[48;2;89;105;121m▀[0m[38;2;33;54;72m[48;2;68;85;102m▀[0m[38;2;11;23;34m[48;2;32;52;69m▀[0m[38;2;10;17;24m[48;2;10;23;33m▀[0m[38;2;11;15;20m[48;2;9;16;23m▀[0m[38;2;11;13;17m[48;2;11;14;19m▀[0m[38;2;10;13;16m[48;2;11;13;16m▀[0m[38;2;10;12;15m[48;2;10;12;16m▀[0m[38;2;9;11;13m[48;2;9;11;14m▀[0m[38;2;8;9;12m[48;2;9;10;13m▀[0m[38;2;7;9;11m[48;2;8;9;11m▀[0m
[38;2;15;17;21m[48;2;15;18;22m▀[0m[38;2;16;19;23m[48;2;16;20;23m▀[0m[38;2;16;20;24m[48;2;17;21;25m▀[0m[38;2;16;21;25m[48;2;17;22;26m▀[0m[38;2;17;22;26m[48;2;18;23;27m▀[0m[38;2;18;23;28m[48;2;19;24;29m▀[0m[38;2;19;24;29m[48;2;20;26;31m▀[0m[38;2;21;27;33m[48;2;23;28;36m▀[0m[38;2;24;30;37m[48;2;25;33;41m▀[0m[38;2;26;34;42m[48;2;29;40;50m▀[0m[38;2;31;42;53m[48;2;45;63;79m▀[0m[38;2;45;66;82m[48;2;113;142;165m▀[0m[38;2;113;142;165m[48;2;201;217;229m▀[0m[38;2;196;213;227m[48;2;206;219;230m▀[0m[38;2;201;215;226m[48;2;203;217;227m▀[0m[38;2;200;212;223m[48;2;202;214;224m▀[0m[38;2;202;214;225m[48;2;213;222;230m▀[0m[38;2;176;198;215m[48;2;187;207;222m▀[0m[38;2;175;227;238m[48;2;102;204;235m▀[0m[38;2;189;204;216m[48;2;194;209;218m▀[0m[38;2;190;200;210m[48;2;182;192;201m▀[0m[38;2;195;205;215m[48;2;180;191;201m▀[0m[38;2;194;204;213m[48;2;203;212;219m▀[0m[38;2;193;202;211m[48;2;210;219;226m▀[0m[38;2;198;207;216m[48;2;204;212;220m▀[0m[38;2;200;209;218m[48;2;200;209;217m▀[0m[38;2;202;210;218m[48;2;200;208;216m▀[0m[38;2;198;207;215m[48;2;209;215;222m▀[0m[38;2;197;205;213m[48;2;208;215;223m▀[0m[38;2;200;206;214m[48;2;205;212;219m▀[0m[38;2;178;184;192m[48;2;205;211;219m▀[0m[38;2;183;190;198m[48;2;208;215;221m▀[0m[38;2;100;114;127m[48;2;187;195;204m▀[0m[38;2;94;111;124m[48;2;172;183;194m▀[0m[38;2;129;147;162m[48;2;156;171;185m▀[0m[38;2;146;167;182m[48;2;144;160;173m▀[0m[38;2;152;170;185m[48;2;149;162;177m▀[0m[38;2;152;168;183m[48;2;158;171;184m▀[0m[38;2;166;180;193m[48;2;163;175;188m▀[0m[38;2;176;187;199m[48;2;163;175;188m▀[0m[38;2;182;192;204m[48;2;176;187;200m▀[0m[38;2;135;147;161m[48;2;123;138;153m▀[0m[38;2;143;156;169m[48;2;126;141;155m▀[0m[38;2;154;165;177m[48;2;167;177;189m▀[0m[38;2;148;159;171m[48;2;164;174;186m▀[0m[38;2;116;130;146m[48;2;148;157;170m▀[0m[38;2;109;121;135m[48;2;120;133;146m▀[0m[38;2;117;130;144m[48;2;118;129;142m▀[0m[38;2;117;130;145m[48;2;120;132;146m▀[0m[38;2;100;114;130m[48;2;95;109;123m▀[0m[38;2;56;71;87m[48;2;59;72;86m▀[0m[38;2;25;45;61m[48;2;38;55;69m▀[0m[38;2;9;22;32m[48;2;18;37;53m▀[0m[38;2;9;15;22m[48;2;9;19;29m▀[0m[38;2;11;14;18m[48;2;10;15;21m▀[0m[38;2;10;12;16m[48;2;10;13;17m▀[0m[38;2;10;12;15m[48;2;10;12;16m▀[0m[38;2;9;11;13m[48;2;9;11;14m▀[0m[38;2;8;10;12m[48;2;9;10;12m▀[0m[38;2;7;9;11m[48;2;8;9;11m▀[0m
[38;2;15;19;23m[48;2;16;20;24m▀[0m[38;2;16;20;24m[48;2;16;21;24m▀[0m[38;2;16;21;25m[48;2;17;21;25m▀[0m[38;2;17;22;26m[48;2;19;23;28m▀[0m[38;2;18;24;29m[48;2;19;25;31m▀[0m[38;2;19;26;31m[48;2;22;27;33m▀[0m[38;2;22;28;34m[48;2;23;30;37m▀[0m[38;2;25;31;39m[48;2;26;35;44m▀[0m[38;2;28;38;47m[48;2;35;50;63m▀[0m[38;2;41;57;71m[48;2;80;107;129m▀[0m[38;2;101;130;153m[48;2;191;208;223m▀[0m[38;2;194;212;226m[48;2;205;218;229m▀[0m[38;2;205;217;228m[48;2;201;213;224m▀[0m[38;2;208;219;229m[48;2;207;218;228m▀[0m[38;2;213;223;232m[48;2;216;225;233m▀[0m[38;2;215;224;231m[48;2;213;221;229m▀[0m[38;2;205;215;224m[48;2;180;194;207m▀[0m[38;2;110;147;175m[48;2;107;146;173m▀[0m[38;2;88;179;215m[48;2;109;162;196m▀[0m[38;2;160;190;206m[48;2;116;184;218m▀[0m[38;2;162;174;186m[48;2;192;199;207m▀[0m[38;2;163;174;186m[48;2;198;208;216m▀[0m[38;2;188;198;208m[48;2;198;207;216m▀[0m[38;2;206;214;222m[48;2;199;208;217m▀[0m[38;2;205;214;222m[48;2;197;205;214m▀[0m[38;2;202;211;219m[48;2;205;213;220m▀[0m[38;2;203;210;218m[48;2;207;215;222m▀[0m[38;2;206;213;221m[48;2;202;210;217m▀[0m[38;2;209;215;223m[48;2;203;210;218m▀[0m[38;2;210;216;224m[48;2;207;214;221m▀[0m[38;2;202;209;217m[48;2;207;214;221m▀[0m[38;2;186;193;201m[48;2;200;206;214m▀[0m[38;2;190;198;206m[48;2;190;198;206m▀[0m[38;2;183;192;201m[48;2;178;187;197m▀[0m[38;2;177;187;198m[48;2;168;178;189m▀[0m[38;2;166;176;187m[48;2;181;191;202m▀[0m[38;2;161;172;184m[48;2;165;176;187m▀[0m[38;2;154;165;177m[48;2;169;179;191m▀[0m[38;2;149;161;174m[48;2;184;194;204m▀[0m[38;2;160;172;184m[48;2;187;197;207m▀[0m[38;2;171;182;194m[48;2;181;192;202m▀[0m[38;2;141;153;165m[48;2;135;147;160m▀[0m[38;2;145;159;172m[48;2;129;143;159m▀[0m[38;2;145;157;171m[48;2;139;153;167m▀[0m[38;2;147;157;169m[48;2;144;155;168m▀[0m[38;2;173;180;191m[48;2;128;138;149m▀[0m[38;2;161;169;179m[48;2;103;113;125m▀[0m[38;2;141;150;161m[48;2;134;143;152m▀[0m[38;2;147;156;167m[48;2;152;158;167m▀[0m[38;2;73;85;99m[48;2;103;112;124m▀[0m[38;2;50;64;78m[48;2;37;50;62m▀[0m[38;2;41;55;68m[48;2;22;36;50m▀[0m[38;2;26;43;57m[48;2;19;34;47m▀[0m[38;2;14;31;45m[48;2;16;34;49m▀[0m[38;2;8;17;25m[48;2;10;25;37m▀[0m[38;2;10;14;19m[48;2;9;15;23m▀[0m[38;2;10;12;16m[48;2;10;13;18m▀[0m[38;2;9;11;15m[48;2;10;12;15m▀[0m[38;2;9;11;13m[48;2;9;11;14m▀[0m[38;2;8;10;12m[48;2;9;10;12m▀[0m[38;2;8;9;11m▄[0m
[38;2;16;20;24m[48;2;16;20;25m▀[0m[38;2;17;21;25m[48;2;17;22;26m▀[0m[38;2;18;22;27m[48;2;18;23;28m▀[0m[38;2;20;25;29m[48;2;20;25;30m▀[0m[38;2;21;26;32m[48;2;22;27;34m▀[0m[38;2;23;29;36m[48;2;24;31;38m▀[0m[38;2;25;33;41m[48;2;28;38;47m▀[0m[38;2;32;43;54m[48;2;43;61;77m▀[0m[38;2;57;81;100m[48;2;125;153;175m▀[0m[38;2;166;189;208m[48;2;199;214;227m▀[0m[38;2;205;218;230m[48;2;197;211;224m▀[0m[38;2;208;220;229m[48;2;211;222;230m▀[0m[38;2;214;225;233m[48;2;205;216;226m▀[0m[38;2;213;223;232m[48;2;203;215;224m▀[0m[38;2;211;222;230m[48;2;193;208;221m▀[0m[38;2;196;209;220m[48;2;185;201;215m▀[0m[38;2;217;226;232m[48;2;199;210;219m▀[0m[38;2;209;218;225m[48;2;198;209;219m▀[0m[38;2;168;195;215m[48;2;187;198;208m▀[0m[38;2;114;199;232m[48;2;182;199;212m▀[0m[38;2;132;170;191m[48;2;138;200;225m▀[0m[38;2;188;197;207m[48;2;198;210;220m▀[0m[38;2;185;196;205m[48;2;181;191;199m▀[0m[38;2;191;200;209m[48;2;182;192;202m▀[0m[38;2;195;203;212m[48;2;178;189;202m▀[0m[38;2;198;206;215m[48;2;165;179;191m▀[0m[38;2;199;208;216m[48;2;183;195;204m▀[0m[38;2;206;214;221m[48;2;195;203;212m▀[0m[38;2;201;209;216m[48;2;192;201;208m▀[0m[38;2;204;211;218m[48;2;205;212;220m▀[0m[38;2;207;214;221m[48;2;206;213;221m▀[0m[38;2;202;209;217m[48;2;207;214;222m▀[0m[38;2;193;201;209m[48;2;197;204;212m▀[0m[38;2;194;203;211m[48;2;194;202;211m▀[0m[38;2;188;195;205m[48;2;191;200;208m▀[0m[38;2;178;187;198m[48;2;189;197;206m▀[0m[38;2;162;172;183m[48;2;178;188;197m▀[0m[38;2;177;187;197m[48;2;173;181;192m▀[0m[38;2;179;189;200m[48;2;143;154;165m▀[0m[38;2;171;181;191m[48;2;138;148;160m▀[0m[38;2;165;175;186m[48;2;151;162;175m▀[0m[38;2;165;176;188m[48;2;145;157;170m▀[0m[38;2;159;171;185m[48;2;172;182;195m▀[0m[38;2;131;146;160m[48;2;138;151;166m▀[0m[38;2;123;138;154m[48;2;112;127;141m▀[0m[38;2;140;152;165m[48;2;138;150;163m▀[0m[38;2;169;177;187m[48;2;181;187;194m▀[0m[38;2;155;163;173m[48;2;99;111;123m▀[0m[38;2;172;178;185m[48;2;84;94;108m▀[0m[38;2;89;96;104m[48;2;43;54;66m▀[0m[38;2;104;114;123m[48;2;101;111;120m▀[0m[38;2;85;96;107m[48;2;73;84;95m▀[0m[38;2;26;39;51m[48;2;65;76;86m▀[0m[38;2;15;31;44m[48;2;17;31;44m▀[0m[38;2;14;32;47m[48;2;17;35;48m▀[0m[38;2;8;20;30m[48;2;11;29;43m▀[0m[38;2;9;14;20m[48;2;7;15;24m▀[0m[38;2;10;12;16m[48;2;9;12;17m▀[0m[38;2;10;12;15m[48;2;9;11;15m▀[0m[38;2;8;10;12m[48;2;9;11;13m▀[0m[38;2;8;9;11m[48;2;8;10;12m▀[0m
[38;2;17;21;25m[48;2;17;22;26m▀[0m[38;2;18;23;27m[48;2;19;24;28m▀[0m[38;2;19;24;29m[48;2;20;26;30m▀[0m[38;2;21;27;32m[48;2;22;28;34m▀[0m[38;2;23;29;36m[48;2;24;31;39m▀[0m[38;2;25;34;42m[48;2;29;39;48m▀[0m[38;2;34;47;59m[48;2;45;66;83m▀[0m[38;2;74;102;125m[48;2;145;170;191m▀[0m[38;2;190;207;223m[48;2;202;215;227m▀[0m[38;2;201;216;227m[48;2;204;216;227m▀[0m[38;2;213;225;234m[48;2;209;220;230m▀[0m[38;2;207;218;228m[48;2;197;211;221m▀[0m[38;2;199;211;222m[48;2;198;211;222m▀[0m[38;2;197;211;223m[48;2;200;212;222m▀[0m[38;2;192;206;219m[48;2;216;226;234m▀[0m[38;2;205;216;226m[48;2;213;223;231m▀[0m[38;2;194;206;216m[48;2;202;213;221m▀[0m[38;2;192;205;217m[48;2;185;197;208m▀[0m[38;2;176;188;200m[48;2;191;203;213m▀[0m[38;2;194;205;213m[48;2;195;206;215m▀[0m[38;2;180;198;211m[48;2;161;180;196m▀[0m[38;2;71;147;184m[48;2;121;156;180m▀[0m[38;2;161;183;197m[48;2;61;130;173m▀[0m[38;2;175;185;195m[48;2;138;179;202m▀[0m[38;2;178;189;200m[48;2;188;197;207m▀[0m[38;2;178;190;202m[48;2;188;198;207m▀[0m[38;2;169;181;192m[48;2;192;201;209m▀[0m[38;2;197;206;215m[48;2;181;191;201m▀[0m[38;2;200;208;217m[48;2;183;193;202m▀[0m[38;2;203;211;219m[48;2;183;192;201m▀[0m[38;2;206;213;221m[48;2;188;196;205m▀[0m[38;2;205;212;220m[48;2;196;204;212m▀[0m[38;2;205;213;220m[48;2;194;202;211m▀[0m[38;2;199;208;216m[48;2;191;200;208m▀[0m[38;2;190;199;208m[48;2;182;191;201m▀[0m[38;2;192;201;210m[48;2;186;196;205m▀[0m[38;2;191;200;210m[48;2;196;205;214m▀[0m[38;2;177;186;196m[48;2;188;197;207m▀[0m[38;2;156;166;178m[48;2;171;181;192m▀[0m[38;2;134;145;156m[48;2;154;165;176m▀[0m[38;2;136;146;158m[48;2;158;168;180m▀[0m[38;2;150;161;173m[48;2;140;151;164m▀[0m[38;2;175;185;195m[48;2;148;158;169m▀[0m[38;2;145;157;170m[48;2;144;154;165m▀[0m[38;2;133;146;160m[48;2;166;175;186m▀[0m[38;2;162;171;181m[48;2;207;212;219m▀[0m[38;2;149;156;163m[48;2;121;125;132m▀[0m[38;2;116;124;134m[48;2;104;113;121m▀[0m[38;2;52;63;74m[48;2;72;81;94m▀[0m[38;2;30;42;54m[48;2;56;67;79m▀[0m[38;2;35;48;61m[48;2;28;41;54m▀[0m[38;2;83;92;103m[48;2;38;51;64m▀[0m[38;2;14;26;37m[48;2;18;32;45m▀[0m[38;2;25;39;52m[48;2;18;34;47m▀[0m[38;2;32;48;62m[48;2;17;33;46m▀[0m[38;2;21;38;54m[48;2;16;33;48m▀[0m[38;2;8;22;33m[48;2;14;32;46m▀[0m[38;2;8;13;19m[48;2;7;15;23m▀[0m[38;2;9;12;16m[48;2;9;12;17m▀[0m[38;2;9;11;14m[48;2;9;11;14m▀[0m[38;2;8;10;12m[48;2;8;10;12m▀[0m[38;2;7;9;11m[48;2;7;9;11m▀[0m
[38;2;18;22;27m[48;2;18;23;28m▀[0m[38;2;20;24;29m[48;2;20;25;30m▀[0m[38;2;21;26;32m[48;2;22;27;33m▀[0m[38;2;23;29;36m[48;2;23;30;38m▀[0m[38;2;25;33;42m[48;2;27;37;46m▀[0m[38;2;34;47;58m[48;2;42;60;76m▀[0m[38;2;75;104;127m[48;2;131;161;184m▀[0m[38;2;199;215;228m[48;2;209;221;232m▀[0m[38;2;206;218;229m[48;2;196;211;224m▀[0m[38;2;194;209;222m[48;2;167;187;205m▀[0m[38;2;178;197;213m[48;2;180;197;211m▀[0m[38;2;210;220;229m[48;2;220;228;235m▀[0m[38;2;191;203;214m[48;2;202;213;222m▀[0m[38;2;209;219;228m[48;2;219;228;235m▀[0m[38;2;214;223;231m[48;2;214;223;230m▀[0m[38;2;212;220;229m[48;2;204;214;222m▀[0m[38;2;204;214;222m[48;2;198;209;218m▀[0m[38;2;202;213;222m[48;2;188;199;209m▀[0m[38;2;192;203;212m[48;2;178;196;211m▀[0m[38;2;170;190;207m[48;2;165;190;210m▀[0m[38;2;145;172;192m[48;2;167;185;204m▀[0m[38;2;190;202;213m[48;2;191;206;219m▀[0m[38;2;67;155;195m[48;2;191;213;225m▀[0m[38;2;37;147;197m[48;2;36;195;233m▀[0m[38;2;192;209;218m[48;2;191;215;221m▀[0m[38;2;192;201;209m[48;2;176;185;194m▀[0m[38;2;181;190;201m[48;2;164;175;186m▀[0m[38;2;182;192;202m[48;2;195;203;212m▀[0m[38;2;186;196;205m[48;2;197;205;213m▀[0m[38;2;170;180;191m[48;2;189;197;206m▀[0m[38;2;155;167;180m[48;2;172;183;193m▀[0m[38;2;188;197;206m[48;2;180;189;199m▀[0m[38;2;203;211;219m[48;2;197;205;213m▀[0m[38;2;192;201;209m[48;2;190;199;208m▀[0m[38;2;177;186;197m[48;2;178;188;197m▀[0m[38;2;196;204;213m[48;2;179;189;199m▀[0m[38;2;190;199;209m[48;2;183;192;202m▀[0m[38;2;180;190;200m[48;2;156;167;180m▀[0m[38;2;171;181;193m[48;2;146;157;169m▀[0m[38;2;156;167;180m[48;2;112;125;138m▀[0m[38;2;111;124;138m[48;2;80;96;109m▀[0m[38;2;84;100;115m[48;2;100;116;130m▀[0m[38;2;95;111;124m[48;2;96;114;130m▀[0m[38;2;70;83;97m[48;2;119;133;149m▀[0m[38;2;81;92;103m[48;2;113;128;141m▀[0m[38;2;53;59;67m[48;2;86;99;112m▀[0m[38;2;51;56;64m[48;2;60;71;82m▀[0m[38;2;76;87;98m[48;2;55;66;76m▀[0m[38;2;65;77;89m[48;2;24;36;49m▀[0m[38;2;59;70;82m[48;2;62;76;91m▀[0m[38;2;18;31;43m[48;2;27;40;54m▀[0m[38;2;20;34;47m[48;2;18;32;44m▀[0m[38;2;32;47;60m[48;2;31;44;58m▀[0m[38;2;16;32;45m[48;2;21;36;50m▀[0m[38;2;19;35;50m[48;2;17;32;46m▀[0m[38;2;17;34;48m[48;2;23;42;59m▀[0m[38;2;19;36;52m[48;2;21;40;56m▀[0m[38;2;8;21;32m[48;2;14;33;47m▀[0m[38;2;8;13;19m[48;2;7;14;22m▀[0m[38;2;9;11;15m[48;2;9;12;16m▀[0m[38;2;9;10;13m[48;2;8;10;13m▀[0m[38;2;8;9;12m[48;2;8;10;12m▀[0m
[38;2;19;23;28m[48;2;19;24;30m▀[0m[38;2;21;26;31m[48;2;21;27;32m▀[0m[38;2;23;29;35m[48;2;24;30;36m▀[0m[38;2;25;32;40m[48;2;26;34;43m▀[0m[38;2;30;42;53m[48;2;35;50;63m▀[0m[38;2;60;86;106m[48;2;92;123;146m▀[0m[38;2;183;203;220m[48;2;203;216;228m▀[0m[38;2;197;211;223m[48;2;206;218;228m▀[0m[38;2;201;215;228m[48;2;177;197;215m▀[0m[38;2;173;195;214m[48;2;148;177;203m▀[0m[38;2;196;210;223m[48;2;189;203;214m▀[0m[38;2;208;218;226m[48;2;202;215;227m▀[0m[38;2;208;218;227m[48;2;195;209;222m▀[0m[38;2;211;220;228m[48;2;208;219;228m▀[0m[38;2;217;225;232m[48;2;203;213;223m▀[0m[38;2;208;217;225m[48;2;188;206;219m▀[0m[38;2;194;204;215m[48;2;141;182;206m▀[0m[38;2;147;180;202m[48;2;140;170;193m▀[0m[38;2;153;184;205m[48;2;189;203;215m▀[0m[38;2;177;192;207m[48;2;184;199;213m▀[0m[38;2;169;188;205m[48;2;193;207;220m▀[0m[38;2;170;189;205m[48;2;184;198;212m▀[0m[38;2;166;189;207m[48;2;165;191;211m▀[0m[38;2;119;229;243m[48;2;69;228;245m▀[0m[38;2;203;215;220m[48;2;119;182;208m▀[0m[38;2;178;187;198m[48;2;177;187;196m▀[0m[38;2;183;193;202m[48;2;181;190;200m▀[0m[38;2;181;190;200m[48;2;186;194;203m▀[0m[38;2;188;197;206m[48;2;189;197;205m▀[0m[38;2;199;206;215m[48;2;206;212;219m▀[0m[38;2;191;199;207m[48;2;211;217;222m▀[0m[38;2;197;204;212m[48;2;178;182;187m▀[0m[38;2;190;198;207m[48;2;163;171;180m▀[0m[38;2;185;193;203m[48;2;173;182;192m▀[0m[38;2;168;177;188m[48;2;161;171;182m▀[0m[38;2;142;153;165m[48;2;139;151;162m▀[0m[38;2;127;138;151m[48;2;139;150;163m▀[0m[38;2;132;144;156m[48;2;129;141;154m▀[0m[38;2;106;119;132m[48;2;106;119;133m▀[0m[38;2;111;122;136m[48;2;117;130;142m▀[0m[38;2;101;115;127m[48;2;107;122;137m▀[0m[38;2;123;133;142m[48;2;108;121;135m▀[0m[38;2;85;100;114m[48;2;97;109;123m▀[0m[38;2;103;117;133m[48;2;85;103;118m▀[0m[38;2;107;122;137m[48;2;107;124;139m▀[0m[38;2;107;121;135m[48;2;100;115;131m▀[0m[38;2;74;86;100m[48;2;92;106;122m▀[0m[38;2;58;68;80m[48;2;67;80;93m▀[0m[38;2;19;33;45m[48;2;92;102;113m▀[0m[38;2;59;76;93m[48;2;73;85;97m▀[0m[38;2;45;59;73m[48;2;17;33;46m▀[0m[38;2;17;32;46m[48;2;28;43;58m▀[0m[38;2;17;32;46m[48;2;23;40;56m▀[0m[38;2;22;38;54m[48;2;27;44;62m▀[0m[38;2;19;36;50m[48;2;24;43;59m▀[0m[38;2;17;33;48m[48;2;12;28;41m▀[0m[38;2;14;28;41m[48;2;9;19;29m▀[0m[38;2;22;41;59m[48;2;16;33;47m▀[0m[38;2;6;19;28m[48;2;11;27;40m▀[0m[38;2;8;12;18m[48;2;7;13;19m▀[0m[38;2;8;11;14m[48;2;9;11;15m▀[0m[38;2;8;10;12m[48;2;8;10;12m▀[0m[38;2;7;9;11m▄[0m
[38;2;19;24;30m[48;2;20;25;31m▀[0m[38;2;22;27;34m[48;2;23;29;35m▀[0m[38;2;24;31;39m[48;2;24;32;40m▀[0m[38;2;28;38;48m[48;2;29;42;53m▀[0m[38;2;42;61;78m[48;2;53;77;97m▀[0m[38;2;133;162;184m[48;2;168;192;211m▀[0m[38;2;205;217;228m[48;2;201;214;225m▀[0m[38;2;205;217;229m[48;2;175;194;209m▀[0m[38;2;170;191;209m[48;2;167;187;204m▀[0m[38;2;158;178;198m[48;2;111;144;172m▀[0m[38;2;169;189;208m[48;2;170;193;214m▀[0m[38;2;195;210;223m[48;2;188;205;222m▀[0m[38;2;154;179;204m[48;2;146;178;204m▀[0m[38;2;187;201;215m[48;2;170;192;212m▀[0m[38;2;180;200;215m[48;2;183;199;215m▀[0m[38;2;180;203;219m[48;2;203;213;224m▀[0m[38;2;185;196;207m[48;2;180;192;205m▀[0m[38;2;184;198;210m[48;2;203;214;224m▀[0m[38;2;206;216;225m[48;2;208;218;227m▀[0m[38;2;190;203;215m[48;2;205;214;223m▀[0m[38;2;195;207;218m[48;2;197;214;225m▀[0m[38;2;199;209;218m[48;2;147;189;213m▀[0m[38;2;173;192;205m[48;2;47;123;167m▀[0m[38;2;58;196;226m[48;2;51;135;177m▀[0m[38;2;49;198;230m[48;2;157;244;247m▀[0m[38;2;140;167;185m[48;2;99;207;227m▀[0m[38;2;115;136;153m[48;2;58;100;130m▀[0m[38;2;153;166;178m[48;2;29;71;101m▀[0m[38;2;166;172;180m[48;2;164;180;189m▀[0m[38;2;195;198;204m[48;2;180;187;196m▀[0m[38;2;122;125;131m[48;2;114;123;132m▀[0m[38;2;145;154;162m[48;2;146;156;167m▀[0m[38;2;154;163;173m[48;2;143;155;168m▀[0m[38;2;171;181;192m[48;2;152;163;175m▀[0m[38;2;149;160;172m[48;2;125;137;151m▀[0m[38;2;134;146;158m[48;2;123;135;150m▀[0m[38;2;137;150;163m[48;2;145;158;171m▀[0m[38;2;132;145;158m[48;2;147;159;171m▀[0m[38;2;81;96;110m[48;2;127;139;152m▀[0m[38;2;100;114;127m[48;2;104;117;133m▀[0m[38;2;140;146;156m[48;2;100;114;127m▀[0m[38;2;77;90;101m[48;2;85;101;115m▀[0m[38;2;98;115;132m[48;2;76;95;114m▀[0m[38;2;78;95;111m[48;2;63;86;105m▀[0m[38;2;109;127;143m[48;2;82;102;120m▀[0m[38;2;95;111;127m[48;2;101;118;135m▀[0m[38;2;86;102;117m[48;2;93;106;121m▀[0m[38;2;65;78;92m[48;2;63;75;87m▀[0m[38;2;126;136;148m[48;2;122;132;143m▀[0m[38;2;47;59;71m[48;2;165;173;181m▀[0m[38;2;41;53;64m[48;2;95;105;118m▀[0m[38;2;40;54;68m[48;2;95;105;115m▀[0m[38;2;27;44;59m[48;2;20;36;51m▀[0m[38;2;24;42;59m[48;2;20;37;51m▀[0m[38;2;27;47;64m[48;2;24;42;59m▀[0m[38;2;18;33;49m[48;2;22;40;57m▀[0m[38;2;6;13;23m[48;2;9;19;30m▀[0m[38;2;17;34;49m[48;2;18;36;50m▀[0m[38;2;14;32;48m[48;2;17;37;53m▀[0m[38;2;7;15;22m[48;2;6;17;26m▀[0m[38;2;9;12;16m[48;2;8;12;17m▀[0m[38;2;9;11;13m[48;2;9;11;14m▀[0m[38;2;7;9;11m[48;2;8;9;11m▀[0m
[38;2;20;26;31m[48;2;21;26;31m▀[0m[38;2;23;29;36m[48;2;24;30;37m▀[0m[38;2;26;34;42m[48;2;27;35;45m▀[0m[38;2;32;46;58m[48;2;35;50;63m▀[0m[38;2;74;101;125m[48;2;88;118;142m▀[0m[38;2;198;215;228m[48;2;206;220;232m▀[0m[38;2;213;223;231m[48;2;221;230;235m▀[0m[38;2;167;187;205m[48;2;174;193;211m▀[0m[38;2;157;181;203m[48;2;198;213;226m▀[0m[38;2;134;166;193m[48;2;162;185;206m▀[0m[38;2;177;198;217m[48;2;152;177;200m▀[0m[38;2;205;217;230m[48;2;132;163;192m▀[0m[38;2;174;196;218m[48;2;173;194;212m▀[0m[38;2;167;190;213m[48;2;157;179;201m▀[0m[38;2;184;200;215m[48;2;132;149;166m▀[0m[38;2;179;192;204m[48;2;129;144;158m▀[0m[38;2;183;195;207m[48;2;202;211;220m▀[0m[38;2;198;208;217m[48;2;194;217;227m▀[0m[38;2;191;207;218m[48;2;66;168;209m▀[0m[38;2;71;148;189m[48;2;70;138;176m▀[0m[38;2;90;184;218m[48;2;132;159;179m▀[0m[38;2;95;175;210m[48;2;124;152;177m▀[0m[38;2;96;156;188m[48;2;117;149;174m▀[0m[38;2;131;159;182m[48;2;135;165;189m▀[0m[38;2;122;194;214m[48;2;129;160;185m▀[0m[38;2;69;201;227m[48;2;179;196;210m▀[0m[38;2;28;146;195m[48;2;137;196;216m▀[0m[38;2;13;75;117m[48;2;9;123;169m▀[0m[38;2;82;117;145m[48;2;6;40;71m▀[0m[38;2;126;152;172m[48;2;70;115;150m▀[0m[38;2;129;141;151m[48;2;111;146;170m▀[0m[38;2;152;164;176m[48;2;124;140;155m▀[0m[38;2;139;152;164m[48;2;140;154;167m▀[0m[38;2;124;136;151m[48;2;151;164;178m▀[0m[38;2;122;134;147m[48;2;160;174;187m▀[0m[38;2;132;143;156m[48;2;151;163;178m▀[0m[38;2;141;153;167m[48;2;152;164;177m▀[0m[38;2;148;160;172m[48;2;159;170;182m▀[0m[38;2;120;132;145m[48;2;81;96;109m▀[0m[38;2;97;114;130m[48;2;100;117;133m▀[0m[38;2;107;122;137m[48;2;110;128;143m▀[0m[38;2;107;123;139m[48;2;82;105;122m▀[0m[38;2;63;81;97m[48;2;62;84;103m▀[0m[38;2;49;74;93m[48;2;84;104;122m▀[0m[38;2;66;87;104m[48;2;107;122;139m▀[0m[38;2;98;114;132m[48;2;107;122;139m▀[0m[38;2;93;107;123m[48;2;96;111;127m▀[0m[38;2;59;71;83m[48;2;112;124;137m▀[0m[38;2;113;121;132m[48;2;77;89;103m▀[0m[38;2;72;85;97m[48;2;32;45;58m▀[0m[38;2;31;45;60m[48;2;15;29;42m▀[0m[38;2;32;46;59m[48;2;18;34;47m▀[0m[38;2;23;40;55m[48;2;17;33;46m▀[0m[38;2;20;37;51m[48;2;14;27;39m▀[0m[38;2;21;38;54m[48;2;18;34;49m▀[0m[38;2;28;50;71m[48;2;27;48;67m▀[0m[38;2;21;40;56m[48;2;20;37;53m▀[0m[38;2;19;38;54m[48;2;16;33;48m▀[0m[38;2;18;38;54m[48;2;17;36;51m▀[0m[38;2;7;20;32m[48;2;9;26;39m▀[0m[38;2;7;12;18m[48;2;7;12;19m▀[0m[38;2;8;11;14m[48;2;9;11;15m▀[0m[38;2;8;10;12m[48;2;8;10;12m▀[0m
[38;2;21;27;32m[48;2;22;28;34m▀[0m[38;2;25;32;38m[48;2;25;32;39m▀[0m[38;2;27;37;46m[48;2;28;38;48m▀[0m[38;2;37;55;70m[48;2;40;59;76m▀[0m[38;2;108;140;165m[48;2;125;154;177m▀[0m[38;2;209;222;233m[48;2;210;222;233m▀[0m[38;2;202;215;226m[48;2;196;209;221m▀[0m[38;2;190;205;219m[48;2;202;215;225m▀[0m[38;2;173;192;210m[48;2;175;194;212m▀[0m[38;2;144;171;195m[48;2;177;198;218m▀[0m[38;2;136;166;194m[48;2;162;186;209m▀[0m[38;2;143;173;200m[48;2;165;189;213m▀[0m[38;2;127;158;186m[48;2;108;142;170m▀[0m[38;2;104;139;169m[48;2;61;104;138m▀[0m[38;2;111;143;171m[48;2;120;151;177m▀[0m[38;2;132;159;182m[48;2;136;163;186m▀[0m[38;2;41;115;161m[48;2;138;174;198m▀[0m[38;2;144;217;236m[48;2;177;195;212m▀[0m[38;2;150;188;209m[48;2;130;156;176m▀[0m[38;2;158;178;196m[48;2;132;158;179m▀[0m[38;2;124;154;178m[48;2;146;170;191m▀[0m[38;2;114;147;174m[48;2;129;159;181m▀[0m[38;2;131;161;184m[48;2;117;149;175m▀[0m[38;2;147;175;197m[48;2;136;164;187m▀[0m[38;2;149;176;198m[48;2;134;166;192m▀[0m[38;2;120;151;175m[48;2;147;174;195m▀[0m[38;2;148;168;185m[48;2;161;183;201m▀[0m[38;2;27;108;149m[48;2;156;176;192m▀[0m[38;2;6;100;153m[48;2;133;204;231m▀[0m[38;2;13;95;144m[48;2;62;169;217m▀[0m[38;2;55;142;189m[48;2;86;162;203m▀[0m[38;2;64;142;188m[48;2;17;122;179m▀[0m[38;2;53;129;170m[48;2;9;86;137m▀[0m[38;2;125;160;183m[48;2;65;146;191m▀[0m[38;2;171;181;192m[48;2;218;224;229m▀[0m[38;2;174;184;194m[48;2;217;222;228m▀[0m[38;2;167;176;187m[48;2;101;114;125m▀[0m[38;2;113;125;138m[48;2;72;88;102m▀[0m[38;2;127;138;150m[48;2;142;151;158m▀[0m[38;2;159;170;182m[48;2;123;134;146m▀[0m[38;2;135;150;166m[48;2;145;157;169m▀[0m[38;2;94;115;130m[48;2;117;130;143m▀[0m[38;2;94;109;125m[48;2;62;81;98m▀[0m[38;2;85;102;120m[48;2;60;79;96m▀[0m[38;2;83;99;114m[48;2;86;104;121m▀[0m[38;2;87;103;119m[48;2;120;138;155m▀[0m[38;2;75;90;106m[48;2;56;71;86m▀[0m[38;2;70;83;98m[48;2;30;44;57m▀[0m[38;2;44;58;71m[48;2;36;49;63m▀[0m[38;2;21;36;50m[48;2;22;37;50m▀[0m[38;2;15;30;42m[48;2;19;34;47m▀[0m[38;2;10;25;38m[48;2;14;30;44m▀[0m[38;2;11;25;36m[48;2;15;29;43m▀[0m[38;2;9;20;31m[48;2;2;6;14m▀[0m[38;2;14;27;41m[48;2;15;28;41m▀[0m[38;2;24;43;60m[48;2;25;44;62m▀[0m[38;2;13;29;43m[48;2;20;38;54m▀[0m[38;2;17;36;50m[48;2;13;29;43m▀[0m[38;2;19;38;54m[48;2;24;45;63m▀[0m[38;2;12;31;45m[48;2;13;33;48m▀[0m[38;2;7;13;20m[48;2;7;14;21m▀[0m[38;2;9;11;15m[48;2;8;11;15m▀[0m[38;2;8;10;13m[48;2;8;10;13m▀[0m
[38;2;22;28;34m[48;2;22;28;34m▀[0m[38;2;25;32;40m[48;2;25;32;39m▀[0m[38;2;28;38;48m[48;2;28;39;49m▀[0m[38;2;42;62;79m[48;2;42;62;79m▀[0m[38;2;135;163;186m[48;2;139;166;188m▀[0m[38;2;212;224;234m[48;2;208;220;231m▀[0m[38;2;208;219;229m[48;2;207;218;228m▀[0m[38;2;199;211;222m[48;2;176;191;206m▀[0m[38;2;201;214;225m[48;2;195;208;218m▀[0m[38;2;196;212;229m[48;2;195;209;223m▀[0m[38;2;170;193;214m[48;2;142;169;193m▀[0m[38;2;135;165;191m[48;2;96;134;164m▀[0m[38;2;83;124;156m[48;2;105;138;166m▀[0m[38;2;108;141;169m[48;2;155;176;196m▀[0m[38;2;137;162;184m[48;2;102;134;161m▀[0m[38;2;163;181;199m[48;2;162;179;194m▀[0m[38;2;144;164;183m[48;2;148;164;179m▀[0m[38;2;183;198;212m[48;2;165;181;196m▀[0m[38;2;172;189;204m[48;2;175;192;207m▀[0m[38;2;161;180;198m[48;2;175;191;207m▀[0m[38;2;155;178;198m[48;2;177;194;209m▀[0m[38;2;148;173;194m[48;2;164;185;204m▀[0m[38;2;151;176;197m[48;2;144;170;191m▀[0m[38;2;132;162;185m[48;2;93;133;164m▀[0m[38;2;120;152;177m[48;2;104;140;167m▀[0m[38;2;155;181;202m[48;2;100;137;166m▀[0m[38;2;163;188;209m[48;2;132;163;187m▀[0m[38;2;163;187;207m[48;2;125;155;180m▀[0m[38;2;155;172;189m[48;2;99;134;160m▀[0m[38;2;160;177;193m[48;2;144;167;187m▀[0m[38;2;148;164;178m[48;2;182;197;210m▀[0m[38;2;75;97;118m[48;2;206;214;220m▀[0m[38;2;33;69;101m[48;2;88;107;124m▀[0m[38;2;44;97;136m[48;2;2;33;63m▀[0m[38;2;157;182;199m[48;2;54;139;179m▀[0m[38;2;179;190;201m[48;2;69;108;137m▀[0m[38;2;81;95;109m[48;2;95;120;140m▀[0m[38;2;164;174;185m[48;2;141;150;160m▀[0m[38;2;100;108;120m[48;2;80;89;99m▀[0m[38;2;117;130;143m[48;2;129;143;158m▀[0m[38;2;128;142;156m[48;2;136;152;169m▀[0m[38;2;94;111;126m[48;2;95;110;128m▀[0m[38;2;51;70;87m[48;2;73;92;109m▀[0m[38;2;61;79;96m[48;2;50;66;79m▀[0m[38;2;93;109;126m[48;2;96;111;127m▀[0m[38;2;117;131;146m[48;2;64;78;92m▀[0m[38;2;57;70;83m[48;2;55;68;82m▀[0m[38;2;30;46;59m[48;2;25;41;57m▀[0m[38;2;21;37;51m[48;2;26;43;58m▀[0m[38;2;23;39;53m[48;2;28;46;60m▀[0m[38;2;24;40;54m[48;2;25;42;55m▀[0m[38;2;19;35;49m[48;2;14;29;41m▀[0m[38;2;18;34;49m[48;2;6;18;28m▀[0m[38;2;7;20;30m[48;2;14;29;42m▀[0m[38;2;16;31;44m[48;2;18;34;48m▀[0m[38;2;26;45;61m[48;2;23;41;57m▀[0m[38;2;23;43;61m[48;2;22;38;52m▀[0m[38;2;17;34;49m[48;2;12;23;34m▀[0m[38;2;25;44;61m[48;2;24;45;62m▀[0m[38;2;18;39;55m[48;2;18;39;55m▀[0m[38;2;6;14;23m[48;2;6;15;23m▀[0m[38;2;8;11;15m[48;2;8;11;15m▀[0m[38;2;8;10;13m[48;2;8;10;13m▀[0m[38;2;7;8;11m▀[0m
[38;2;22;27;33m[48;2;22;27;33m▀[0m[38;2;24;32;39m[48;2;24;31;38m▀[0m[38;2;28;39;48m[48;2;28;38;47m▀[0m[38;2;41;61;78m[48;2;40;59;76m▀[0m[38;2;137;165;187m[48;2;130;158;181m▀[0m[38;2;212;223;233m[48;2;214;225;234m▀[0m[38;2;205;216;226m[48;2;207;218;228m▀[0m[38;2;189;201;213m[48;2;197;208;219m▀[0m[38;2;191;204;215m[48;2;131;154;173m▀[0m[38;2;197;209;219m[48;2;129;151;172m▀[0m[38;2;151;172;193m[48;2;183;196;208m▀[0m[38;2;147;171;193m[48;2;163;179;195m▀[0m[38;2;116;144;169m[48;2;151;170;189m▀[0m[38;2;110;140;165m[48;2;159;174;188m▀[0m[38;2;130;153;174m[48;2;190;199;209m▀[0m[38;2;177;189;201m[48;2;179;191;202m▀[0m[38;2;171;184;197m[48;2;178;190;202m▀[0m[38;2;180;196;208m[48;2;182;193;206m▀[0m[38;2;172;188;203m[48;2;179;193;204m▀[0m[38;2;176;191;206m[48;2;187;199;210m▀[0m[38;2;173;189;204m[48;2;183;196;207m▀[0m[38;2;153;173;191m[48;2;196;206;217m▀[0m[38;2;149;172;191m[48;2;182;194;208m▀[0m[38;2;120;152;176m[48;2;165;183;199m▀[0m[38;2;91;130;159m[48;2;122;154;180m▀[0m[38;2;89;129;158m[48;2;105;142;169m▀[0m[38;2;117;152;179m[48;2;139;166;189m▀[0m[38;2;110;144;170m[48;2;148;173;193m▀[0m[38;2;114;145;171m[48;2;161;180;197m▀[0m[38;2;178;194;208m[48;2;129;153;174m▀[0m[38;2;141;161;180m[48;2;143;166;187m▀[0m[38;2;190;200;211m[48;2;177;193;207m▀[0m[38;2;116;139;155m[48;2;189;199;207m▀[0m[38;2;9;43;72m[48;2;18;59;91m▀[0m[38;2;6;89;140m[48;2;2;11;26m▀[0m[38;2;34;82;115m[48;2;3;21;44m▀[0m[38;2;166;183;196m[48;2;168;177;183m▀[0m[38;2;164;172;182m[48;2;161;180;192m▀[0m[38;2;46;57;67m[48;2;74;89;104m▀[0m[38;2;104;116;131m[48;2;92;105;116m▀[0m[38;2;96;110;125m[48;2;70;81;95m▀[0m[38;2;92;107;122m[48;2;96;109;123m▀[0m[38;2;87;103;118m[48;2;144;155;167m▀[0m[38;2;81;96;112m[48;2;136;147;158m▀[0m[38;2;125;135;148m[48;2;163;170;179m▀[0m[38;2;92;102;111m[48;2;36;47;59m▀[0m[38;2;84;95;108m[48;2;37;50;64m▀[0m[38;2;23;39;53m[48;2;25;40;54m▀[0m[38;2;25;42;56m[48;2;17;32;45m▀[0m[38;2;24;42;57m[48;2;18;34;47m▀[0m[38;2;21;38;52m[48;2;21;36;49m▀[0m[38;2;12;26;39m[48;2;15;29;42m▀[0m[38;2;7;19;29m[48;2;16;30;43m▀[0m[38;2;17;32;45m[48;2;17;32;45m▀[0m[38;2;25;43;58m[48;2;25;43;57m▀[0m[38;2;20;36;49m[48;2;26;44;59m▀[0m[38;2;22;38;54m[48;2;22;40;55m▀[0m[38;2;18;33;47m[48;2;12;22;33m▀[0m[38;2;29;51;70m[48;2;31;53;73m▀[0m[38;2;20;41;59m[48;2;19;40;57m▀[0m[38;2;6;15;24m[48;2;6;15;23m▀[0m[38;2;8;11;16m[48;2;8;11;16m▀[0m[38;2;8;10;13m[48;2;8;10;13m▀[0m[38;2;7;9;11m[48;2;7;9;11m▀[0m
[38;2;22;27;33m[48;2;21;26;32m▀[0m[38;2;24;31;38m[48;2;24;30;37m▀[0m[38;2;27;37;45m[48;2;26;35;44m▀[0m[38;2;37;55;71m[48;2;35;51;65m▀[0m[38;2;116;145;169m[48;2;95;126;150m▀[0m[38;2;211;224;233m[48;2;208;220;231m▀[0m[38;2;201;213;224m[48;2;198;211;221m▀[0m[38;2;211;221;230m[48;2;215;223;232m▀[0m[38;2;128;151;171m[48;2;167;182;197m▀[0m[38;2;113;138;162m[48;2;146;168;186m▀[0m[38;2;162;179;194m[48;2;177;192;207m▀[0m[38;2;183;196;209m[48;2;174;184;193m▀[0m[38;2;160;171;184m[48;2;142;155;166m▀[0m[38;2;177;187;197m[48;2;183;192;201m▀[0m[38;2;193;201;211m[48;2;194;203;211m▀[0m[38;2;196;205;214m[48;2;191;200;209m▀[0m[38;2;194;204;214m[48;2;207;215;223m▀[0m[38;2;180;192;204m[48;2;196;206;215m▀[0m[38;2;170;183;196m[48;2;178;190;202m▀[0m[38;2;190;201;212m[48;2;177;187;199m▀[0m[38;2;185;196;207m[48;2;199;209;218m▀[0m[38;2;194;204;213m[48;2;206;215;223m▀[0m[38;2;189;200;210m[48;2;190;200;211m▀[0m[38;2;170;184;198m[48;2;152;166;180m▀[0m[38;2;147;170;189m[48;2;124;145;163m▀[0m[38;2;127;154;176m[48;2;123;145;165m▀[0m[38;2;108;136;159m[48;2;115;139;161m▀[0m[38;2;119;148;170m[48;2;124;146;167m▀[0m[38;2;109;136;159m[48;2;90;116;137m▀[0m[38;2;117;143;164m[48;2;110;134;156m▀[0m[38;2;125;148;170m[48;2;106;132;154m▀[0m[38;2;162;181;199m[48;2;115;141;163m▀[0m[38;2;170;185;199m[48;2;136;158;176m▀[0m[38;2;44;65;82m[48;2;58;90;112m▀[0m[38;2;16;49;77m[48;2;50;74;91m▀[0m[38;2;8;23;42m[48;2;156;168;181m▀[0m[38;2;24;41;61m[48;2;31;40;52m▀[0m[38;2;33;87;124m[48;2;4;29;56m▀[0m[38;2;58;137;182m[48;2;19;100;149m▀[0m[38;2;128;146;161m[48;2;67;172;215m▀[0m[38;2;131;140;150m[48;2;105;155;186m▀[0m[38;2;163;171;181m[48;2;155;177;194m▀[0m[38;2;131;139;149m[48;2;162;174;185m▀[0m[38;2;60;69;80m[48;2;109;119;130m▀[0m[38;2;133;141;150m[48;2;95;104;118m▀[0m[38;2;43;57;71m[48;2;35;47;58m▀[0m[38;2;35;50;63m[48;2;41;55;67m▀[0m[38;2;19;33;46m[48;2;22;37;49m▀[0m[38;2;13;26;38m[48;2;14;29;42m▀[0m[38;2;14;27;39m[48;2;10;22;34m▀[0m[38;2;14;28;39m[48;2;13;27;38m▀[0m[38;2;16;30;42m[48;2;23;38;52m▀[0m[38;2;25;41;56m[48;2;38;58;76m▀[0m[38;2;19;34;47m[48;2;32;50;66m▀[0m[38;2;23;40;54m[48;2;23;40;55m▀[0m[38;2;32;52;70m[48;2;34;55;74m▀[0m[38;2;25;42;57m[48;2;25;43;59m▀[0m[38;2;17;33;48m[48;2;24;45;63m▀[0m[38;2;25;44;61m[48;2;29;50;69m▀[0m[38;2;18;38;55m[48;2;13;32;48m▀[0m[38;2;7;15;22m[48;2;8;14;21m▀[0m[38;2;8;11;16m[48;2;9;11;15m▀[0m[38;2;8;10;13m[48;2;8;10;13m▀[0m[38;2;7;8;11m▀[0m
[38;2;20;25;31m[48;2;19;24;30m▀[0m[38;2;23;29;35m[48;2;23;28;35m▀[0m[38;2;25;34;41m[48;2;24;32;39m▀[0m[38;2;32;46;58m[48;2;29;41;52m▀[0m[38;2;75;104;128m[48;2;57;83;105m▀[0m[38;2;201;216;228m[48;2;184;204;219m▀[0m[38;2;200;212;223m[48;2;211;221;230m▀[0m[38;2;170;185;199m[48;2;179;191;203m▀[0m[38;2;188;199;208m[48;2;187;198;209m▀[0m[38;2;204;214;223m[48;2;212;219;226m▀[0m[38;2;176;193;209m[48;2;215;222;228m▀[0m[38;2;189;199;208m[48;2;202;211;218m▀[0m[38;2;196;205;214m[48;2;200;206;214m▀[0m[38;2;193;202;210m[48;2;207;214;221m▀[0m[38;2;200;208;216m[48;2;192;199;208m▀[0m[38;2;202;209;217m[48;2;205;212;220m▀[0m[38;2;202;211;218m[48;2;200;208;215m▀[0m[38;2;193;202;211m[48;2;193;201;209m▀[0m[38;2;160;174;186m[48;2;171;182;193m▀[0m[38;2;145;158;172m[48;2;166;178;190m▀[0m[38;2;175;186;197m[48;2;168;179;191m▀[0m[38;2;189;198;208m[48;2;180;189;200m▀[0m[38;2;176;187;198m[48;2;148;161;174m▀[0m[38;2;134;149;165m[48;2;140;153;167m▀[0m[38;2;114;132;148m[48;2;142;156;170m▀[0m[38;2;141;158;173m[48;2;153;167;180m▀[0m[38;2;147;163;180m[48;2;145;159;174m▀[0m[38;2;130;149;167m[48;2;141;156;171m▀[0m[38;2;99;121;141m[48;2;135;149;163m▀[0m[38;2;107;129;148m[48;2;135;149;163m▀[0m[38;2;117;137;156m[48;2;110;124;137m▀[0m[38;2;98;123;143m[48;2;74;93;111m▀[0m[38;2;55;79;99m[48;2;68;87;104m▀[0m[38;2;43;71;94m[48;2;77;98;117m▀[0m[38;2;98;124;145m[48;2;109;129;147m▀[0m[38;2;148;169;187m[48;2;143;162;178m▀[0m[38;2;158;178;195m[48;2;161;176;191m▀[0m[38;2;7;73;123m[48;2;54;168;206m▀[0m[38;2;7;109;168m[48;2;63;217;240m▀[0m[38;2;33;214;244m[48;2;101;246;249m▀[0m[38;2;65;203;233m[48;2;113;207;224m▀[0m[38;2;51;104;138m[48;2;30;101;143m▀[0m[38;2;43;76;102m[48;2;25;94;138m▀[0m[38;2;41;65;86m[48;2;27;94;136m▀[0m[38;2;31;47;63m[48;2;36;75;103m▀[0m[38;2;29;44;58m[48;2;33;50;66m▀[0m[38;2;25;40;53m[48;2;26;42;57m▀[0m[38;2;27;42;57m[48;2;31;47;63m▀[0m[38;2;19;33;46m[48;2;25;41;56m▀[0m[38;2;13;27;39m[48;2;19;34;46m▀[0m[38;2;15;29;42m[48;2;22;37;49m▀[0m[38;2;29;45;60m[48;2;28;44;59m▀[0m[38;2;40;60;79m[48;2;40;61;80m▀[0m[38;2;38;61;80m[48;2;40;61;81m▀[0m[38;2;32;52;70m[48;2;30;49;67m▀[0m[38;2;38;60;81m[48;2;29;48;65m▀[0m[38;2;23;41;57m[48;2;14;29;43m▀[0m[38;2;24;45;62m[48;2;24;43;60m▀[0m[38;2;26;47;64m[48;2;23;43;61m▀[0m[38;2;11;27;41m[48;2;8;22;33m▀[0m[38;2;7;13;20m[48;2;8;12;18m▀[0m[38;2;8;11;14m[48;2;8;10;14m▀[0m[38;2;8;10;12m[48;2;8;10;12m▀[0m
[38;2;18;24;29m[48;2;19;23;29m▀[0m[38;2;21;27;33m[48;2;21;27;33m▀[0m[38;2;24;31;38m[48;2;23;29;36m▀[0m[38;2;27;38;48m[48;2;25;34;43m▀[0m[38;2;44;65;83m[48;2;35;52;68m▀[0m[38;2;153;180;200m[48;2;112;141;165m▀[0m[38;2;205;216;226m[48;2;203;214;226m▀[0m[38;2;197;207;217m[48;2;196;206;216m▀[0m[38;2;194;204;214m[48;2;207;216;225m▀[0m[38;2;195;204;213m[48;2;198;206;216m▀[0m[38;2;197;207;217m[48;2;203;211;220m▀[0m[38;2;151;175;193m[48;2;140;166;188m▀[0m[38;2;184;196;208m[48;2;144;170;192m▀[0m[38;2;186;194;201m[48;2;138;151;164m▀[0m[38;2;201;208;216m[48;2;187;196;205m▀[0m[38;2;201;208;216m[48;2;200;207;215m▀[0m[38;2;193;201;209m[48;2;192;198;206m▀[0m[38;2;179;187;196m[48;2;167;176;185m▀[0m[38;2;190;199;208m[48;2;155;165;177m▀[0m[38;2;188;196;205m[48;2;179;187;197m▀[0m[38;2;188;197;207m[48;2;181;190;200m▀[0m[38;2;172;182;193m[48;2;176;184;195m▀[0m[38;2;161;172;184m[48;2;167;177;188m▀[0m[38;2;135;148;161m[48;2;147;158;170m▀[0m[38;2;124;137;152m[48;2;157;168;179m▀[0m[38;2;155;167;180m[48;2;145;156;168m▀[0m[38;2;158;170;181m[48;2;128;140;153m▀[0m[38;2;151;162;175m[48;2;117;131;145m▀[0m[38;2;148;160;173m[48;2;153;164;176m▀[0m[38;2;151;163;177m[48;2;150;162;176m▀[0m[38;2;120;136;154m[48;2;131;145;161m▀[0m[38;2;91;109;128m[48;2;107;125;143m▀[0m[38;2;66;85;102m[48;2;90;109;127m▀[0m[38;2;67;87;106m[48;2;73;94;112m▀[0m[38;2;81;103;122m[48;2;68;88;106m▀[0m[38;2;93;114;133m[48;2;63;82;98m▀[0m[38;2;107;126;144m[48;2;62;81;99m▀[0m[38;2;84;107;126m[48;2;54;73;91m▀[0m[38;2;96;144;168m[48;2;101;138;162m▀[0m[38;2;98;213;232m[48;2;191;202;209m▀[0m[38;2;18;179;230m[48;2;81;151;183m▀[0m[38;2;15;86;131m[48;2;48;153;195m▀[0m[38;2;10;59;95m[48;2;11;111;155m▀[0m[38;2;6;33;59m[48;2;8;76;121m▀[0m[38;2;19;86;129m[48;2;4;52;94m▀[0m[38;2;34;96;136m[48;2;9;64;107m▀[0m[38;2;34;53;70m[48;2;36;75;104m▀[0m[38;2;28;45;61m[48;2;31;48;62m▀[0m[38;2;23;39;53m[48;2;17;31;45m▀[0m[38;2;18;33;46m[48;2;15;30;43m▀[0m[38;2;20;35;48m[48;2;18;33;46m▀[0m[38;2;29;46;61m[48;2;31;48;64m▀[0m[38;2;38;58;76m[48;2;33;50;68m▀[0m[38;2;31;47;63m[48;2;31;50;68m▀[0m[38;2;37;57;76m[48;2;37;59;79m▀[0m[38;2;34;54;72m[48;2;40;64;86m▀[0m[38;2;19;37;52m[48;2;23;42;60m▀[0m[38;2;25;46;63m[48;2;29;50;69m▀[0m[38;2;23;43;62m[48;2;18;38;55m▀[0m[38;2;7;18;27m[48;2;8;15;23m▀[0m[38;2;8;12;17m[48;2;9;12;15m▀[0m[38;2;9;11;14m[48;2;8;10;13m▀[0m[38;2;8;10;12m[48;2;8;10;12m▀[0m
[38;2;18;23;27m[48;2;17;21;26m▀[0m[38;2;20;25;31m[48;2;19;24;29m▀[0m[38;2;22;28;35m[48;2;21;27;33m▀[0m[38;2;25;32;41m[48;2;23;30;38m▀[0m[38;2;30;43;56m[48;2;27;38;48m▀[0m[38;2;68;97;120m[48;2;46;67;86m▀[0m[38;2;192;209;222m[48;2;159;182;202m▀[0m[38;2;197;208;218m[48;2;201;212;221m▀[0m[38;2;215;222;230m[48;2;195;205;215m▀[0m[38;2;206;214;222m[48;2;215;222;228m▀[0m[38;2;213;221;228m[48;2;208;215;222m▀[0m[38;2;178;193;207m[48;2;206;214;222m▀[0m[38;2;140;166;188m[48;2;174;190;207m▀[0m[38;2;172;188;201m[48;2;152;170;186m▀[0m[38;2;138;149;161m[48;2;154;164;174m▀[0m[38;2;181;188;197m[48;2;168;177;184m▀[0m[38;2;171;180;188m[48;2;152;160;170m▀[0m[38;2;151;160;171m[48;2;142;150;160m▀[0m[38;2;156;166;177m[48;2;157;166;176m▀[0m[38;2;151;161;172m[48;2;155;164;174m▀[0m[38;2;152;162;173m[48;2;152;161;173m▀[0m[38;2;170;179;189m[48;2;169;179;190m▀[0m[38;2;167;178;190m[48;2;146;160;174m▀[0m[38;2;163;175;186m[48;2;131;143;154m▀[0m[38;2;146;156;169m[48;2;165;176;187m▀[0m[38;2;142;155;166m[48;2;156;167;179m▀[0m[38;2;124;136;150m[48;2;137;150;162m▀[0m[38;2;112;126;140m[48;2;124;137;151m▀[0m[38;2;153;165;178m[48;2;138;151;164m▀[0m[38;2;147;160;175m[48;2;129;143;158m▀[0m[38;2;137;151;167m[48;2;125;140;156m▀[0m[38;2;123;139;156m[48;2;130;147;164m▀[0m[38;2;120;138;156m[48;2;127;143;160m▀[0m[38;2;85;104;122m[48;2;104;121;138m▀[0m[38;2;75;93;111m[48;2;94;112;129m▀[0m[38;2;69;90;108m[48;2;68;87;105m▀[0m[38;2;39;57;74m[48;2;87;109;128m▀[0m[38;2;47;73;92m[48;2;105;155;177m▀[0m[38;2;157;194;213m[48;2;47;65;79m▀[0m[38;2;77;91;105m[48;2;17;34;48m▀[0m[38;2;47;64;79m[48;2;21;40;54m▀[0m[38;2;47;65;82m[48;2;19;35;48m▀[0m[38;2;50;94;127m[48;2;32;49;64m▀[0m[38;2;10;54;88m[48;2;32;53;73m▀[0m[38;2;6;49;86m[48;2;22;56;84m▀[0m[38;2;4;16;33m[48;2;3;8;21m▀[0m[38;2;6;51;87m[48;2;10;60;99m▀[0m[38;2;39;66;87m[48;2;44;79;108m▀[0m[38;2;25;41;55m[48;2;35;54;70m▀[0m[38;2;21;37;51m[48;2;24;40;55m▀[0m[38;2;25;43;57m[48;2;30;46;61m▀[0m[38;2;28;44;59m[48;2;26;42;57m▀[0m[38;2;36;56;74m[48;2;32;52;70m▀[0m[38;2;35;56;75m[48;2;31;50;68m▀[0m[38;2;39;64;87m[48;2;31;51;71m▀[0m[38;2;37;62;85m[48;2;29;50;69m▀[0m[38;2;26;47;65m[48;2;26;46;64m▀[0m[38;2;30;51;71m[48;2;29;51;71m▀[0m[38;2;12;28;42m[48;2;8;19;30m▀[0m[38;2;8;13;19m[48;2;9;12;17m▀[0m[38;2;9;11;15m[48;2;9;11;14m▀[0m[38;2;8;10;13m[48;2;7;9;12m▀[0m[38;2;8;9;11m[48;2;8;9;11m▀[0m
[38;2;16;21;26m[48;2;15;20;25m▀[0m[38;2;18;23;27m[48;2;17;22;27m▀[0m[38;2;20;25;31m[48;2;18;23;29m▀[0m[38;2;22;28;35m[48;2;20;27;33m▀[0m[38;2;25;33;42m[48;2;22;30;38m▀[0m[38;2;34;49;64m[48;2;28;39;51m▀[0m[38;2;98;128;152m[48;2;51;76;97m▀[0m[38;2;206;216;226m[48;2;168;188;206m▀[0m[38;2;194;204;214m[48;2;203;213;222m▀[0m[38;2;204;212;221m[48;2;197;206;216m▀[0m[38;2;200;208;217m[48;2;179;189;200m▀[0m[38;2;193;202;211m[48;2;188;198;208m▀[0m[38;2;182;194;207m[48;2;175;186;197m▀[0m[38;2;154;172;188m[48;2;149;164;178m▀[0m[38;2;223;228;231m[48;2;132;145;159m▀[0m[38;2;206;211;217m[48;2;150;159;168m▀[0m[38;2;190;196;204m[48;2;145;152;162m▀[0m[38;2;171;178;188m[48;2;178;185;194m▀[0m[38;2;170;178;187m[48;2;188;194;203m▀[0m[38;2;164;172;182m[48;2;179;186;195m▀[0m[38;2;153;163;173m[48;2;160;168;178m▀[0m[38;2;165;174;185m[48;2;170;177;185m▀[0m[38;2;168;177;187m[48;2;156;165;175m▀[0m[38;2;142;153;165m[48;2;138;149;160m▀[0m[38;2;147;158;170m[48;2;114;124;136m▀[0m[38;2;153;164;176m[48;2;134;145;157m▀[0m[38;2;153;164;177m[48;2;132;144;157m▀[0m[38;2;137;149;164m[48;2;129;142;156m▀[0m[38;2;137;149;163m[48;2;147;158;173m▀[0m[38;2;134;147;162m[48;2;130;143;158m▀[0m[38;2;122;138;156m[48;2;125;140;157m▀[0m[38;2;113;131;148m[48;2;104;123;141m▀[0m[38;2;129;145;164m[48;2;93;112;132m▀[0m[38;2;106;123;140m[48;2;52;67;83m▀[0m[38;2;84;100;117m[48;2;34;46;59m▀[0m[38;2;75;92;109m[48;2;49;65;79m▀[0m[38;2;99;124;143m[48;2;57;95;121m▀[0m[38;2;86;120;139m[48;2;22;37;51m▀[0m[38;2;16;31;45m[48;2;21;36;49m▀[0m[38;2;6;22;34m[48;2;18;34;48m▀[0m[38;2;9;23;36m[48;2;10;22;35m▀[0m[38;2;7;17;28m[48;2;11;25;39m▀[0m[38;2;17;33;47m[48;2;16;34;48m▀[0m[38;2;39;59;79m[48;2;29;48;64m▀[0m[38;2;46;66;86m[48;2;33;52;69m▀[0m[38;2;11;30;51m[48;2;26;59;82m▀[0m[38;2;5;56;98m[48;2;8;51;86m▀[0m[38;2;19;77;117m[48;2;13;132;195m▀[0m[38;2;36;65;88m[48;2;42;109;149m▀[0m[38;2;40;59;76m[48;2;50;72;90m▀[0m[38;2;28;44;58m[48;2;42;62;81m▀[0m[38;2;39;59;78m[48;2;39;60;78m▀[0m[38;2;33;52;70m[48;2;23;41;57m▀[0m[38;2;17;31;46m[48;2;19;34;49m▀[0m[38;2;28;48;66m[48;2;37;61;81m▀[0m[38;2;25;45;64m[48;2;22;41;60m▀[0m[38;2;30;52;72m[48;2;32;56;77m▀[0m[38;2;18;38;56m[48;2;9;24;36m▀[0m[38;2;7;15;22m[48;2;9;13;19m▀[0m[38;2;9;12;17m[48;2;9;12;15m▀[0m[38;2;8;11;14m[48;2;8;10;13m▀[0m[38;2;7;9;12m[48;2;7;9;12m▀[0m[38;2;7;9;11m[48;2;7;8;11m▀[0m
[38;2;14;20;24m[48;2;14;19;23m▀[0m[38;2;17;21;26m[48;2;15;20;25m▀[0m[38;2;18;23;28m[48;2;17;22;27m▀[0m[38;2;19;25;31m[48;2;18;24;29m▀[0m[38;2;21;28;35m[48;2;20;26;33m▀[0m[38;2;24;33;42m[48;2;22;29;37m▀[0m[38;2;33;50;65m[48;2;26;37;49m▀[0m[38;2;99;127;151m[48;2;47;70;90m▀[0m[38;2;176;191;205m[48;2;150;174;194m▀[0m[38;2;206;214;224m[48;2;186;199;212m▀[0m[38;2;186;197;207m[48;2;191;201;211m▀[0m[38;2;180;189;201m[48;2;197;206;215m▀[0m[38;2;157;170;183m[48;2;181;191;201m▀[0m[38;2;123;137;152m[48;2;120;137;152m▀[0m[38;2;69;86;101m[48;2;95;114;131m▀[0m[38;2;100;116;133m[48;2;99;120;139m▀[0m[38;2;150;159;169m[48;2;125;144;160m▀[0m[38;2;173;179;189m[48;2;155;163;175m▀[0m[38;2;186;192;200m[48;2;154;163;173m▀[0m[38;2;167;176;185m[48;2;144;153;163m▀[0m[38;2;172;179;188m[48;2;122;130;140m▀[0m[38;2;139;144;154m[48;2;120;129;140m▀[0m[38;2;144;155;167m[48;2;153;163;174m▀[0m[38;2;151;160;172m[48;2;135;145;157m▀[0m[38;2;164;173;184m[48;2;165;175;186m▀[0m[38;2;157;167;179m[48;2;154;165;177m▀[0m[38;2;151;163;175m[48;2;141;155;169m▀[0m[38;2;132;145;158m[48;2;118;133;148m▀[0m[38;2;136;148;163m[48;2;103;116;130m▀[0m[38;2;131;144;159m[48;2;99;111;126m▀[0m[38;2;109;126;144m[48;2;96;110;126m▀[0m[38;2;89;107;125m[48;2;78;93;109m▀[0m[38;2;71;89;106m[48;2;65;79;94m▀[0m[38;2;40;53;66m[48;2;51;63;76m▀[0m[38;2;50;63;75m[48;2;53;66;80m▀[0m[38;2;50;65;80m[48;2;83;117;139m▀[0m[38;2;67;109;131m[48;2;59;90;110m▀[0m[38;2;32;48;63m[48;2;39;56;71m▀[0m[38;2;33;49;65m[48;2;31;47;62m▀[0m[38;2;26;42;57m[48;2;27;44;59m▀[0m[38;2;12;27;40m[48;2;18;33;46m▀[0m[38;2;7;20;32m[48;2;13;28;41m▀[0m[38;2;8;23;36m[48;2;16;31;45m▀[0m[38;2;12;28;41m[48;2;20;37;51m▀[0m[38;2;26;43;58m[48;2;25;42;59m▀[0m[38;2;37;58;76m[48;2;29;47;62m▀[0m[38;2;21;84;116m[48;2;39;67;90m▀[0m[38;2;7;74;118m[48;2;21;75;110m▀[0m[38;2;12;144;202m[48;2;9;57;91m▀[0m[38;2;34;85;121m[48;2;10;56;89m▀[0m[38;2;35;62;86m[48;2;9;30;47m▀[0m[38;2;25;49;69m[48;2;22;44;61m▀[0m[38;2;19;36;50m[48;2;32;51;68m▀[0m[38;2;38;59;81m[48;2;37;58;79m▀[0m[38;2;36;59;80m[48;2;25;45;63m▀[0m[38;2;37;63;86m[48;2;34;59;81m▀[0m[38;2;22;44;63m[48;2;10;24;36m▀[0m[38;2;8;16;25m[48;2;9;14;19m▀[0m[38;2;9;12;17m[48;2;9;12;16m▀[0m[38;2;9;12;15m[48;2;8;11;14m▀[0m[38;2;8;10;12m[48;2;7;9;12m▀[0m[38;2;7;9;11m[48;2;7;9;11m▀[0m
[38;2;13;18;22m[48;2;14;17;21m▀[0m[38;2;15;19;24m[48;2;14;19;23m▀[0m[38;2;16;21;25m[48;2;14;19;24m▀[0m[38;2;17;22;27m[48;2;16;21;25m▀[0m[38;2;19;24;30m[48;2;17;22;27m▀[0m[38;2;20;27;34m[48;2;19;24;30m▀[0m[38;2;22;31;39m[48;2;20;27;34m▀[0m[38;2;31;45;58m[48;2;24;33;43m▀[0m[38;2;74;103;126m[48;2;36;54;70m▀[0m[38;2;178;194;210m[48;2;108;137;160m▀[0m[38;2;170;184;197m[48;2;172;187;202m▀[0m[38;2;175;186;197m[48;2;157;172;187m▀[0m[38;2;175;186;198m[48;2;175;188;199m▀[0m[38;2;153;167;181m[48;2;161;173;185m▀[0m[38;2;148;164;183m[48;2;167;181;193m▀[0m[38;2;113;135;154m[48;2;160;176;192m▀[0m[38;2;103;129;149m[48;2;136;155;174m▀[0m[38;2;118;133;149m[48;2;106;128;147m▀[0m[38;2;157;166;177m[48;2;169;177;187m▀[0m[38;2;129;139;149m[48;2;140;148;160m▀[0m[38;2;141;150;160m[48;2;134;144;155m▀[0m[38;2;134;142;150m[48;2;98;107;116m▀[0m[38;2;136;146;157m[48;2;91;100;111m▀[0m[38;2;117;128;139m[48;2;151;160;171m▀[0m[38;2;120;128;141m[48;2;120;131;144m▀[0m[38;2;137;149;161m[48;2;118;132;146m▀[0m[38;2;132;145;159m[48;2;89;103;117m▀[0m[38;2;115;128;141m[48;2;78;90;104m▀[0m[38;2;110;121;135m[48;2;104;116;128m▀[0m[38;2;90;102;114m[48;2;73;85;99m▀[0m[38;2;104;118;133m[48;2;75;90;105m▀[0m[38;2;79;94;110m[48;2;59;75;90m▀[0m[38;2;63;77;92m[48;2;53;68;82m▀[0m[38;2;51;64;78m[48;2;47;68;86m▀[0m[38;2;47;65;80m[48;2;78;110;132m▀[0m[38;2;77;108;127m[48;2;49;64;80m▀[0m[38;2;36;51;66m[48;2;31;46;61m▀[0m[38;2;30;45;60m[48;2;26;41;56m▀[0m[38;2;28;44;59m[48;2;28;44;59m▀[0m[38;2;27;44;59m[48;2;25;41;55m▀[0m[38;2;22;39;53m[48;2;26;43;57m▀[0m[38;2;22;39;53m[48;2;31;49;66m▀[0m[38;2;28;46;62m[48;2;29;48;64m▀[0m[38;2;26;44;60m[48;2;24;41;55m▀[0m[38;2;21;38;52m[48;2;21;38;52m▀[0m[38;2;25;43;58m[48;2;23;40;55m▀[0m[38;2;40;60;78m[48;2;35;55;73m▀[0m[38;2;33;96;126m[48;2;44;89;113m▀[0m[38;2;6;40;66m[48;2;25;116;150m▀[0m[38;2;8;43;70m[48;2;32;63;88m▀[0m[38;2;10;42;66m[48;2;32;61;84m▀[0m[38;2;26;47;65m[48;2;35;65;89m▀[0m[38;2;33;51;68m[48;2;36;58;78m▀[0m[38;2;32;52;71m[48;2;31;54;75m▀[0m[38;2;34;57;79m[48;2;29;53;74m▀[0m[38;2;18;40;57m[48;2;9;21;30m▀[0m[38;2;9;16;24m[48;2;9;13;19m▀[0m[38;2;9;13;17m[48;2;9;12;16m▀[0m[38;2;9;11;15m[48;2;8;11;14m▀[0m[38;2;8;10;13m[48;2;7;9;13m▀[0m[38;2;7;9;12m[48;2;7;9;11m▀[0m[38;2;7;8;11m▀[0m
[38;2;13;17;21m[48;2;13;15;20m▀[0m[38;2;14;18;22m[48;2;13;17;21m▀[0m[38;2;14;18;23m[48;2;14;18;22m▀[0m[38;2;15;20;24m[48;2;14;18;23m▀[0m[38;2;16;21;26m[48;2;15;20;24m▀[0m[38;2;17;23;27m[48;2;16;21;26m▀[0m[38;2;19;24;30m[48;2;17;22;27m▀[0m[38;2;21;28;35m[48;2;19;24;31m▀[0m[38;2;26;36;46m[48;2;20;28;36m▀[0m[38;2;44;65;84m[48;2;27;38;50m▀[0m[38;2;135;159;180m[48;2;50;73;94m▀[0m[38;2;163;178;193m[48;2;144;167;187m▀[0m[38;2;154;169;184m[48;2;170;185;198m▀[0m[38;2;155;167;180m[48;2;153;168;182m▀[0m[38;2;161;172;183m[48;2;59;74;89m▀[0m[38;2;160;171;185m[48;2;122;135;148m▀[0m[38;2;172;184;195m[48;2;141;154;166m▀[0m[38;2;125;147;164m[48;2;141;152;166m▀[0m[38;2;152;162;173m[48;2;151;160;170m▀[0m[38;2;130;139;150m[48;2;191;196;201m▀[0m[38;2;131;140;151m[48;2;212;215;219m▀[0m[38;2;172;179;187m[48;2;206;211;214m▀[0m[38;2;104;113;123m[48;2;133;140;149m▀[0m[38;2;130;139;151m[48;2;97;108;120m▀[0m[38;2;93;106;120m[48;2;102;114;127m▀[0m[38;2;114;126;141m[48;2;105;117;129m▀[0m[38;2;91;104;117m[48;2;92;102;115m▀[0m[38;2;130;140;151m[48;2;84;95;109m▀[0m[38;2;94;103;115m[48;2;96;107;121m▀[0m[38;2;66;79;92m[48;2;63;75;89m▀[0m[38;2;52;65;79m[48;2;65;77;90m▀[0m[38;2;56;69;83m[48;2;64;76;91m▀[0m[38;2;54;69;83m[48;2;47;63;80m▀[0m[38;2;65;94;114m[48;2;35;52;68m▀[0m[38;2;54;69;85m[48;2;33;48;62m▀[0m[38;2;34;50;65m[48;2;34;49;64m▀[0m[38;2;30;45;59m[48;2;34;49;65m▀[0m[38;2;27;42;55m[48;2;35;50;66m▀[0m[38;2;23;37;50m[48;2;34;49;65m▀[0m[38;2;23;38;51m[48;2;31;48;64m▀[0m[38;2;32;49;65m[48;2;26;42;57m▀[0m[38;2;28;45;60m[48;2;26;42;58m▀[0m[38;2;23;39;53m[48;2;30;48;65m▀[0m[38;2;21;37;52m[48;2;29;48;63m▀[0m[38;2;21;37;52m[48;2;28;45;61m▀[0m[38;2;24;41;56m[48;2;31;50;66m▀[0m[38;2;30;49;65m[48;2;28;47;64m▀[0m[38;2;29;47;64m[48;2;21;37;52m▀[0m[38;2;35;143;169m[48;2;38;67;89m▀[0m[38;2;41;99;132m[48;2;29;90;126m▀[0m[38;2;27;60;86m[48;2;23;57;83m▀[0m[38;2;22;56;82m[48;2;26;55;78m▀[0m[38;2;36;60;81m[48;2;31;55;75m▀[0m[38;2;31;56;77m[48;2;12;30;45m▀[0m[38;2;11;25;37m[48;2;9;15;22m▀[0m[38;2;9;15;21m[48;2;10;13;18m▀[0m[38;2;10;12;16m[48;2;10;12;15m▀[0m[38;2;9;12;15m[48;2;9;11;14m▀[0m[38;2;8;11;13m[48;2;7;10;13m▀[0m[38;2;7;9;13m[48;2;7;9;12m▀[0m[38;2;7;9;11m[48;2;7;8;11m▀[0m
[38;2;13;15;18m[48;2;12;14;18m▀[0m[38;2;13;16;20m[48;2;13;15;19m▀[0m[38;2;13;17;21m[48;2;13;16;20m▀[0m[38;2;13;17;22m[48;2;13;16;20m▀[0m[38;2;13;18;23m[48;2;13;17;22m▀[0m[38;2;14;19;24m[48;2;14;19;23m▀[0m[38;2;15;21;25m[48;2;15;20;24m▀[0m[38;2;17;23;27m[48;2;15;21;25m▀[0m[38;2;18;24;31m[48;2;17;23;27m▀[0m[38;2;21;29;38m[48;2;19;25;31m▀[0m[38;2;27;39;51m[48;2;20;28;37m▀[0m[38;2;52;76;98m[48;2;27;39;51m▀[0m[38;2;136;161;180m[48;2;51;75;97m▀[0m[38;2;151;166;182m[48;2;133;157;178m▀[0m[38;2;149;162;174m[48;2;130;148;165m▀[0m[38;2;164;175;187m[48;2;101;117;132m▀[0m[38;2;147;159;172m[48;2;95;110;126m▀[0m[38;2;133;145;158m[48;2;139;153;168m▀[0m[38;2;77;90;104m[48;2;127;141;155m▀[0m[38;2;90;102;115m[48;2;111;124;139m▀[0m[38;2;113;122;134m[48;2;102;115;130m▀[0m[38;2;105;113;124m[48;2;108;120;133m▀[0m[38;2;162;168;176m[48;2;180;186;193m▀[0m[38;2;145;152;159m[48;2;112;120;129m▀[0m[38;2;74;86;98m[48;2;69;79;91m▀[0m[38;2;81;92;106m[48;2;98;107;114m▀[0m[38;2;62;74;87m[48;2;81;92;104m▀[0m[38;2;63;75;88m[48;2;79;91;103m▀[0m[38;2;118;128;139m[48;2;89;99;112m▀[0m[38;2;56;68;82m[48;2;94;105;117m▀[0m[38;2;46;59;73m[48;2;36;50;63m▀[0m[38;2;52;65;80m[48;2;35;49;63m▀[0m[38;2;42;57;72m[48;2;36;51;66m▀[0m[38;2;33;47;62m[48;2;35;50;65m▀[0m[38;2;31;46;60m[48;2;38;55;69m▀[0m[38;2;29;44;57m[48;2;38;54;70m▀[0m[38;2;27;41;55m[48;2;37;52;68m▀[0m[38;2;37;54;69m[48;2;38;54;70m▀[0m[38;2;32;47;62m[48;2;39;54;71m▀[0m[38;2;33;50;66m[48;2;42;61;78m▀[0m[38;2;30;46;62m[48;2;41;60;79m▀[0m[38;2;32;50;65m[48;2;40;58;76m▀[0m[38;2;30;46;61m[48;2;39;59;77m▀[0m[38;2;33;50;67m[48;2;42;63;83m▀[0m[38;2;36;54;72m[48;2;42;62;82m▀[0m[38;2;38;58;77m[48;2;40;62;81m▀[0m[38;2;34;53;70m[48;2;41;62;82m▀[0m[38;2;35;56;75m[48;2;45;68;88m▀[0m[38;2;50;72;94m[48;2;44;68;91m▀[0m[38;2;21;56;81m[48;2;30;75;103m▀[0m[38;2;26;53;76m[48;2;29;55;77m▀[0m[38;2;24;49;69m[48;2;15;35;53m▀[0m[38;2;15;34;50m[48;2;8;17;26m▀[0m[38;2;8;17;25m[48;2;10;13;19m▀[0m[38;2;10;13;18m[48;2;10;13;16m▀[0m[38;2;10;12;15m[48;2;9;12;15m▀[0m[38;2;9;12;15m[48;2;8;11;14m▀[0m[38;2;7;10;13m[48;2;7;10;13m▀[0m[38;2;7;9;12m[48;2;7;9;12m▀[0m[38;2;7;8;11m[48;2;7;8;11m▀[0m
[38;2;11;13;17m[48;2;11;13;15m▀[0m[38;2;12;15;18m[48;2;11;14;17m▀[0m[38;2;13;15;19m[48;2;12;14;18m▀[0m[38;2;13;15;19m[48;2;12;15;19m▀[0m[38;2;13;16;21m[48;2;13;15;19m▀[0m[38;2;13;17;22m[48;2;13;16;20m▀[0m[38;2;14;18;23m[48;2;13;17;21m▀[0m[38;2;14;19;24m[48;2;13;17;22m▀[0m[38;2;15;20;25m[48;2;14;18;23m▀[0m[38;2;17;22;27m[48;2;15;20;25m▀[0m[38;2;19;25;31m[48;2;15;22;26m▀[0m[38;2;20;28;37m[48;2;17;23;29m▀[0m[38;2;25;37;49m[48;2;19;26;34m▀[0m[38;2;45;68;89m[48;2;23;34;44m▀[0m[38;2;112;140;164m[48;2;36;55;73m▀[0m[38;2;124;145;163m[48;2;84;113;137m▀[0m[38;2;110;127;145m[48;2;115;139;161m▀[0m[38;2;122;137;152m[48;2;114;134;152m▀[0m[38;2;130;144;158m[48;2;125;140;156m▀[0m[38;2;114;128;143m[48;2;114;129;146m▀[0m[38;2;103;117;133m[48;2;88;104;120m▀[0m[38;2;121;133;147m[48;2;67;83;99m▀[0m[38;2;158;169;181m[48;2;111;125;141m▀[0m[38;2;67;78;90m[48;2;88;102;117m▀[0m[38;2;26;41;53m[48;2;44;59;72m▀[0m[38;2;29;44;57m[48;2;22;38;51m▀[0m[38;2;30;43;56m[48;2;43;57;70m▀[0m[38;2;84;95;107m[48;2;150;158;166m▀[0m[38;2;52;65;79m[48;2;119;130;142m▀[0m[38;2;47;60;74m[48;2;59;72;88m▀[0m[38;2;38;52;65m[48;2;48;63;77m▀[0m[38;2;29;43;56m[48;2;39;54;69m▀[0m[38;2;32;47;61m[48;2;38;53;68m▀[0m[38;2;35;50;65m[48;2;39;55;70m▀[0m[38;2;39;55;70m[48;2;39;55;71m▀[0m[38;2;36;51;66m[48;2;36;52;67m▀[0m[38;2;34;49;64m[48;2;36;52;67m▀[0m[38;2;39;56;73m[48;2;39;57;74m▀[0m[38;2;50;70;90m[48;2;46;66;84m▀[0m[38;2;49;70;91m[48;2;43;62;80m▀[0m[38;2;43;62;80m[48;2;44;63;83m▀[0m[38;2;42;60;79m[48;2;45;65;85m▀[0m[38;2;48;71;93m[48;2;46;67;87m▀[0m[38;2;46;68;89m[48;2;52;77;101m▀[0m[38;2;45;67;89m[48;2;50;76;101m▀[0m[38;2;44;67;88m[48;2;50;79;104m▀[0m[38;2;45;70;92m[48;2;42;66;88m▀[0m[38;2;40;63;83m[48;2;42;67;89m▀[0m[38;2;38;63;84m[48;2;30;56;78m▀[0m[38;2;29;65;90m[48;2;13;29;44m▀[0m[38;2;14;34;50m[48;2;8;17;25m▀[0m[38;2;8;17;26m[48;2;9;13;19m▀[0m[38;2;10;14;19m[48;2;10;13;16m▀[0m[38;2;10;13;17m[48;2;9;12;15m▀[0m[38;2;9;12;15m[48;2;8;11;14m▀[0m[38;2;8;11;14m[48;2;7;10;13m▀[0m[38;2;7;10;13m[48;2;7;9;12m▀[0m[38;2;7;9;12m[48;2;7;8;11m▀[0m[38;2;7;9;12m▀[0m
[38;2;10;12;14m[48;2;10;12;14m▀[0m[38;2;11;13;15m[48;2;11;13;15m▀[0m[38;2;11;13;16m[48;2;11;13;15m▀[0m[38;2;12;14;17m[48;2;11;13;16m▀[0m[38;2;12;15;18m[48;2;11;13;16m▀[0m[38;2;12;15;19m[48;2;11;14;18m▀[0m[38;2;13;16;19m[48;2;12;15;18m▀[0m[38;2;13;16;20m[48;2;13;15;19m▀[0m[38;2;13;17;21m[48;2;13;16;20m▀[0m[38;2;13;18;23m[48;2;13;17;21m▀[0m[38;2;14;19;24m[48;2;13;17;22m▀[0m[38;2;14;21;26m[48;2;13;19;23m▀[0m[38;2;16;22;28m[48;2;13;20;25m▀[0m[38;2;18;24;32m[48;2;14;21;26m▀[0m[38;2;21;29;40m[48;2;16;23;29m▀[0m[38;2;28;43;58m[48;2;18;26;34m▀[0m[38;2;55;82;105m[48;2;21;34;45m▀[0m[38;2;102;131;156m[48;2;33;53;70m▀[0m[38;2;89;113;133m[48;2;64;91;115m▀[0m[38;2;77;95;112m[48;2;75;102;126m▀[0m[38;2;104;121;137m[48;2;61;81;100m▀[0m[38;2;80;95;112m[48;2;83;98;114m▀[0m[38;2;68;84;99m[48;2;107;119;131m▀[0m[38;2;89;104;120m[48;2;85;98;111m▀[0m[38;2;70;83;99m[48;2;54;69;84m▀[0m[38;2;43;58;71m[48;2;62;76;90m▀[0m[38;2;52;65;79m[48;2;48;66;82m▀[0m[38;2;109;121;131m[48;2;67;81;96m▀[0m[38;2;80;93;106m[48;2;49;65;80m▀[0m[38;2;61;77;94m[48;2;33;50;65m▀[0m[38;2;49;65;82m[48;2;30;48;63m▀[0m[38;2;44;61;77m[48;2;34;53;69m▀[0m[38;2;42;60;76m[48;2;37;56;73m▀[0m[38;2;38;55;71m[48;2;37;56;73m▀[0m[38;2;38;56;71m[48;2;35;54;71m▀[0m[38;2;38;56;72m[48;2;39;60;79m▀[0m[38;2;39;57;75m[48;2;37;57;75m▀[0m[38;2;42;62;80m[48;2;42;63;83m▀[0m[38;2;46;68;87m[48;2;47;71;92m▀[0m[38;2;43;63;82m[48;2;49;74;97m▀[0m[38;2;51;74;97m[48;2;48;75;100m▀[0m[38;2;51;79;104m[48;2;46;74;98m▀[0m[38;2;52;82;108m[48;2;38;63;84m▀[0m[38;2;41;65;86m[48;2;43;73;99m▀[0m[38;2;44;71;94m[48;2;48;80;109m▀[0m[38;2;41;69;94m[48;2;32;60;83m▀[0m[38;2;40;68;93m[48;2;15;35;51m▀[0m[38;2;24;49;70m[48;2;9;19;29m▀[0m[38;2;10;24;36m[48;2;9;15;21m▀[0m[38;2;9;15;23m[48;2;10;13;18m▀[0m[38;2;10;13;18m[48;2;9;12;16m▀[0m[38;2;10;12;16m[48;2;9;11;14m▀[0m[38;2;9;12;15m[48;2;8;10;13m▀[0m[38;2;9;11;14m[48;2;8;10;14m▀[0m[38;2;7;10;13m[48;2;7;9;13m▀[0m[38;2;7;10;13m[48;2;7;8;11m▀[0m[38;2;6;8;11m[48;2;7;8;11m▀[0m[38;2;7;8;11m▀[0m
[38;2;9;10;12m[48;2;9;10;11m▀[0m[38;2;10;11;13m[48;2;10;11;12m▀[0m[38;2;10;12;14m[48;2;9;11;13m▀[0m[38;2;10;12;15m[48;2;9;11;14m▀[0m[38;2;11;13;16m[48;2;9;11;14m▀[0m[38;2;11;13;16m[48;2;10;12;14m▀[0m[38;2;11;13;17m[48;2;10;12;15m▀[0m[38;2;12;14;18m[48;2;10;13;16m▀[0m[38;2;12;15;19m[48;2;11;13;17m▀[0m[38;2;13;15;19m[48;2;12;14;18m▀[0m[38;2;13;16;20m[48;2;12;14;18m▀[0m[38;2;13;16;20m[48;2;12;15;19m▀[0m[38;2;13;18;22m[48;2;13;16;20m▀[0m[38;2;13;19;23m[48;2;13;17;20m▀[0m[38;2;13;20;24m[48;2;13;17;21m▀[0m[38;2;14;21;26m[48;2;13;18;23m▀[0m[38;2;16;23;30m[48;2;13;19;25m▀[0m[38;2;18;26;35m[48;2;14;20;26m▀[0m[38;2;21;34;46m[48;2;15;22;29m▀[0m[38;2;30;49;66m[48;2;16;25;33m▀[0m[38;2;46;71;91m[48;2;19;30;41m▀[0m[38;2;58;82;103m[48;2;22;38;52m▀[0m[38;2;79;97;113m[48;2;31;50;69m▀[0m[38;2;114;126;138m[48;2;38;60;78m▀[0m[38;2;41;59;75m[48;2;41;64;83m▀[0m[38;2;38;56;72m[48;2;41;62;81m▀[0m[38;2;40;58;76m[48;2;36;57;75m▀[0m[38;2;41;61;80m[48;2;34;56;73m▀[0m[38;2;39;59;77m[48;2;36;57;76m▀[0m[38;2;37;57;75m[48;2;37;59;77m▀[0m[38;2;34;53;70m[48;2;42;64;84m▀[0m[38;2;36;55;73m[48;2;43;65;85m▀[0m[38;2;38;60;77m[48;2;40;63;83m▀[0m[38;2;40;62;82m[48;2;42;64;84m▀[0m[38;2;40;64;85m[48;2;44;69;90m▀[0m[38;2;42;65;86m[48;2;38;61;81m▀[0m[38;2;48;72;95m[48;2;39;62;83m▀[0m[38;2;50;76;99m[48;2;44;70;93m▀[0m[38;2;54;83;111m[48;2;38;64;85m▀[0m[38;2;49;78;103m[48;2;38;67;90m▀[0m[38;2;45;75;100m[48;2;36;67;93m▀[0m[38;2;47;82;111m[48;2;27;55;78m▀[0m[38;2;47;83;113m[48;2;16;36;52m▀[0m[38;2;34;65;90m[48;2;10;23;33m▀[0m[38;2;19;40;58m[48;2;9;17;25m▀[0m[38;2;10;22;33m[48;2;9;14;20m▀[0m[38;2;9;16;24m[48;2;10;13;17m▀[0m[38;2;10;14;19m[48;2;9;12;16m▀[0m[38;2;10;13;17m[48;2;9;12;15m▀[0m[38;2;9;12;16m[48;2;9;11;15m▀[0m[38;2;9;12;15m[48;2;7;10;13m▀[0m[38;2;8;10;13m[48;2;8;10;13m▀[0m[38;2;8;10;13m[48;2;7;9;12m▀[0m[38;2;7;10;13m[48;2;6;8;11m▀[0m[38;2;7;9;11m[48;2;7;8;11m▀[0m[38;2;7;8;11m▀[0m
 [38;2;9;10;12m[48;2;9;10;11m▀[0m[38;2;9;10;12m[48;2;8;10;11m▀[0m[38;2;9;11;12m[48;2;9;10;11m▀[0m[38;2;9;11;13m[48;2;9;10;12m▀[0m[38;2;10;11;14m[48;2;9;10;12m▀[0m[38;2;10;12;14m[48;2;9;11;12m▀[0m[38;2;10;12;15m[48;2;9;11;13m▀[0m[38;2;10;13;16m[48;2;10;11;14m▀[0m[38;2;10;13;17m[48;2;10;12;15m▀[0m[38;2;11;13;17m[48;2;10;12;16m▀[0m[38;2;11;14;17m[48;2;10;13;16m▀[0m[38;2;11;14;18m[48;2;10;13;17m▀[0m[38;2;12;15;19m[48;2;11;14;17m▀[0m[38;2;12;15;19m[48;2;11;14;17m▀[0m[38;2;13;16;20m[48;2;11;14;18m▀[0m[38;2;13;16;21m[48;2;12;15;19m▀[0m[38;2;13;17;21m[48;2;12;16;19m▀[0m[38;2;13;18;23m[48;2;12;16;19m▀[0m[38;2;14;19;24m[48;2;12;16;21m▀[0m[38;2;15;20;27m[48;2;13;17;21m▀[0m[38;2;14;22;29m[48;2;13;18;22m▀[0m[38;2;14;24;33m[48;2;13;18;23m▀[0m[38;2;16;28;39m[48;2;12;18;24m▀[0m[38;2;19;35;49m[48;2;13;19;27m▀[0m[38;2;25;43;61m[48;2;12;21;30m▀[0m[38;2;28;51;71m[48;2;13;24;33m▀[0m[38;2;33;58;77m[48;2;14;27;38m▀[0m[38;2;36;60;81m[48;2;16;30;43m▀[0m[38;2;38;64;86m[48;2;17;33;47m▀[0m[38;2;40;67;90m[48;2;18;36;51m▀[0m[38;2;42;70;93m[48;2;19;38;54m▀[0m[38;2;46;74;98m[48;2;18;38;54m▀[0m[38;2;45;74;99m[48;2;18;37;54m▀[0m[38;2;43;73;98m[48;2;16;34;49m▀[0m[38;2;41;73;99m[48;2;14;31;44m▀[0m[38;2;36;67;91m[48;2;12;26;39m▀[0m[38;2;31;60;83m[48;2;11;23;33m▀[0m[38;2;25;51;72m[48;2;10;20;29m▀[0m[38;2;17;38;55m[48;2;9;17;24m▀[0m[38;2;11;27;39m[48;2;9;15;21m▀[0m[38;2;9;20;29m[48;2;10;14;19m▀[0m[38;2;9;16;24m[48;2;10;13;18m▀[0m[38;2;9;15;20m[48;2;10;13;17m▀[0m[38;2;10;13;18m[48;2;9;12;15m▀[0m[38;2;9;12;16m[48;2;9;11;14m▀[0m[38;2;9;12;15m[48;2;8;11;14m▀[0m[38;2;8;11;14m[48;2;7;10;13m▀[0m[38;2;9;11;14m[48;2;7;10;13m▀[0m[38;2;8;10;13m[48;2;7;9;12m▀[0m[38;2;8;10;13m[48;2;7;9;12m▀[0m[38;2;7;9;12m[48;2;7;8;11m▀[0m[38;2;6;8;11m[48;2;7;8;11m▀[0m[38;2;7;8;11m▀[0m
  [38;2;9;10;11m▀[0m   [38;2;8;10;11m[48;2;8;9;11m▀[0m[38;2;9;10;12m[48;2;8;9;11m▀[0m[38;2;9;10;12m[48;2;8;10;11m▀[0m[38;2;9;11;13m[48;2;9;10;12m▀[0m[38;2;9;11;13m[48;2;9;10;12m▀[0m[38;2;9;11;14m[48;2;9;11;13m▀[0m[38;2;9;12;15m[48;2;9;11;13m▀[0m[38;2;9;12;16m[48;2;9;11;14m▀[0m[38;2;9;12;16m[48;2;9;12;15m▀[0m[38;2;10;13;16m[48;2;9;12;15m▀[0m[38;2;11;13;17m[48;2;10;12;16m▀[0m[38;2;11;14;17m[48;2;10;13;16m▀[0m[38;2;11;14;17m[48;2;10;13;16m▀[0m[38;2;11;15;18m[48;2;10;13;17m▀[0m[38;2;11;14;18m[48;2;11;14;17m▀[0m[38;2;12;15;19m[48;2;11;14;17m▀[0m[38;2;12;16;20m[48;2;11;14;17m▀[0m[38;2;12;16;20m[48;2;11;14;17m▀[0m[38;2;12;16;21m[48;2;11;14;17m▀[0m[38;2;12;17;22m[48;2;11;14;18m▀[0m[38;2;12;17;23m[48;2;11;15;19m▀[0m[38;2;12;17;23m[48;2;11;15;19m▀[0m[38;2;12;18;24m[48;2;12;15;19m▀[0m[38;2;12;18;26m[48;2;11;15;19m▀[0m[38;2;11;18;26m[48;2;11;15;20m▀[0m[38;2;11;19;27m[48;2;11;15;19m▀[0m[38;2;11;18;26m[48;2;11;15;19m▀[0m[38;2;11;18;25m[48;2;10;14;19m▀[0m[38;2;10;17;24m[48;2;11;14;18m▀[0m[38;2;10;16;23m[48;2;10;13;18m▀[0m[38;2;10;16;22m[48;2;10;13;17m▀[0m[38;2;10;15;21m[48;2;10;13;17m▀[0m[38;2;10;14;19m[48;2;10;13;16m▀[0m[38;2;10;13;18m[48;2;9;12;15m▀[0m[38;2;10;13;17m[48;2;9;11;14m▀[0m[38;2;10;12;16m[48;2;9;11;14m▀[0m[38;2;9;12;15m[48;2;8;11;14m▀[0m[38;2;9;11;14m[48;2;7;10;13m▀[0m[38;2;8;11;14m[48;2;7;10;12m▀[0m[38;2;8;10;13m[48;2;8;10;12m▀[0m[38;2;7;10;13m[48;2;7;9;12m▀[0m[38;2;6;9;12m[48;2;6;8;11m▀[0m[38;2;6;9;12m[48;2;6;8;11m▀[0m[38;2;7;8;11m▀[0m[38;2;7;8;11m▀[0m
       [38;2;8;9;11m▀[0m[38;2;8;9;11m▀[0m[38;2;9;9;11m▀[0m[38;2;9;9;11m▀[0m[38;2;8;10;11m▀[0m[38;2;9;10;11m▀[0m[38;2;9;10;12m▀[0m[38;2;9;11;13m[48;2;8;9;11m▀[0m[38;2;9;11;14m[48;2;9;10;12m▀[0m[38;2;9;11;14m[48;2;9;10;12m▀[0m[38;2;9;11;15m[48;2;9;10;13m▀[0m[38;2;10;12;15m[48;2;8;10;13m▀[0m[38;2;10;12;16m[48;2;9;10;14m▀[0m[38;2;10;12;16m[48;2;9;10;14m▀[0m[38;2;10;12;16m[48;2;9;11;14m▀[0m[38;2;10;12;16m[48;2;9;11;14m▀[0m[38;2;10;12;15m[48;2;9;11;14m▀[0m[38;2;10;12;16m[48;2;9;11;14m▀[0m[38;2;10;12;16m[48;2;9;11;14m▀[0m[38;2;10;13;16m[48;2;9;11;14m▀[0m[38;2;10;13;16m[48;2;9;11;14m▀[0m[38;2;10;13;17m[48;2;9;12;15m▀[0m[38;2;10;13;16m[48;2;9;11;14m▀[0m[38;2;10;13;17m[48;2;9;11;14m▀[0m[38;2;10;13;16m[48;2;10;12;15m▀[0m[38;2;10;13;17m[48;2;9;11;14m▀[0m[38;2;10;13;16m[48;2;9;11;14m▀[0m[38;2;10;12;16m[48;2;9;11;14m▀[0m[38;2;10;12;15m[48;2;8;11;14m▀[0m[38;2;9;12;15m[48;2;8;10;13m▀[0m[38;2;9;11;14m[48;2;8;10;12m▀[0m[38;2;9;11;14m[48;2;7;9;13m▀[0m[38;2;8;10;13m[48;2;8;10;12m▀[0m[38;2;8;10;12m[48;2;7;9;12m▀[0m[38;2;8;10;12m[48;2;7;9;11m▀[0m[38;2;8;10;12m[48;2;7;8;11m▀[0m[38;2;7;9;12m▀[0m[38;2;7;9;11m[48;2;7;8;11m▀[0m[38;2;7;8;11m▀[0m[38;2;7;9;11m▀[0m
