[38;2;12;14;16m[48;2;13;14;16m▀[0m[38;2;12;14;16m[48;2;13;15;16m▀[0m[38;2;12;14;16m[48;2;13;15;18m▀[0m[38;2;12;14;16m[48;2;14;16;19m▀[0m[38;2;13;15;17m[48;2;14;16;19m▀[0m[38;2;13;15;18m[48;2;14;16;19m▀[0m[38;2;13;15;18m[48;2;14;17;20m▀[0m[38;2;13;15;19m[48;2;15;17;20m▀[0m[38;2;12;15;19m[48;2;14;17;21m▀[0m[38;2;13;16;19m[48;2;14;18;22m▀[0m[38;2;13;16;19m[48;2;15;19;22m▀[0m[38;2;13;16;20m[48;2;15;19;24m▀[0m[38;2;13;16;20m[48;2;15;20;24m▀[0m[38;2;13;16;20m[48;2;15;21;25m▀[0m[38;2;13;16;20m[48;2;15;21;26m▀[0m[38;2;13;16;20m[48;2;15;21;26m▀[0m[38;2;12;16;21m[48;2;16;22;27m▀[0m[38;2;13;16;21m[48;2;15;22;27m▀[0m[38;2;12;16;21m[48;2;15;22;28m▀[0m[38;2;13;17;21m[48;2;15;22;28m▀[0m[38;2;12;16;21m[48;2;15;22;28m▀[0m[38;2;12;16;20m[48;2;14;21;27m▀[0m[38;2;12;15;19m[48;2;13;19;25m▀[0m[38;2;12;15;19m[48;2;13;18;23m▀[0m[38;2;11;14;18m[48;2;13;17;21m▀[0m[38;2;11;13;16m[48;2;13;16;20m▀[0m[38;2;10;12;15m[48;2;12;15;18m▀[0m[38;2;10;12;14m[48;2;12;14;17m▀[0m[38;2;9;11;13m[48;2;10;12;15m▀[0m[38;2;9;10;12m[48;2;10;11;13m▀[0m[38;2;8;10;12m[48;2;9;10;13m▀[0m[38;2;8;10;12m▄[0m[38;2;7;9;11m▄[0m
[38;2;13;15;17m[48;2;14;15;18m▀[0m[38;2;14;16;19m[48;2;14;16;19m▀[0m[38;2;14;16;19m[48;2;14;16;19m▀[0m[38;2;14;16;19m[48;2;14;17;20m▀[0m[38;2;14;16;20m[48;2;15;17;21m▀[0m[38;2;14;17;20m[48;2;15;18;22m▀[0m[38;2;15;17;21m[48;2;16;20;24m▀[0m[38;2;15;19;23m[48;2;16;21;26m▀[0m[38;2;15;19;24m[48;2;17;23;27m▀[0m[38;2;16;21;25m[48;2;19;24;30m▀[0m[38;2;16;22;26m[48;2;20;26;32m▀[0m[38;2;17;23;28m[48;2;21;29;37m▀[0m[38;2;18;24;30m[48;2;23;34;43m▀[0m[38;2;19;25;32m[48;2;30;46;60m▀[0m[38;2;19;27;35m[48;2;54;77;96m▀[0m[38;2;20;31;40m[48;2;104;128;148m▀[0m[38;2;23;36;47m[48;2;140;163;182m▀[0m[38;2;26;42;56m[48;2;159;180;198m▀[0m[38;2;30;49;65m[48;2;163;184;203m▀[0m[38;2;32;53;70m[48;2;180;197;212m▀[0m[38;2;32;52;69m[48;2;184;200;214m▀[0m[38;2;27;45;61m[48;2;161;181;198m▀[0m[38;2;21;37;50m[48;2;150;171;189m▀[0m[38;2;17;29;39m[48;2;124;147;167m▀[0m[38;2;14;23;31m[48;2;89;112;132m▀[0m[38;2;12;20;26m[48;2;41;63;81m▀[0m[38;2;12;18;23m[48;2;18;32;44m▀[0m[38;2;12;16;21m[48;2;12;21;29m▀[0m[38;2;12;14;18m[48;2;12;17;23m▀[0m[38;2;11;13;16m[48;2;12;15;20m▀[0m[38;2;10;12;15m[48;2;11;14;17m▀[0m[38;2;9;11;13m[48;2;10;12;15m▀[0m[38;2;9;10;12m[48;2;9;11;13m▀[0m[38;2;8;9;11m[48;2;8;10;12m▀[0m[38;2;8;9;11m▄[0m
[38;2;14;16;19m[48;2;14;16;19m▀[0m[38;2;14;16;19m[48;2;14;16;20m▀[0m[38;2;14;17;20m[48;2;15;18;22m▀[0m[38;2;15;18;22m[48;2;16;20;24m▀[0m[38;2;16;19;23m[48;2;16;21;26m▀[0m[38;2;16;21;25m[48;2;18;23;27m▀[0m[38;2;17;22;27m[48;2;19;25;30m▀[0m[38;2;19;24;30m[48;2;22;28;34m▀[0m[38;2;21;27;33m[48;2;25;33;42m▀[0m[38;2;22;29;37m[48;2;34;49;62m▀[0m[38;2;25;36;46m[48;2;83;110;130m▀[0m[38;2;39;58;73m[48;2;162;185;203m▀[0m[38;2;93;118;138m[48;2;201;212;222m▀[0m[38;2;159;180;197m[48;2;203;213;222m▀[0m[38;2;201;213;224m[48;2;203;213;222m▀[0m[38;2;204;215;224m[48;2;201;211;220m▀[0m[38;2;189;202;213m[48;2;208;218;226m▀[0m[38;2;192;204;216m[48;2;191;202;212m▀[0m[38;2;179;194;207m[48;2;185;197;208m▀[0m[38;2;188;201;213m[48;2;198;208;217m▀[0m[38;2;176;190;203m[48;2;210;217;224m▀[0m[38;2;194;205;214m[48;2;191;197;205m▀[0m[38;2;151;166;182m[48;2;189;197;205m▀[0m[38;2;162;176;190m[48;2;182;192;202m▀[0m[38;2;158;171;186m[48;2;174;185;196m▀[0m[38;2;165;178;192m[48;2;169;180;192m▀[0m[38;2;133;151;169m[48;2;160;172;185m▀[0m[38;2;68;90;108m[48;2;150;163;178m▀[0m[38;2;19;34;47m[48;2;120;138;157m▀[0m[38;2;12;19;26m[48;2;49;68;85m▀[0m[38;2;12;16;21m[48;2;12;23;32m▀[0m[38;2;11;14;17m[48;2;11;16;21m▀[0m[38;2;10;12;15m[48;2;11;13;17m▀[0m[38;2;9;11;13m[48;2;10;12;15m▀[0m[38;2;8;10;12m[48;2;9;10;13m▀[0m[38;2;8;9;12m▄[0m
[38;2;14;16;20m[48;2;15;17;21m▀[0m[38;2;15;18;22m[48;2;16;19;23m▀[0m[38;2;16;19;23m[48;2;16;21;25m▀[0m[38;2;16;21;25m[48;2;18;23;28m▀[0m[38;2;18;23;27m[48;2;20;25;30m▀[0m[38;2;20;26;31m[48;2;24;29;36m▀[0m[38;2;23;29;35m[48;2;28;37;46m▀[0m[38;2;26;36;44m[48;2;52;73;90m▀[0m[38;2;44;63;80m[48;2;157;180;198m▀[0m[38;2;129;155;175m[48;2;202;215;226m▀[0m[38;2;180;205;222m[48;2;187;203;216m▀[0m[38;2;184;220;232m[48;2;151;219;233m▀[0m[38;2;209;217;225m[48;2;192;202;212m▀[0m[38;2;203;212;220m[48;2;191;201;211m▀[0m[38;2;189;200;211m[48;2;188;199;209m▀[0m[38;2;175;189;202m[48;2;193;203;212m▀[0m[38;2;157;175;190m[48;2;199;209;217m▀[0m[38;2;196;206;216m[48;2;193;202;210m▀[0m[38;2;205;212;219m[48;2;200;205;213m▀[0m[38;2;214;219;225m[48;2;200;205;211m▀[0m[38;2;210;215;222m[48;2;152;162;171m▀[0m[38;2;211;216;223m[48;2;151;164;175m▀[0m[38;2;205;211;218m[48;2;137;153;166m▀[0m[38;2;198;204;211m[48;2;151;165;178m▀[0m[38;2;175;182;189m[48;2;169;179;190m▀[0m[38;2;142;153;164m[48;2;150;161;172m▀[0m[38;2;118;133;148m[48;2;142;155;167m▀[0m[38;2;137;151;164m[48;2;147;158;170m▀[0m[38;2;112;126;141m[48;2;113;127;141m▀[0m[38;2;95;111;129m[48;2;95;108;123m▀[0m[38;2;65;85;103m[48;2;99;113;129m▀[0m[38;2;14;26;37m[48;2;47;65;82m▀[0m[38;2;10;16;21m[48;2;12;25;36m▀[0m[38;2;10;13;17m[48;2;10;15;20m▀[0m[38;2;10;12;15m[48;2;10;13;16m▀[0m[38;2;8;10;12m[48;2;9;11;14m▀[0m[38;2;7;9;11m[48;2;8;9;12m▀[0m
[38;2;15;19;23m[48;2;16;20;24m▀[0m[38;2;16;21;25m[48;2;16;21;25m▀[0m[38;2;17;22;26m[48;2;18;24;29m▀[0m[38;2;19;24;29m[48;2;21;27;33m▀[0m[38;2;22;28;34m[48;2;25;32;40m▀[0m[38;2;27;36;44m[48;2;41;57;71m▀[0m[38;2;49;69;85m[48;2;150;172;191m▀[0m[38;2;165;186;204m[48;2;202;215;227m▀[0m[38;2;205;218;229m[48;2;209;220;229m▀[0m[38;2;204;216;226m[48;2;216;224;232m▀[0m[38;2;206;216;225m[48;2;157;179;196m▀[0m[38;2;118;195;224m[48;2;106;165;199m▀[0m[38;2;187;197;207m[48;2;154;186;205m▀[0m[38;2;180;191;200m[48;2;185;195;205m▀[0m[38;2;207;215;223m[48;2;200;209;217m▀[0m[38;2;203;211;220m[48;2;200;209;217m▀[0m[38;2;200;208;216m[48;2;205;213;221m▀[0m[38;2;208;215;222m[48;2;203;211;218m▀[0m[38;2;206;213;220m[48;2;207;214;221m▀[0m[38;2;199;206;214m[48;2;198;205;212m▀[0m[38;2;171;181;191m[48;2;186;194;203m▀[0m[38;2;160;174;187m[48;2;174;184;195m▀[0m[38;2;148;162;176m[48;2;172;182;193m▀[0m[38;2;158;170;183m[48;2;164;175;187m▀[0m[38;2;162;174;187m[48;2;175;185;196m▀[0m[38;2;161;173;186m[48;2;165;176;187m▀[0m[38;2;130;145;159m[48;2;132;146;161m▀[0m[38;2;164;174;186m[48;2;142;153;167m▀[0m[38;2;148;158;171m[48;2;142;151;162m▀[0m[38;2;123;134;147m[48;2;131;139;150m▀[0m[38;2;113;126;140m[48;2;128;136;147m▀[0m[38;2;64;78;92m[48;2;52;65;78m▀[0m[38;2;31;49;64m[48;2;23;37;51m▀[0m[38;2;10;21;30m[48;2;15;32;46m▀[0m[38;2;10;14;18m[48;2;9;17;24m▀[0m[38;2;10;12;15m[48;2;10;13;16m▀[0m[38;2;9;10;12m[48;2;9;11;14m▀[0m[38;2;8;9;11m▄[0m
[38;2;16;21;24m[48;2;17;21;26m▀[0m[38;2;18;22;27m[48;2;19;24;29m▀[0m[38;2;20;25;31m[48;2;22;28;34m▀[0m[38;2;23;30;37m[48;2;26;35;43m▀[0m[38;2;31;43;54m[48;2;58;81;98m▀[0m[38;2;112;136;155m[48;2;188;206;221m▀[0m[38;2;202;215;227m[48;2;209;222;231m▀[0m[38;2;211;222;231m[48;2;203;215;225m▀[0m[38;2;208;219;228m[48;2;197;211;222m▀[0m[38;2;194;209;220m[48;2;200;212;223m▀[0m[38;2;213;222;229m[48;2;193;204;216m▀[0m[38;2;179;200;215m[48;2;182;193;205m▀[0m[38;2;123;181;209m[48;2;189;207;218m▀[0m[38;2;194;204;213m[48;2;116;166;192m▀[0m[38;2;186;196;205m[48;2;164;181;193m▀[0m[38;2;189;198;208m[48;2;175;186;198m▀[0m[38;2;193;203;211m[48;2;176;187;198m▀[0m[38;2;198;206;214m[48;2;198;206;215m▀[0m[38;2;204;211;219m[48;2;203;211;218m▀[0m[38;2;205;212;219m[48;2;206;213;220m▀[0m[38;2;195;202;211m[48;2;202;210;217m▀[0m[38;2;189;197;206m[48;2;191;199;208m▀[0m[38;2;173;183;193m[48;2;190;200;209m▀[0m[38;2;173;183;193m[48;2;173;183;193m▀[0m[38;2;163;172;183m[48;2;139;150;162m▀[0m[38;2;161;172;184m[48;2;140;151;162m▀[0m[38;2;162;174;187m[48;2;166;176;188m▀[0m[38;2;124;139;153m[48;2;135;148;162m▀[0m[38;2;143;155;167m[48;2;165;175;185m▀[0m[38;2;148;157;166m[48;2;124;131;140m▀[0m[38;2;107;115;124m[48;2;51;62;75m▀[0m[38;2;99;109;118m[48;2;47;59;71m▀[0m[38;2;67;78;89m[48;2;53;64;75m▀[0m[38;2;15;31;44m[48;2;22;37;49m▀[0m[38;2;11;27;39m[48;2;22;40;55m▀[0m[38;2;9;13;19m[48;2;8;18;27m▀[0m[38;2;9;12;15m[48;2;9;12;16m▀[0m[38;2;8;10;12m[48;2;9;10;13m▀[0m
[38;2;18;22;27m[48;2;19;24;28m▀[0m[38;2;21;26;31m[48;2;22;27;33m▀[0m[38;2;24;30;38m[48;2;25;33;42m▀[0m[38;2;33;46;58m[48;2;52;74;92m▀[0m[38;2;133;157;176m[48;2;192;209;223m▀[0m[38;2;203;216;227m[48;2;190;206;221m▀[0m[38;2;195;210;223m[48;2;183;199;214m▀[0m[38;2;198;210;221m[48;2;211;220;228m▀[0m[38;2;206;217;227m[48;2;217;225;233m▀[0m[38;2;214;223;231m[48;2;208;217;225m▀[0m[38;2;202;212;221m[48;2;195;206;216m▀[0m[38;2;193;204;214m[48;2;172;193;209m▀[0m[38;2;166;186;201m[48;2;165;186;205m▀[0m[38;2;150;176;196m[48;2;190;205;218m▀[0m[38;2;62;151;193m[48;2;92;198;226m▀[0m[38;2;193;203;212m[48;2;187;204;211m▀[0m[38;2;187;196;206m[48;2;174;184;194m▀[0m[38;2;182;191;200m[48;2;194;203;211m▀[0m[38;2;173;182;192m[48;2;186;195;204m▀[0m[38;2;184;193;203m[48;2;179;188;198m▀[0m[38;2;196;205;213m[48;2;195;203;212m▀[0m[38;2;181;190;200m[48;2;180;189;199m▀[0m[38;2;193;202;211m[48;2;176;186;197m▀[0m[38;2;182;192;202m[48;2;152;163;175m▀[0m[38;2;164;175;186m[48;2;125;137;150m▀[0m[38;2;130;142;155m[48;2;97;111;124m▀[0m[38;2;111;124;137m[48;2;102;119;134m▀[0m[38;2;112;122;134m[48;2;112;125;139m▀[0m[38;2;122;127;134m[48;2;84;97;110m▀[0m[38;2;77;85;93m[48;2;61;73;83m▀[0m[38;2;69;79;91m[48;2;37;51;64m▀[0m[38;2;29;42;54m[48;2;36;49;63m▀[0m[38;2;24;38;51m[48;2;20;34;47m▀[0m[38;2;20;36;50m[48;2;24;39;53m▀[0m[38;2;16;33;47m[48;2;20;38;53m▀[0m[38;2;13;29;42m[48;2;20;39;55m▀[0m[38;2;8;13;19m[48;2;7;17;26m▀[0m[38;2;8;10;14m[48;2;8;11;15m▀[0m[38;2;8;9;11m[48;2;8;9;12m▀[0m
[38;2;20;25;30m[48;2;20;25;31m▀[0m[38;2;23;29;36m[48;2;24;31;39m▀[0m[38;2;29;39;50m[48;2;35;50;64m▀[0m[38;2;102;128;148m[48;2;149;173;192m▀[0m[38;2;202;215;226m[48;2;199;212;224m▀[0m[38;2;171;193;213m[48;2;162;183;202m▀[0m[38;2;189;204;218m[48;2;160;183;204m▀[0m[38;2;200;213;225m[48;2;169;191;212m▀[0m[38;2;207;217;226m[48;2;176;195;211m▀[0m[38;2;200;213;223m[48;2;186;205;220m▀[0m[38;2;149;180;201m[48;2;187;199;210m▀[0m[38;2;173;195;211m[48;2;203;214;223m▀[0m[38;2;180;196;211m[48;2;196;208;219m▀[0m[38;2;180;195;209m[48;2;191;205;216m▀[0m[38;2;116;210;229m[48;2;74;165;198m▀[0m[38;2;161;191;206m[48;2;112;212;230m▀[0m[38;2;182;190;200m[48;2;98;126;148m▀[0m[38;2;184;193;202m[48;2;134;151;164m▀[0m[38;2;204;210;217m[48;2;172;177;184m▀[0m[38;2;194;199;205m[48;2;136;144;152m▀[0m[38;2;174;183;192m[48;2;156;167;178m▀[0m[38;2;165;174;185m[48;2;146;156;169m▀[0m[38;2;128;139;152m[48;2;133;146;159m▀[0m[38;2;126;139;152m[48;2;131;144;157m▀[0m[38;2;109;121;134m[48;2;91;105;119m▀[0m[38;2;109;122;136m[48;2;106;117;128m▀[0m[38;2;90;104;118m[48;2;80;97;115m▀[0m[38;2;99;116;131m[48;2;86;106;123m▀[0m[38;2;100;115;131m[48;2;99;115;132m▀[0m[38;2;75;87;101m[48;2;72;85;100m▀[0m[38;2;67;80;92m[48;2;118;128;139m▀[0m[38;2;36;51;65m[48;2;65;76;88m▀[0m[38;2;23;39;54m[48;2;42;56;70m▀[0m[38;2;24;41;58m[48;2;23;40;57m▀[0m[38;2;16;33;47m[48;2;22;40;56m▀[0m[38;2;13;25;38m[48;2;9;20;31m▀[0m[38;2;12;27;39m[48;2;15;34;49m▀[0m[38;2;8;12;16m[48;2;7;13;19m▀[0m[38;2;8;10;12m[48;2;8;10;13m▀[0m
[38;2;21;27;33m[48;2;22;28;34m▀[0m[38;2;25;34;41m[48;2;27;36;45m▀[0m[38;2;46;66;84m[48;2;59;84;104m▀[0m[38;2;190;208;222m[48;2;202;216;229m▀[0m[38;2;184;200;214m[48;2;197;210;222m▀[0m[38;2;145;172;195m[48;2;178;196;214m▀[0m[38;2;178;199;218m[48;2;139;168;194m▀[0m[38;2;180;200;218m[48;2;146;173;199m▀[0m[38;2;171;192;214m[48;2;131;158;183m▀[0m[38;2;182;195;209m[48;2;119;141;161m▀[0m[38;2;186;198;209m[48;2;136;184;207m▀[0m[38;2;183;204;218m[48;2;118;186;214m▀[0m[38;2;108;175;207m[48;2;130;161;183m▀[0m[38;2;92;164;200m[48;2;118;150;175m▀[0m[38;2;101;151;181m[48;2;132;163;187m▀[0m[38;2;113;205;222m[48;2;143;170;192m▀[0m[38;2;46;151;191m[48;2;137;173;193m▀[0m[38;2;51;91;121m[48;2;10;99;144m▀[0m[38;2;132;153;170m[48;2;42;104;144m▀[0m[38;2;138;150;161m[48;2;93;141;173m▀[0m[38;2;134;147;160m[48;2;113;149;173m▀[0m[38;2;127;139;153m[48;2;166;178;190m▀[0m[38;2;138;151;164m[48;2;158;169;182m▀[0m[38;2;147;159;171m[48;2;149;160;172m▀[0m[38;2;105;120;134m[48;2;110;123;138m▀[0m[38;2;106;122;138m[48;2;108;127;143m▀[0m[38;2;75;94;110m[48;2;80;100;116m▀[0m[38;2;57;80;98m[48;2;93;109;126m▀[0m[38;2;99;116;133m[48;2;100;115;132m▀[0m[38;2;68;81;95m[48;2;91;104;119m▀[0m[38;2;101;111;123m[48;2;49;62;76m▀[0m[38;2;62;75;88m[48;2;15;29;42m▀[0m[38;2;28;44;57m[48;2;15;30;43m▀[0m[38;2;20;37;51m[48;2;12;23;35m▀[0m[38;2;25;45;64m[48;2;22;41;58m▀[0m[38;2;19;37;52m[48;2;17;34;49m▀[0m[38;2;17;37;52m[48;2;17;36;51m▀[0m[38;2;6;15;23m[48;2;8;19;29m▀[0m[38;2;8;11;14m[48;2;8;11;15m▀[0m[38;2;7;9;11m▄[0m
[38;2;23;29;35m[48;2;23;29;36m▀[0m[38;2;27;38;47m[48;2;28;38;48m▀[0m[38;2;74;101;122m[48;2;82;108;130m▀[0m[38;2;209;221;232m[48;2;209;221;232m▀[0m[38;2;199;212;223m[48;2;192;205;217m▀[0m[38;2;178;197;215m[48;2;198;211;223m▀[0m[38;2;165;189;212m[48;2;162;185;206m▀[0m[38;2;134;164;190m[48;2;97;134;164m▀[0m[38;2;78;118;150m[48;2;132;158;182m▀[0m[38;2;137;164;187m[48;2;148;169;188m▀[0m[38;2;150;180;202m[48;2;155;172;188m▀[0m[38;2;146;169;187m[48;2;175;192;207m▀[0m[38;2;144;167;188m[48;2;168;186;203m▀[0m[38;2;131;160;183m[48;2;155;178;198m▀[0m[38;2;135;163;187m[48;2;124;156;181m▀[0m[38;2;133;164;188m[48;2;114;147;174m▀[0m[38;2;159;182;202m[48;2;135;166;190m▀[0m[38;2;140;181;203m[48;2;124;153;176m▀[0m[38;2;94;171;210m[48;2;144;166;185m▀[0m[38;2;46;125;170m[48;2;172;185;196m▀[0m[38;2;15;95;146m[48;2;46;73;98m▀[0m[38;2;203;218;227m[48;2;63;121;155m▀[0m[38;2;166;174;182m[48;2;90;116;137m▀[0m[38;2;103;117;129m[48;2;130;138;148m▀[0m[38;2;127;137;148m[48;2;107;120;133m▀[0m[38;2;137;150;163m[48;2;123;138;154m▀[0m[38;2;61;79;96m[48;2;68;87;103m▀[0m[38;2;74;92;110m[48;2;76;92;107m▀[0m[38;2;102;118;135m[48;2;82;96;109m▀[0m[38;2;37;51;65m[48;2;37;51;65m▀[0m[38;2;28;42;55m[48;2;25;42;57m▀[0m[38;2;19;34;48m[48;2;24;41;55m▀[0m[38;2;16;32;46m[48;2;12;26;39m▀[0m[38;2;4;11;20m[48;2;13;27;40m▀[0m[38;2;23;42;58m[48;2;22;40;55m▀[0m[38;2;18;36;51m[48;2;18;33;47m▀[0m[38;2;21;41;57m[48;2;22;42;59m▀[0m[38;2;9;23;34m[48;2;11;26;39m▀[0m[38;2;8;11;15m[48;2;8;11;15m▀[0m[38;2;7;9;11m[48;2;7;9;11m▀[0m
[38;2;22;29;35m[48;2;22;28;34m▀[0m[38;2;27;38;47m[48;2;27;36;45m▀[0m[38;2;80;106;127m[48;2;69;94;115m▀[0m[38;2;212;223;233m[48;2;207;220;231m▀[0m[38;2;196;208;219m[48;2;207;218;227m▀[0m[38;2;173;188;202m[48;2;123;147;168m▀[0m[38;2;162;180;197m[48;2;157;175;192m▀[0m[38;2;147;169;189m[48;2;160;174;188m▀[0m[38;2;125;150;172m[48;2;180;190;200m▀[0m[38;2;171;184;197m[48;2;192;201;211m▀[0m[38;2;175;188;201m[48;2;189;200;210m▀[0m[38;2;178;193;206m[48;2;173;186;198m▀[0m[38;2;180;194;207m[48;2;188;199;210m▀[0m[38;2;170;186;202m[48;2;193;203;213m▀[0m[38;2;145;169;189m[48;2;174;188;201m▀[0m[38;2;98;136;164m[48;2;129;156;178m▀[0m[38;2;110;146;173m[48;2;127;152;174m▀[0m[38;2;123;153;177m[48;2;129;153;174m▀[0m[38;2;152;173;191m[48;2;117;142;164m▀[0m[38;2;173;188;201m[48;2;147;169;188m▀[0m[38;2;98;126;147m[48;2;125;142;156m▀[0m[38;2;6;56;91m[48;2;15;42;65m▀[0m[38;2;90;112;130m[48;2;30;45;62m▀[0m[38;2;149;158;165m[48;2;51;101;135m▀[0m[38;2;83;95;108m[48;2;97;136;161m▀[0m[38;2;88;102;116m[48;2;134;143;153m▀[0m[38;2;103;117;132m[48;2;141;149;159m▀[0m[38;2;123;134;147m[48;2;110;118;128m▀[0m[38;2;80;91;101m[48;2;49;61;74m▀[0m[38;2;38;52;66m[48;2;27;41;54m▀[0m[38;2;22;39;52m[48;2;13;26;38m▀[0m[38;2;21;37;51m[48;2;15;29;41m▀[0m[38;2;12;25;37m[48;2;21;35;49m▀[0m[38;2;19;34;47m[48;2;20;36;49m▀[0m[38;2;22;39;53m[48;2;28;47;63m▀[0m[38;2;19;34;48m[48;2;22;39;54m▀[0m[38;2;28;48;67m[48;2;23;41;58m▀[0m[38;2;12;27;40m[48;2;10;24;36m▀[0m[38;2;8;11;16m[48;2;8;11;15m▀[0m[38;2;7;9;12m[48;2;7;9;11m▀[0m
[38;2;21;27;33m[48;2;20;25;31m▀[0m[38;2;26;34;42m[48;2;24;31;39m▀[0m[38;2;53;76;95m[48;2;39;57;73m▀[0m[38;2;196;211;224m[48;2;175;195;211m▀[0m[38;2;195;207;218m[48;2;194;204;215m▀[0m[38;2;181;194;206m[48;2;196;206;216m▀[0m[38;2;176;192;207m[48;2;205;213;222m▀[0m[38;2;174;184;194m[48;2;197;206;214m▀[0m[38;2;189;198;207m[48;2;203;210;218m▀[0m[38;2;194;203;211m[48;2;200;207;214m▀[0m[38;2;203;212;219m[48;2;198;205;213m▀[0m[38;2;171;184;196m[48;2;178;188;199m▀[0m[38;2;173;184;196m[48;2;169;180;191m▀[0m[38;2;198;207;216m[48;2;175;185;196m▀[0m[38;2;156;170;183m[48;2;138;151;166m▀[0m[38;2;124;143;161m[48;2;143;158;171m▀[0m[38;2;132;152;171m[48;2;146;160;174m▀[0m[38;2;107;130;150m[48;2;141;155;170m▀[0m[38;2;105;129;149m[48;2;138;151;166m▀[0m[38;2;111;135;156m[48;2;85;102;120m▀[0m[38;2;75;102;122m[48;2;66;86;104m▀[0m[38;2;79;105;125m[48;2;98;119;138m▀[0m[38;2;144;156;168m[48;2;148;164;180m▀[0m[38;2;7;49;87m[48;2;63;156;192m▀[0m[38;2;33;167;211m[48;2;77;226;242m▀[0m[38;2;78;159;192m[48;2;70;171;201m▀[0m[38;2;100;123;142m[48;2;25;87;127m▀[0m[38;2;65;80;94m[48;2;27;73;105m▀[0m[38;2;37;50;63m[48;2;31;53;72m▀[0m[38;2;24;39;53m[48;2;29;46;61m▀[0m[38;2;14;29;41m[48;2;22;37;51m▀[0m[38;2;13;27;39m[48;2;21;36;49m▀[0m[38;2;33;51;67m[48;2;34;53;70m▀[0m[38;2;34;54;72m[48;2;37;57;76m▀[0m[38;2;33;53;72m[48;2;31;50;67m▀[0m[38;2;24;43;60m[48;2;19;36;51m▀[0m[38;2;27;48;66m[48;2;22;42;60m▀[0m[38;2;8;20;30m[48;2;7;16;24m▀[0m[38;2;8;11;15m[48;2;8;10;14m▀[0m[38;2;7;9;11m▀[0m
[38;2;19;24;30m[48;2;18;23;28m▀[0m[38;2;23;29;36m[48;2;21;28;34m▀[0m[38;2;31;44;56m[48;2;26;36;46m▀[0m[38;2;136;160;180m[48;2;79;105;126m▀[0m[38;2;198;209;219m[48;2;199;211;222m▀[0m[38;2;200;209;218m[48;2;210;218;226m▀[0m[38;2;198;207;217m[48;2;209;216;224m▀[0m[38;2;140;167;189m[48;2;170;187;203m▀[0m[38;2;163;174;184m[48;2;156;173;188m▀[0m[38;2;200;207;215m[48;2;157;166;176m▀[0m[38;2;185;193;201m[48;2;154;163;173m▀[0m[38;2;166;176;186m[48;2;151;160;171m▀[0m[38;2;185;193;203m[48;2;155;165;176m▀[0m[38;2;175;185;196m[48;2;169;179;190m▀[0m[38;2;151;162;174m[48;2;147;160;172m▀[0m[38;2;146;158;170m[48;2;150;162;174m▀[0m[38;2;142;154;166m[48;2;128;141;154m▀[0m[38;2;138;150;163m[48;2;133;145;159m▀[0m[38;2;145;157;171m[48;2;140;153;168m▀[0m[38;2;113;130;147m[48;2;130;146;162m▀[0m[38;2;79;98;116m[48;2;112;129;147m▀[0m[38;2;68;88;107m[48;2;77;96;113m▀[0m[38;2;75;95;113m[48;2;59;79;97m▀[0m[38;2;66;88;107m[48;2;71;110;132m▀[0m[38;2;149;184;199m[48;2;81;98;111m▀[0m[38;2;50;145;188m[48;2;38;56;71m▀[0m[38;2;12;92;134m[48;2;40;73;97m▀[0m[38;2;8;61;100m[48;2;13;50;82m▀[0m[38;2;19;80;122m[48;2;4;20;40m▀[0m[38;2;34;54;71m[48;2;31;70;101m▀[0m[38;2;18;32;46m[48;2;25;42;56m▀[0m[38;2;20;34;48m[48;2;26;42;57m▀[0m[38;2;34;52;69m[48;2;30;48;64m▀[0m[38;2;32;51;68m[48;2;35;57;76m▀[0m[38;2;38;61;81m[48;2;36;60;82m▀[0m[38;2;24;43;61m[48;2;28;49;68m▀[0m[38;2;20;40;56m[48;2;14;29;43m▀[0m[38;2;8;14;19m[48;2;9;12;16m▀[0m[38;2;8;10;13m[48;2;8;10;12m▀[0m[38;2;7;8;11m▀[0m
[38;2;17;22;26m[48;2;15;20;25m▀[0m[38;2;20;25;30m[48;2;18;23;28m▀[0m[38;2;23;31;38m[48;2;21;27;34m▀[0m[38;2;41;59;75m[48;2;27;38;49m▀[0m[38;2;175;193;208m[48;2;100;125;146m▀[0m[38;2;199;209;218m[48;2;195;206;217m▀[0m[38;2;201;209;217m[48;2;186;197;207m▀[0m[38;2;192;202;212m[48;2;175;186;197m▀[0m[38;2;165;180;194m[48;2;127;143;157m▀[0m[38;2;202;207;212m[48;2;112;126;139m▀[0m[38;2;176;183;192m[48;2;155;163;172m▀[0m[38;2;173;180;189m[48;2;187;194;202m▀[0m[38;2;155;164;174m[48;2;166;173;183m▀[0m[38;2;165;174;185m[48;2;152;159;168m▀[0m[38;2;150;161;172m[48;2;152;162;174m▀[0m[38;2;149;159;172m[48;2;141;151;162m▀[0m[38;2;149;160;173m[48;2;143;154;167m▀[0m[38;2;134;146;161m[48;2;138;150;164m▀[0m[38;2;132;146;162m[48;2;132;144;160m▀[0m[38;2;117;133;151m[48;2;103;121;139m▀[0m[38;2;120;137;155m[48;2;68;85;102m▀[0m[38;2;88;104;120m[48;2;38;50;62m▀[0m[38;2;83;102;120m[48;2;55;85;105m▀[0m[38;2;81;110;127m[48;2;28;44;59m▀[0m[38;2;10;26;39m[48;2;24;41;56m▀[0m[38;2;10;23;36m[48;2;10;23;35m▀[0m[38;2;18;33;47m[48;2;12;28;42m▀[0m[38;2;41;63;83m[48;2;24;41;56m▀[0m[38;2;12;38;64m[48;2;33;68;88m▀[0m[38;2;15;69;109m[48;2;8;87;137m▀[0m[38;2;38;62;82m[48;2;33;116;160m▀[0m[38;2;32;50;65m[48;2;41;65;86m▀[0m[38;2;35;55;73m[48;2;26;45;62m▀[0m[38;2;21;36;51m[48;2;30;50;68m▀[0m[38;2;27;47;66m[48;2;33;56;77m▀[0m[38;2;28;50;70m[48;2;20;40;57m▀[0m[38;2;8;17;26m[48;2;9;13;18m▀[0m[38;2;9;11;15m[48;2;8;11;14m▀[0m[38;2;7;9;12m[48;2;7;9;11m▀[0m
[38;2;14;19;23m[48;2;14;18;22m▀[0m[38;2;16;21;26m[48;2;15;20;24m▀[0m[38;2;19;25;30m[48;2;17;22;27m▀[0m[38;2;22;30;38m[48;2;19;25;31m▀[0m[38;2;39;57;73m[48;2;24;33;43m▀[0m[38;2;157;178;195m[48;2;72;95;116m▀[0m[38;2;189;199;210m[48;2;167;183;199m▀[0m[38;2;189;199;209m[48;2;165;178;192m▀[0m[38;2;127;143;157m[48;2;161;174;186m▀[0m[38;2;100;120;139m[48;2;152;169;185m▀[0m[38;2;133;148;163m[48;2;115;137;157m▀[0m[38;2;151;160;170m[48;2;153;163;175m▀[0m[38;2;136;144;154m[48;2;136;146;156m▀[0m[38;2;131;139;150m[48;2;111;119;129m▀[0m[38;2;144;154;166m[48;2;124;133;145m▀[0m[38;2;160;170;181m[48;2;117;128;141m▀[0m[38;2;138;151;165m[48;2;110;123;137m▀[0m[38;2;110;124;138m[48;2;105;116;129m▀[0m[38;2;98;111;125m[48;2;86;99;112m▀[0m[38;2;82;98;114m[48;2;73;88;103m▀[0m[38;2;61;74;89m[48;2;54;69;84m▀[0m[38;2;53;66;81m[48;2;61;87;106m▀[0m[38;2;72;106;127m[48;2;44;61;77m▀[0m[38;2;37;53;69m[48;2;28;43;58m▀[0m[38;2;28;44;59m[48;2;27;43;57m▀[0m[38;2;16;32;45m[48;2;26;43;58m▀[0m[38;2;17;33;47m[48;2;28;46;62m▀[0m[38;2;23;40;55m[48;2;22;40;54m▀[0m[38;2;31;49;66m[48;2;25;43;58m▀[0m[38;2;26;74;104m[48;2;41;81;104m▀[0m[38;2;8;60;97m[48;2;20;73;101m▀[0m[38;2;11;40;63m[48;2;25;55;78m▀[0m[38;2;27;47;64m[48;2;33;55;74m▀[0m[38;2;34;54;74m[48;2;33;55;76m▀[0m[38;2;31;54;74m[48;2;18;36;52m▀[0m[38;2;10;20;30m[48;2;9;13;18m▀[0m[38;2;9;12;16m[48;2;8;11;15m▀[0m[38;2;8;10;13m[48;2;7;9;12m▀[0m[38;2;7;8;11m▀[0m
[38;2;13;17;21m[48;2;13;15;19m▀[0m[38;2;14;18;22m[48;2;13;17;21m▀[0m[38;2;15;20;24m[48;2;13;18;22m▀[0m[38;2;17;22;27m[48;2;15;20;24m▀[0m[38;2;19;25;32m[48;2;17;22;27m▀[0m[38;2;27;39;50m[48;2;19;26;34m▀[0m[38;2;97;121;142m[48;2;28;42;55m▀[0m[38;2;159;176;191m[48;2;103;127;148m▀[0m[38;2;147;160;173m[48;2;156;171;186m▀[0m[38;2;129;142;155m[48;2;140;152;165m▀[0m[38;2;151;165;179m[48;2;144;156;169m▀[0m[38;2;156;168;179m[48;2;92;104;118m▀[0m[38;2;155;162;171m[48;2;125;134;144m▀[0m[38;2;164;170;177m[48;2;144;151;159m▀[0m[38;2;111;121;133m[48;2;148;154;162m▀[0m[38;2;98;110;124m[48;2;91;102;115m▀[0m[38;2;101;113;126m[48;2;65;77;91m▀[0m[38;2;107;116;128m[48;2;94;105;117m▀[0m[38;2;61;73;86m[48;2;63;75;88m▀[0m[38;2;55;67;81m[48;2;56;69;84m▀[0m[38;2;49;67;85m[48;2;40;55;70m▀[0m[38;2;49;67;83m[48;2;32;47;62m▀[0m[38;2;33;48;63m[48;2;30;44;59m▀[0m[38;2;29;44;58m[48;2;36;52;68m▀[0m[38;2;26;41;55m[48;2;33;49;65m▀[0m[38;2;28;45;61m[48;2;30;46;62m▀[0m[38;2;26;43;58m[48;2;31;48;64m▀[0m[38;2;23;40;55m[48;2;34;52;69m▀[0m[38;2;27;45;61m[48;2;37;56;74m▀[0m[38;2;26;44;60m[48;2;33;53;70m▀[0m[38;2;33;114;146m[48;2;40;70;95m▀[0m[38;2;28;63;89m[48;2;25;53;77m▀[0m[38;2;29;56;78m[48;2;22;44;63m▀[0m[38;2;22;44;62m[48;2;9;18;27m▀[0m[38;2;9;16;22m[48;2;9;12;16m▀[0m[38;2;9;12;16m[48;2;9;11;14m▀[0m[38;2;8;10;13m[48;2;7;9;12m▀[0m[38;2;7;9;12m[48;2;7;8;11m▀[0m
[38;2;12;14;18m[48;2;11;13;15m▀[0m[38;2;13;15;19m[48;2;12;14;18m▀[0m[38;2;13;16;21m[48;2;12;15;19m▀[0m[38;2;13;18;23m[48;2;13;16;20m▀[0m[38;2;15;20;24m[48;2;13;17;21m▀[0m[38;2;17;22;27m[48;2;14;19;23m▀[0m[38;2;19;26;34m[48;2;15;22;26m▀[0m[38;2;28;41;55m[48;2;18;24;31m▀[0m[38;2;91;116;138m[48;2;24;35;47m▀[0m[38;2;114;135;153m[48;2;64;88;109m▀[0m[38;2;105;121;137m[48;2;112;136;156m▀[0m[38;2;135;149;163m[48;2;115;132;149m▀[0m[38;2;112;126;140m[48;2;98;114;131m▀[0m[38;2;127;139;152m[48;2;77;92;109m▀[0m[38;2;115;124;134m[48;2;96;110;125m▀[0m[38;2;55;67;77m[48;2;37;52;66m▀[0m[38;2;58;70;81m[48;2;39;52;65m▀[0m[38;2;72;83;97m[48;2;146;155;165m▀[0m[38;2;71;82;96m[48;2;60;74;90m▀[0m[38;2;33;47;60m[48;2;41;56;71m▀[0m[38;2;33;48;63m[48;2;39;55;70m▀[0m[38;2;37;53;69m[48;2;39;55;70m▀[0m[38;2;36;51;67m[48;2;36;52;67m▀[0m[38;2;40;57;74m[48;2;40;57;75m▀[0m[38;2;47;65;85m[48;2;44;64;82m▀[0m[38;2;43;62;80m[48;2;45;65;85m▀[0m[38;2;44;65;85m[48;2;47;70;92m▀[0m[38;2;42;63;84m[48;2;50;75;99m▀[0m[38;2;42;63;84m[48;2;46;74;98m▀[0m[38;2;43;66;87m[48;2;41;66;89m▀[0m[38;2;38;69;93m[48;2;22;44;62m▀[0m[38;2;22;48;69m[48;2;9;18;26m▀[0m[38;2;9;19;29m[48;2;9;13;17m▀[0m[38;2;10;13;17m[48;2;9;12;15m▀[0m[38;2;9;11;15m[48;2;8;10;13m▀[0m[38;2;7;10;13m[48;2;7;9;12m▀[0m[38;2;7;9;12m▀[0m
[38;2;11;12;14m[48;2;9;10;12m▀[0m[38;2;11;13;15m[48;2;10;12;13m▀[0m[38;2;11;13;17m[48;2;10;12;15m▀[0m[38;2;12;14;18m[48;2;10;13;15m▀[0m[38;2;13;15;19m[48;2;11;13;17m▀[0m[38;2;13;16;21m[48;2;12;15;18m▀[0m[38;2;13;18;22m[48;2;12;15;19m▀[0m[38;2;13;20;24m[48;2;13;17;20m▀[0m[38;2;15;22;28m[48;2;13;18;22m▀[0m[38;2;19;28;37m[48;2;13;20;25m▀[0m[38;2;36;56;73m[48;2;15;22;29m▀[0m[38;2;74;100;123m[48;2;19;29;39m▀[0m[38;2;77;98;117m[48;2;30;48;64m▀[0m[38;2;83;98;114m[48;2;46;67;86m▀[0m[38;2;90;104;117m[48;2;80;97;113m▀[0m[38;2;63;77;92m[48;2;42;61;78m▀[0m[38;2;55;71;85m[48;2;38;57;74m▀[0m[38;2;61;76;90m[48;2;38;58;76m▀[0m[38;2;39;56;71m[48;2;37;58;76m▀[0m[38;2;37;55;71m[48;2;37;57;75m▀[0m[38;2;38;56;73m[48;2;39;61;80m▀[0m[38;2;36;54;71m[48;2;42;66;87m▀[0m[38;2;38;58;77m[48;2;43;67;88m▀[0m[38;2;44;65;84m[48;2;48;75;99m▀[0m[38;2;47;70;92m[48;2;46;74;98m▀[0m[38;2;49;76;101m[48;2;43;75;101m▀[0m[38;2;44;72;96m[48;2;37;69;95m▀[0m[38;2;44;73;99m[48;2;20;41;58m▀[0m[38;2;35;63;87m[48;2;10;19;28m▀[0m[38;2;16;34;49m[48;2;9;14;19m▀[0m[38;2;9;16;23m[48;2;10;12;16m▀[0m[38;2;9;13;17m[48;2;8;11;14m▀[0m[38;2;9;11;14m[48;2;7;10;13m▀[0m[38;2;8;10;13m[48;2;7;9;12m▀[0m[38;2;7;9;12m[48;2;7;8;11m▀[0m[38;2;6;8;11m▀[0m
[38;2;8;10;11m▀[0m[38;2;9;10;12m[48;2;8;9;11m▀[0m[38;2;9;11;13m[48;2;8;9;11m▀[0m[38;2;10;11;14m[48;2;9;10;11m▀[0m[38;2;10;12;15m[48;2;9;10;12m▀[0m[38;2;10;13;16m[48;2;9;11;13m▀[0m[38;2;11;13;17m[48;2;10;12;15m▀[0m[38;2;11;14;18m[48;2;9;12;15m▀[0m[38;2;12;15;19m[48;2;10;13;16m▀[0m[38;2;13;16;20m[48;2;10;13;17m▀[0m[38;2;13;17;21m[48;2;11;14;18m▀[0m[38;2;13;18;23m[48;2;11;15;18m▀[0m[38;2;14;20;26m[48;2;12;15;19m▀[0m[38;2;15;24;32m[48;2;13;16;21m▀[0m[38;2;17;30;42m[48;2;13;17;22m▀[0m[38;2;24;42;58m[48;2;12;18;24m▀[0m[38;2;29;50;68m[48;2;12;20;27m▀[0m[38;2;33;56;76m[48;2;13;22;31m▀[0m[38;2;37;62;83m[48;2;13;24;34m▀[0m[38;2;41;68;90m[48;2;14;26;37m▀[0m[38;2;43;70;94m[48;2;13;26;37m▀[0m[38;2;40;68;92m[48;2;12;24;34m▀[0m[38;2;35;63;87m[48;2;11;21;30m▀[0m[38;2;31;57;78m[48;2;10;18;25m▀[0m[38;2;23;45;64m[48;2;9;15;21m▀[0m[38;2;14;29;42m[48;2;10;14;18m▀[0m[38;2;9;18;27m[48;2;10;13;17m▀[0m[38;2;9;14;20m[48;2;9;12;15m▀[0m[38;2;9;12;16m[48;2;8;11;14m▀[0m[38;2;9;11;15m[48;2;7;9;13m▀[0m[38;2;8;11;14m[48;2;7;9;12m▀[0m[38;2;7;10;13m[48;2;7;8;11m▀[0m[38;2;7;9;12m▀[0m[38;2;6;8;11m▀[0m
    [38;2;8;9;11m▀[0m[38;2;9;10;11m▀[0m[38;2;9;10;12m▀[0m[38;2;9;11;13m▀[0m[38;2;9;11;14m[48;2;8;9;11m▀[0m[38;2;9;12;15m[48;2;8;10;12m▀[0m[38;2;10;12;16m[48;2;9;10;13m▀[0m[38;2;10;13;16m[48;2;9;10;14m▀[0m[38;2;10;13;17m[48;2;9;11;14m▀[0m[38;2;11;13;17m[48;2;9;11;14m▀[0m[38;2;11;14;17m[48;2;9;11;15m▀[0m[38;2;11;14;17m[48;2;9;11;15m▀[0m[38;2;11;14;18m[48;2;9;11;15m▀[0m[38;2;11;15;19m[48;2;9;12;15m▀[0m[38;2;11;15;19m[48;2;9;12;15m▀[0m[38;2;11;15;19m[48;2;10;12;15m▀[0m[38;2;11;14;19m[48;2;9;11;15m▀[0m[38;2;10;14;18m[48;2;9;11;14m▀[0m[38;2;10;13;17m[48;2;9;11;14m▀[0m[38;2;10;13;16m[48;2;8;10;13m▀[0m[38;2;9;12;15m[48;2;8;10;12m▀[0m[38;2;9;11;14m[48;2;7;9;12m▀[0m[38;2;8;11;14m[48;2;7;9;11m▀[0m[38;2;7;10;12m[48;2;7;8;11m▀[0m[38;2;7;9;12m▀[0m[38;2;7;8;11m▀[0m
