      [38;2;108;144;184m▄[0m[38;2;187;202;219m▄[0m[38;2;107;143;184m▄[0m[38;2;178;192;208m▄[0m[38;2;169;183;198m▄[0m[38;2;157;170;184m▄[0m[38;2;142;154;167m▄[0m[38;2;122;132;143m▄[0m
   [38;2;190;205;222m▄[0m[38;2;109;145;186m[48;2;117;157;201m▀[0m[38;2;197;213;231m[48;2;119;159;204m▀[0m[38;2;116;155;199m[48;2;120;160;204m▀[0m[38;2;197;213;230m[48;2;120;159;203m▀[0m[38;2;192;208;224m[48;2;197;214;231m▀[0m[38;2;185;200;216m[48;2;188;204;220m▀[0m[38;2;176;190;206m[48;2;178;192;208m▀[0m[38;2;165;179;193m[48;2;167;181;195m▀[0m[38;2;89;119;152m[48;2;90;120;155m▀[0m[38;2;137;148;160m[48;2;82;109;140m▀[0m[38;2;117;127;137m[48;2;124;134;145m▀[0m[38;2;52;69;89m[48;2;103;112;121m▀[0m[38;2;43;58;74m▄[0m
  [38;2;107;143;183m[48;2;192;208;224m▀[0m[38;2;116;155;199m[48;2;200;217;234m▀[0m[38;2;204;221;239m[48;2;207;224;242m▀[0m[38;2;210;227;245m[48;2;230;247;255m▀[0m[38;2;223;239;255m[48;2;188;227;255m▀[0m[38;2;148;186;230m[48;2;255;255;255m▀[0m[38;2;139;177;219m[48;2;255;255;255m▀[0m[38;2;121;157;198m[48;2;217;232;248m▀[0m[38;2;106;141;179m[48;2;182;197;212m▀[0m[38;2;166;180;194m[48;2;96;128;163m▀[0m[38;2;153;166;180m[48;2;88;117;150m▀[0m[38;2;140;152;164m[48;2;80;107;137m▀[0m[38;2;124;135;146m[48;2;71;95;122m▀[0m[38;2;106;115;124m[48;2;61;82;105m▀[0m[38;2;84;91;98m[48;2;49;66;85m▀[0m[38;2;29;39;50m[48;2;34;46;59m▀[0m
 [38;2;175;190;206m[48;2;176;191;206m▀[0m[38;2;192;207;224m[48;2;110;146;188m▀[0m[38;2;198;214;232m[48;2;193;209;226m▀[0m[38;2;128;167;211m[48;2;208;224;241m▀[0m[38;2;253;255;255m[48;2;171;208;250m▀[0m[38;2;255;255;255m[48;2;227;255;255m▀[0m[38;2;255;255;255m[48;2;242;255;255m▀[0m[38;2;255;255;255m[48;2;255;255;255m▀[0m[38;2;227;242;255m[48;2;213;227;242m▀[0m[38;2;182;195;210m[48;2;173;186;200m▀[0m[38;2;159;172;186m[48;2;152;164;177m▀[0m[38;2;145;157;170m[48;2;138;150;162m▀[0m[38;2;77;103;132m[48;2;125;136;147m▀[0m[38;2;117;127;137m[48;2;111;120;130m▀[0m[38;2;101;109;118m[48;2;55;74;95m▀[0m[38;2;48;64;82m[48;2;45;60;76m▀[0m[38;2;34;45;58m[48;2;32;42;54m▀[0m[38;2;36;39;43m[48;2;21;28;36m▀[0m
 [38;2;100;134;171m[48;2;95;127;163m▀[0m[38;2;181;196;212m[48;2;172;187;202m▀[0m[38;2;186;201;217m[48;2;176;190;206m▀[0m[38;2;195;210;226m[48;2;106;141;179m▀[0m[38;2;219;235;251m[48;2;187;201;217m▀[0m[38;2;174;209;248m[48;2;195;209;224m▀[0m[38;2;179;213;251m[48;2;192;206;221m▀[0m[38;2;222;236;251m[48;2;177;190;204m▀[0m[38;2;184;198;212m[48;2;159;171;185m▀[0m[38;2;158;171;184m[48;2;144;156;168m▀[0m[38;2;84;111;142m[48;2;132;143;154m▀[0m[38;2;130;141;152m[48;2;70;94;120m▀[0m[38;2;117;127;137m[48;2;63;84;108m▀[0m[38;2;103;112;121m[48;2;94;101;110m▀[0m[38;2;87;94;102m[48;2;78;84;91m▀[0m[38;2;69;75;81m[48;2;60;65;70m▀[0m[38;2;48;52;56m[48;2;39;42;46m▀[0m[38;2;21;28;36m[48;2;21;28;36m▀[0m
 [38;2;89;119;153m[48;2;140;151;163m▀[0m[38;2;162;175;189m[48;2;149;161;174m▀[0m[38;2;96;129;165m[48;2;153;165;179m▀[0m[38;2;166;179;194m[48;2;153;166;179m▀[0m[38;2;166;179;194m[48;2;151;164;177m▀[0m[38;2;165;178;192m[48;2;87;116;148m▀[0m[38;2;160;173;187m[48;2;84;112;143m▀[0m[38;2;152;164;177m[48;2;80;106;136m▀[0m[38;2;142;153;165m[48;2;75;100;128m▀[0m[38;2;131;142;154m[48;2;119;129;140m▀[0m[38;2;121;131;142m[48;2;64;85;109m▀[0m[38;2;110;119;128m[48;2;98;106;114m▀[0m[38;2;97;105;114m[48;2;85;92;100m▀[0m[38;2;83;90;97m[48;2;71;77;83m▀[0m[38;2;67;73;79m[48;2;32;43;55m▀[0m[38;2;49;54;58m[48;2;37;40;44m▀[0m[38;2;36;39;43m[48;2;21;28;36m▀[0m[38;2;36;39;43m[48;2;36;39;43m▀[0m
 [38;2;123;133;144m[48;2;101;109;118m▀[0m[38;2;134;145;157m[48;2;117;127;137m▀[0m[38;2;139;150;162m[48;2;72;96;123m▀[0m[38;2;139;151;163m[48;2;124;134;145m▀[0m[38;2;138;149;161m[48;2;72;96;123m▀[0m[38;2;78;105;134m[48;2;70;93;119m▀[0m[38;2;75;101;129m[48;2;115;124;134m▀[0m[38;2;123;133;144m[48;2;108;117;127m▀[0m[38;2;115;124;135m[48;2;101;109;118m▀[0m[38;2;62;83;106m[48;2;92;99;107m▀[0m[38;2;96;104;112m[48;2;82;88;96m▀[0m[38;2;85;92;99m[48;2;70;76;82m▀[0m[38;2;72;78;84m[48;2;57;62;67m▀[0m[38;2;58;63;68m[48;2;43;46;50m▀[0m[38;2;42;45;49m[48;2;21;28;36m▀[0m[38;2;36;39;43m[48;2;36;39;43m▀[0m[38;2;36;39;43m[48;2;36;39;43m▀[0m[38;2;36;39;43m[48;2;36;39;43m▀[0m
  [38;2;56;75;96m[48;2;66;71;77m▀[0m[38;2;104;113;122m[48;2;82;89;96m▀[0m[38;2;107;116;125m[48;2;51;68;87m▀[0m[38;2;106;115;124m[48;2;87;94;102m▀[0m[38;2;103;112;121m[48;2;50;66;85m▀[0m[38;2;99;107;115m[48;2;47;63;81m▀[0m[38;2;92;100;108m[48;2;75;81;88m▀[0m[38;2;49;66;85m[48;2;67;73;79m▀[0m[38;2;76;82;89m[48;2;34;46;58m▀[0m[38;2;38;51;66m[48;2;48;52;56m▀[0m[38;2;54;59;63m[48;2;21;28;36m▀[0m[38;2;24;32;41m[48;2;21;28;36m▀[0m[38;2;36;39;43m[48;2;36;39;43m▀[0m[38;2;36;39;43m[48;2;21;28;36m▀[0m[38;2;36;39;43m[48;2;36;39;43m▀[0m[38;2;36;39;43m[48;2;36;39;43m▀[0m
   [38;2;51;56;60m▀[0m[38;2;62;68;73m[48;2;36;39;43m▀[0m[38;2;65;71;76m[48;2;37;40;44m▀[0m[38;2;64;69;75m[48;2;39;42;46m▀[0m[38;2;60;66;71m[48;2;21;29;37m▀[0m[38;2;32;43;55m[48;2;21;28;36m▀[0m[38;2;28;37;48m[48;2;21;28;36m▀[0m[38;2;39;42;45m[48;2;36;39;43m▀[0m[38;2;21;28;36m[48;2;21;28;36m▀[0m[38;2;21;28;36m[48;2;21;28;36m▀[0m[38;2;36;39;43m[48;2;36;39;43m▀[0m[38;2;36;39;43m[48;2;36;39;43m▀[0m[38;2;36;39;43m[48;2;36;39;43m▀[0m[38;2;36;39;43m▀[0m
      [38;2;21;28;36m▀[0m[38;2;36;39;43m▀[0m[38;2;36;39;43m▀[0m[38;2;21;28;36m▀[0m[38;2;21;28;36m▀[0m[38;2;36;39;43m▀[0m[38;2;36;39;43m▀[0m[38;2;36;39;43m▀[0m
