                               [38;2;98;101;108m▄[0m[38;2;97;100;106m▄[0m
                             [38;2;74;77;82m▄[0m[38;2;83;85;91m[48;2;99;103;109m▀[0m[38;2;106;110;117m[48;2;108;111;118m▀[0m[38;2;105;108;115m[48;2;106;110;117m▀[0m[38;2;78;81;86m[48;2;95;98;105m▀[0m[38;2;67;69;74m▄[0m
                           [38;2;67;69;73m▄[0m[38;2;69;72;76m[48;2;91;94;101m▀[0m[38;2;94;97;103m[48;2;102;106;113m▀[0m[38;2;104;108;115m[48;2;108;112;119m▀[0m[38;2;108;112;119m[48;2;110;114;121m▀[0m[38;2;107;110;117m[48;2;108;112;119m▀[0m[38;2;100;103;110m[48;2;104;107;114m▀[0m[38;2;87;90;95m[48;2;95;98;104m▀[0m[38;2;59;61;65m[48;2;81;84;89m▀[0m[38;2;53;55;58m▄[0m
                         [38;2;65;67;72m▄[0m[38;2;66;68;72m[48;2;92;95;101m▀[0m[38;2;91;94;100m[48;2;103;107;114m▀[0m[38;2;103;106;113m[48;2;111;114;122m▀[0m[38;2;109;113;120m[48;2;115;119;126m▀[0m[38;2;113;116;124m[48;2;117;121;129m▀[0m[38;2;114;117;125m[48;2;117;121;129m▀[0m[38;2;112;116;123m[48;2;115;119;127m▀[0m[38;2;108;112;119m[48;2;112;116;123m▀[0m[38;2;102;105;112m[48;2;107;110;118m▀[0m[38;2;92;95;101m[48;2;99;103;109m▀[0m[38;2;77;80;85m[48;2;89;92;98m▀[0m[38;2;49;50;54m[48;2;74;76;81m▀[0m[38;2;44;46;49m▄[0m
                        [38;2;64;66;70m[48;2;94;97;103m▀[0m[38;2;93;96;102m[48;2;106;110;117m▀[0m[38;2;105;108;115m[48;2;114;118;125m▀[0m[38;2;112;116;123m[48;2;119;123;131m▀[0m[38;2;117;121;129m[48;2;122;126;135m▀[0m[38;2;120;124;132m[48;2;124;128;137m▀[0m[38;2;121;125;133m[48;2;125;129;137m▀[0m[38;2;121;125;133m[48;2;124;128;137m▀[0m[38;2;119;123;131m[48;2;123;127;135m▀[0m[38;2;116;120;128m[48;2;120;124;132m▀[0m[38;2;111;115;123m[48;2;116;120;127m▀[0m[38;2;105;109;116m[48;2;110;114;122m▀[0m[38;2;97;100;107m[48;2;104;107;114m▀[0m[38;2;86;89;95m[48;2;95;98;105m▀[0m[38;2;71;73;78m[48;2;84;87;92m▀[0m[38;2;39;40;43m[48;2;68;71;75m▀[0m[38;2;35;36;38m▄[0m
                      [38;2;97;100;107m▄[0m[38;2;95;98;105m[48;2;110;113;121m▀[0m[38;2;108;111;119m[48;2;118;122;130m▀[0m[38;2;116;120;127m[48;2;124;128;136m▀[0m[38;2;121;125;133m[48;2;128;132;140m▀[0m[38;2;125;129;137m[48;2;130;135;143m▀[0m[38;2;127;131;140m[48;2;132;136;145m▀[0m[38;2;128;133;141m[48;2;132;137;146m▀[0m[38;2;129;133;141m[48;2;132;137;146m▀[0m[38;2;128;132;141m[48;2;131;136;144m▀[0m[38;2;126;130;139m[48;2;130;134;143m▀[0m[38;2;123;127;136m[48;2;127;131;140m▀[0m[38;2;120;124;132m[48;2;124;128;136m▀[0m[38;2;115;119;127m[48;2;119;123;131m▀[0m[38;2;109;113;120m[48;2;114;118;126m▀[0m[38;2;102;105;112m[48;2;108;111;119m▀[0m[38;2;93;96;102m[48;2;100;104;110m▀[0m[38;2;82;84;90m[48;2;91;94;100m▀[0m[38;2;66;68;72m[48;2;79;82;87m▀[0m[38;2;63;65;69m▄[0m
                     [38;2;82;85;90m[48;2;82;85;90m▀[0m[38;2;103;106;113m[48;2;103;106;113m▀[0m[38;2;114;117;125m[48;2;114;117;125m▀[0m[38;2;121;125;133m[48;2;121;125;133m▀[0m[38;2;126;130;139m[48;2;126;130;139m▀[0m[38;2;130;134;143m[48;2;130;134;143m▀[0m[38;2;132;136;145m[48;2;132;136;145m▀[0m[38;2;133;138;147m[48;2;133;138;147m▀[0m[38;2;134;138;147m[48;2;134;138;147m▀[0m[38;2;134;138;147m[48;2;134;138;147m▀[0m[38;2;132;137;146m[48;2;132;137;146m▀[0m[38;2;131;135;144m[48;2;131;135;144m▀[0m[38;2;128;132;141m[48;2;128;132;141m▀[0m[38;2;125;129;137m[48;2;125;129;137m▀[0m[38;2;121;125;133m[48;2;121;125;133m▀[0m[38;2;116;119;127m[48;2;116;119;127m▀[0m[38;2;110;113;121m[48;2;110;113;121m▀[0m[38;2;102;106;113m[48;2;102;106;113m▀[0m[38;2;94;97;103m[48;2;94;97;103m▀[0m[38;2;83;86;91m[48;2;83;86;91m▀[0m[38;2;68;71;75m[48;2;68;71;75m▀[0m[38;2;44;45;48m[48;2;44;45;48m▀[0m
                     [38;2;82;85;90m[48;2;82;85;90m▀[0m[38;2;103;106;113m[48;2;103;106;113m▀[0m[38;2;114;117;125m[48;2;114;117;125m▀[0m[38;2;121;125;133m[48;2;121;125;133m▀[0m[38;2;126;130;139m[48;2;126;130;139m▀[0m[38;2;130;134;143m[48;2;130;134;143m▀[0m[38;2;132;136;145m[48;2;132;136;145m▀[0m[38;2;133;138;147m[48;2;133;138;147m▀[0m[38;2;134;138;147m[48;2;134;138;147m▀[0m[38;2;134;138;147m[48;2;134;138;147m▀[0m[38;2;132;137;146m[48;2;132;137;146m▀[0m[38;2;131;135;144m[48;2;131;135;144m▀[0m[38;2;128;132;141m[48;2;128;132;141m▀[0m[38;2;125;129;137m[48;2;125;129;137m▀[0m[38;2;121;125;133m[48;2;121;125;133m▀[0m[38;2;116;119;127m[48;2;116;119;127m▀[0m[38;2;110;113;121m[48;2;110;113;121m▀[0m[38;2;102;106;113m[48;2;102;106;113m▀[0m[38;2;94;97;103m[48;2;94;97;103m▀[0m[38;2;83;86;91m[48;2;83;86;91m▀[0m[38;2;68;71;75m[48;2;68;71;75m▀[0m[38;2;44;45;48m[48;2;44;45;48m▀[0m
                     [38;2;82;85;90m[48;2;82;85;90m▀[0m[38;2;103;106;113m[48;2;103;106;113m▀[0m[38;2;114;117;125m[48;2;114;117;125m▀[0m[38;2;121;125;133m[48;2;121;125;133m▀[0m[38;2;126;130;139m[48;2;126;130;139m▀[0m[38;2;130;134;143m[48;2;130;134;143m▀[0m[38;2;132;136;145m[48;2;132;136;145m▀[0m[38;2;133;138;147m[48;2;133;138;147m▀[0m[38;2;134;138;147m[48;2;134;138;147m▀[0m[38;2;134;138;147m[48;2;90;200;240m▀[0m[38;2;132;137;146m[48;2;90;200;240m▀[0m[38;2;131;135;144m[48;2;90;200;240m▀[0m[38;2;128;132;141m[48;2;90;200;240m▀[0m[38;2;125;129;137m[48;2;125;129;137m▀[0m[38;2;121;125;133m[48;2;121;125;133m▀[0m[38;2;116;119;127m[48;2;116;119;127m▀[0m[38;2;110;113;121m[48;2;110;113;121m▀[0m[38;2;102;106;113m[48;2;102;106;113m▀[0m[38;2;94;97;103m[48;2;94;97;103m▀[0m[38;2;83;86;91m[48;2;83;86;91m▀[0m[38;2;68;71;75m[48;2;68;71;75m▀[0m[38;2;44;45;48m[48;2;44;45;48m▀[0m
                     [38;2;82;85;90m[48;2;82;85;90m▀[0m[38;2;103;106;113m[48;2;103;106;113m▀[0m[38;2;114;117;125m[48;2;114;117;125m▀[0m[38;2;121;125;133m[48;2;121;125;133m▀[0m[38;2;126;130;139m[48;2;126;130;139m▀[0m[38;2;130;134;143m[48;2;130;134;143m▀[0m[38;2;132;136;145m[48;2;132;136;145m▀[0m[38;2;133;138;147m[48;2;90;200;240m▀[0m[38;2;90;200;240m[48;2;90;200;240m▀[0m[38;2;90;200;240m[48;2;90;200;240m▀[0m[38;2;90;200;240m[48;2;90;200;240m▀[0m[38;2;90;200;240m[48;2;90;200;240m▀[0m[38;2;90;200;240m[48;2;90;200;240m▀[0m[38;2;90;200;240m[48;2;90;200;240m▀[0m[38;2;121;125;133m[48;2;90;200;240m▀[0m[38;2;116;119;127m[48;2;116;119;127m▀[0m[38;2;110;113;121m[48;2;110;113;121m▀[0m[38;2;102;106;113m[48;2;102;106;113m▀[0m[38;2;94;97;103m[48;2;94;97;103m▀[0m[38;2;83;86;91m[48;2;83;86;91m▀[0m[38;2;68;71;75m[48;2;68;71;75m▀[0m[38;2;44;45;48m[48;2;44;45;48m▀[0m
                     [38;2;82;85;90m[48;2;82;85;90m▀[0m[38;2;103;106;113m[48;2;103;106;113m▀[0m[38;2;114;117;125m[48;2;114;117;125m▀[0m[38;2;121;125;133m[48;2;121;125;133m▀[0m[38;2;126;130;139m[48;2;126;130;139m▀[0m[38;2;130;134;143m[48;2;130;134;143m▀[0m[38;2;132;136;145m[48;2;132;136;145m▀[0m[38;2;90;200;240m[48;2;90;200;240m▀[0m[38;2;90;200;240m[48;2;90;200;240m▀[0m[38;2;90;200;240m[48;2;90;200;240m▀[0m[38;2;90;200;240m[48;2;90;200;240m▀[0m[38;2;90;200;240m[48;2;90;200;240m▀[0m[38;2;90;200;240m[48;2;90;200;240m▀[0m[38;2;90;200;240m[48;2;90;200;240m▀[0m[38;2;90;200;240m[48;2;90;200;240m▀[0m[38;2;116;119;127m[48;2;116;119;127m▀[0m[38;2;110;113;121m[48;2;110;113;121m▀[0m[38;2;102;106;113m[48;2;102;106;113m▀[0m[38;2;94;97;103m[48;2;94;97;103m▀[0m[38;2;83;86;91m[48;2;83;86;91m▀[0m[38;2;68;71;75m[48;2;68;71;75m▀[0m[38;2;44;45;48m[48;2;44;45;48m▀[0m
                     [38;2;82;85;90m[48;2;82;85;90m▀[0m[38;2;103;106;113m[48;2;103;106;113m▀[0m[38;2;114;117;125m[48;2;114;117;125m▀[0m[38;2;121;125;133m[48;2;121;125;133m▀[0m[38;2;126;130;139m[48;2;126;130;139m▀[0m[38;2;130;134;143m[48;2;130;134;143m▀[0m[38;2;132;136;145m[48;2;132;136;145m▀[0m[38;2;90;200;240m[48;2;90;200;240m▀[0m[38;2;90;200;240m[48;2;90;200;240m▀[0m[38;2;90;200;240m[48;2;90;200;240m▀[0m[38;2;90;200;240m[48;2;90;200;240m▀[0m[38;2;90;200;240m[48;2;90;200;240m▀[0m[38;2;90;200;240m[48;2;90;200;240m▀[0m[38;2;90;200;240m[48;2;90;200;240m▀[0m[38;2;90;200;240m[48;2;90;200;240m▀[0m[38;2;116;119;127m[48;2;116;119;127m▀[0m[38;2;110;113;121m[48;2;110;113;121m▀[0m[38;2;102;106;113m[48;2;102;106;113m▀[0m[38;2;94;97;103m[48;2;94;97;103m▀[0m[38;2;83;86;91m[48;2;83;86;91m▀[0m[38;2;68;71;75m[48;2;68;71;75m▀[0m[38;2;44;45;48m[48;2;44;45;48m▀[0m
                     [38;2;82;85;90m[48;2;82;85;90m▀[0m[38;2;103;106;113m[48;2;103;106;113m▀[0m[38;2;114;117;125m[48;2;114;117;125m▀[0m[38;2;121;125;133m[48;2;121;125;133m▀[0m[38;2;126;130;139m[48;2;126;130;139m▀[0m[38;2;130;134;143m[48;2;130;134;143m▀[0m[38;2;132;136;145m[48;2;132;136;145m▀[0m[38;2;90;200;240m[48;2;133;138;147m▀[0m[38;2;90;200;240m[48;2;90;200;240m▀[0m[38;2;90;200;240m[48;2;90;200;240m▀[0m[38;2;90;200;240m[48;2;90;200;240m▀[0m[38;2;90;200;240m[48;2;90;200;240m▀[0m[38;2;90;200;240m[48;2;90;200;240m▀[0m[38;2;90;200;240m[48;2;90;200;240m▀[0m[38;2;90;200;240m[48;2;121;125;133m▀[0m[38;2;116;119;127m[48;2;116;119;127m▀[0m[38;2;110;113;121m[48;2;110;113;121m▀[0m[38;2;102;106;113m[48;2;102;106;113m▀[0m[38;2;94;97;103m[48;2;94;97;103m▀[0m[38;2;83;86;91m[48;2;83;86;91m▀[0m[38;2;68;71;75m[48;2;68;71;75m▀[0m[38;2;44;45;48m[48;2;44;45;48m▀[0m
                     [38;2;82;85;90m[48;2;82;85;90m▀[0m[38;2;103;106;113m[48;2;103;106;113m▀[0m[38;2;114;117;125m[48;2;114;117;125m▀[0m[38;2;121;125;133m[48;2;121;125;133m▀[0m[38;2;126;130;139m[48;2;126;130;139m▀[0m[38;2;130;134;143m[48;2;130;134;143m▀[0m[38;2;132;136;145m[48;2;132;136;145m▀[0m[38;2;133;138;147m[48;2;133;138;147m▀[0m[38;2;134;138;147m[48;2;134;138;147m▀[0m[38;2;90;200;240m[48;2;134;138;147m▀[0m[38;2;90;200;240m[48;2;132;137;146m▀[0m[38;2;90;200;240m[48;2;131;135;144m▀[0m[38;2;90;200;240m[48;2;128;132;141m▀[0m[38;2;125;129;137m[48;2;125;129;137m▀[0m[38;2;121;125;133m[48;2;121;125;133m▀[0m[38;2;116;119;127m[48;2;116;119;127m▀[0m[38;2;110;113;121m[48;2;110;113;121m▀[0m[38;2;102;106;113m[48;2;102;106;113m▀[0m[38;2;94;97;103m[48;2;94;97;103m▀[0m[38;2;83;86;91m[48;2;83;86;91m▀[0m[38;2;68;71;75m[48;2;68;71;75m▀[0m[38;2;44;45;48m[48;2;44;45;48m▀[0m
                     [38;2;82;85;90m[48;2;82;85;90m▀[0m[38;2;103;106;113m[48;2;103;106;113m▀[0m[38;2;114;117;125m[48;2;114;117;125m▀[0m[38;2;121;125;133m[48;2;121;125;133m▀[0m[38;2;126;130;139m[48;2;126;130;139m▀[0m[38;2;130;134;143m[48;2;130;134;143m▀[0m[38;2;132;136;145m[48;2;132;136;145m▀[0m[38;2;133;138;147m[48;2;133;138;147m▀[0m[38;2;134;138;147m[48;2;134;138;147m▀[0m[38;2;134;138;147m[48;2;134;138;147m▀[0m[38;2;132;137;146m[48;2;132;137;146m▀[0m[38;2;131;135;144m[48;2;131;135;144m▀[0m[38;2;128;132;141m[48;2;128;132;141m▀[0m[38;2;125;129;137m[48;2;125;129;137m▀[0m[38;2;121;125;133m[48;2;121;125;133m▀[0m[38;2;116;119;127m[48;2;116;119;127m▀[0m[38;2;110;113;121m[48;2;110;113;121m▀[0m[38;2;102;106;113m[48;2;102;106;113m▀[0m[38;2;94;97;103m[48;2;94;97;103m▀[0m[38;2;83;86;91m[48;2;83;86;91m▀[0m[38;2;68;71;75m[48;2;68;71;75m▀[0m[38;2;44;45;48m[48;2;44;45;48m▀[0m
                     [38;2;82;85;90m[48;2;82;85;90m▀[0m[38;2;103;106;113m[48;2;103;106;113m▀[0m[38;2;114;117;125m[48;2;114;117;125m▀[0m[38;2;121;125;133m[48;2;121;125;133m▀[0m[38;2;126;130;139m[48;2;126;130;139m▀[0m[38;2;130;134;143m[48;2;130;134;143m▀[0m[38;2;132;136;145m[48;2;132;136;145m▀[0m[38;2;133;138;147m[48;2;133;138;147m▀[0m[38;2;134;138;147m[48;2;134;138;147m▀[0m[38;2;134;138;147m[48;2;134;138;147m▀[0m[38;2;132;137;146m[48;2;132;137;146m▀[0m[38;2;131;135;144m[48;2;131;135;144m▀[0m[38;2;128;132;141m[48;2;128;132;141m▀[0m[38;2;125;129;137m[48;2;125;129;137m▀[0m[38;2;121;125;133m[48;2;121;125;133m▀[0m[38;2;116;119;127m[48;2;116;119;127m▀[0m[38;2;110;113;121m[48;2;110;113;121m▀[0m[38;2;102;106;113m[48;2;102;106;113m▀[0m[38;2;94;97;103m[48;2;94;97;103m▀[0m[38;2;83;86;91m[48;2;83;86;91m▀[0m[38;2;68;71;75m[48;2;68;71;75m▀[0m[38;2;44;45;48m[48;2;44;45;48m▀[0m
                     [38;2;82;85;90m[48;2;82;85;90m▀[0m[38;2;103;106;113m[48;2;103;106;113m▀[0m[38;2;114;117;125m[48;2;114;117;125m▀[0m[38;2;121;125;133m[48;2;121;125;133m▀[0m[38;2;126;130;139m[48;2;126;130;139m▀[0m[38;2;130;134;143m[48;2;130;134;143m▀[0m[38;2;132;136;145m[48;2;132;136;145m▀[0m[38;2;133;138;147m[48;2;133;138;147m▀[0m[38;2;134;138;147m[48;2;134;138;147m▀[0m[38;2;134;138;147m[48;2;134;138;147m▀[0m[38;2;132;137;146m[48;2;132;137;146m▀[0m[38;2;131;135;144m[48;2;131;135;144m▀[0m[38;2;128;132;141m[48;2;128;132;141m▀[0m[38;2;125;129;137m[48;2;125;129;137m▀[0m[38;2;121;125;133m[48;2;121;125;133m▀[0m[38;2;116;119;127m[48;2;116;119;127m▀[0m[38;2;110;113;121m[48;2;110;113;121m▀[0m[38;2;102;106;113m[48;2;102;106;113m▀[0m[38;2;94;97;103m[48;2;94;97;103m▀[0m[38;2;83;86;91m[48;2;83;86;91m▀[0m[38;2;68;71;75m[48;2;68;71;75m▀[0m[38;2;44;45;48m[48;2;44;45;48m▀[0m
                     [38;2;82;85;90m[48;2;82;85;90m▀[0m[38;2;103;106;113m[48;2;103;106;113m▀[0m[38;2;114;117;125m[48;2;114;117;125m▀[0m[38;2;121;125;133m[48;2;121;125;133m▀[0m[38;2;126;130;139m[48;2;126;130;139m▀[0m[38;2;130;134;143m[48;2;130;134;143m▀[0m[38;2;132;136;145m[48;2;132;136;145m▀[0m[38;2;133;138;147m[48;2;133;138;147m▀[0m[38;2;134;138;147m[48;2;134;138;147m▀[0m[38;2;134;138;147m[48;2;134;138;147m▀[0m[38;2;132;137;146m[48;2;132;137;146m▀[0m[38;2;131;135;144m[48;2;131;135;144m▀[0m[38;2;128;132;141m[48;2;128;132;141m▀[0m[38;2;125;129;137m[48;2;125;129;137m▀[0m[38;2;121;125;133m[48;2;121;125;133m▀[0m[38;2;116;119;127m[48;2;116;119;127m▀[0m[38;2;110;113;121m[48;2;110;113;121m▀[0m[38;2;102;106;113m[48;2;102;106;113m▀[0m[38;2;94;97;103m[48;2;94;97;103m▀[0m[38;2;83;86;91m[48;2;83;86;91m▀[0m[38;2;68;71;75m[48;2;68;71;75m▀[0m[38;2;44;45;48m[48;2;44;45;48m▀[0m
                     [38;2;82;85;90m[48;2;82;85;90m▀[0m[38;2;103;106;113m[48;2;103;106;113m▀[0m[38;2;114;117;125m[48;2;114;117;125m▀[0m[38;2;121;125;133m[48;2;121;125;133m▀[0m[38;2;126;130;139m[48;2;126;130;139m▀[0m[38;2;130;134;143m[48;2;130;134;143m▀[0m[38;2;132;136;145m[48;2;132;136;145m▀[0m[38;2;133;138;147m[48;2;133;138;147m▀[0m[38;2;134;138;147m[48;2;134;138;147m▀[0m[38;2;134;138;147m[48;2;134;138;147m▀[0m[38;2;132;137;146m[48;2;132;137;146m▀[0m[38;2;131;135;144m[48;2;131;135;144m▀[0m[38;2;128;132;141m[48;2;128;132;141m▀[0m[38;2;125;129;137m[48;2;125;129;137m▀[0m[38;2;121;125;133m[48;2;121;125;133m▀[0m[38;2;116;119;127m[48;2;116;119;127m▀[0m[38;2;110;113;121m[48;2;110;113;121m▀[0m[38;2;102;106;113m[48;2;102;106;113m▀[0m[38;2;94;97;103m[48;2;94;97;103m▀[0m[38;2;83;86;91m[48;2;83;86;91m▀[0m[38;2;68;71;75m[48;2;68;71;75m▀[0m[38;2;44;45;48m[48;2;44;45;48m▀[0m
                     [38;2;82;85;90m[48;2;82;85;90m▀[0m[38;2;103;106;113m[48;2;103;106;113m▀[0m[38;2;114;117;125m[48;2;114;117;125m▀[0m[38;2;121;125;133m[48;2;121;125;133m▀[0m[38;2;126;130;139m[48;2;126;130;139m▀[0m[38;2;130;134;143m[48;2;130;134;143m▀[0m[38;2;132;136;145m[48;2;132;136;145m▀[0m[38;2;133;138;147m[48;2;133;138;147m▀[0m[38;2;134;138;147m[48;2;134;138;147m▀[0m[38;2;134;138;147m[48;2;134;138;147m▀[0m[38;2;132;137;146m[48;2;132;137;146m▀[0m[38;2;131;135;144m[48;2;131;135;144m▀[0m[38;2;128;132;141m[48;2;128;132;141m▀[0m[38;2;125;129;137m[48;2;125;129;137m▀[0m[38;2;121;125;133m[48;2;121;125;133m▀[0m[38;2;116;119;127m[48;2;116;119;127m▀[0m[38;2;110;113;121m[48;2;110;113;121m▀[0m[38;2;102;106;113m[48;2;102;106;113m▀[0m[38;2;94;97;103m[48;2;94;97;103m▀[0m[38;2;83;86;91m[48;2;83;86;91m▀[0m[38;2;68;71;75m[48;2;68;71;75m▀[0m[38;2;44;45;48m[48;2;44;45;48m▀[0m
                    [38;2;75;77;82m[48;2;75;77;82m▀[0m[38;2;82;85;90m[48;2;82;85;90m▀[0m[38;2;103;106;113m[48;2;103;106;113m▀[0m[38;2;114;117;125m[48;2;114;117;125m▀[0m[38;2;121;125;133m[48;2;121;125;133m▀[0m[38;2;126;130;139m[48;2;126;130;139m▀[0m[38;2;130;134;143m[48;2;130;134;143m▀[0m[38;2;132;136;145m[48;2;132;136;145m▀[0m[38;2;133;138;147m[48;2;133;138;147m▀[0m[38;2;134;138;147m[48;2;134;138;147m▀[0m[38;2;134;138;147m[48;2;134;138;147m▀[0m[38;2;132;137;146m[48;2;132;137;146m▀[0m[38;2;131;135;144m[48;2;131;135;144m▀[0m[38;2;128;132;141m[48;2;128;132;141m▀[0m[38;2;125;129;137m[48;2;125;129;137m▀[0m[38;2;121;125;133m[48;2;121;125;133m▀[0m[38;2;116;119;127m[48;2;116;119;127m▀[0m[38;2;110;113;121m[48;2;110;113;121m▀[0m[38;2;102;106;113m[48;2;102;106;113m▀[0m[38;2;94;97;103m[48;2;94;97;103m▀[0m[38;2;83;86;91m[48;2;83;86;91m▀[0m[38;2;68;71;75m[48;2;68;71;75m▀[0m[38;2;44;45;48m[48;2;44;45;48m▀[0m[38;2;75;77;82m[48;2;75;77;82m▀[0m
                  [38;2;75;77;82m▄[0m[38;2;75;77;82m[48;2;75;77;82m▀[0m[38;2;75;77;82m[48;2;75;77;82m▀[0m[38;2;82;85;90m[48;2;82;85;90m▀[0m[38;2;103;106;113m[48;2;103;106;113m▀[0m[38;2;114;117;125m[48;2;114;117;125m▀[0m[38;2;121;125;133m[48;2;121;125;133m▀[0m[38;2;126;130;139m[48;2;126;130;139m▀[0m[38;2;130;134;143m[48;2;130;134;143m▀[0m[38;2;132;136;145m[48;2;132;136;145m▀[0m[38;2;133;138;147m[48;2;133;138;147m▀[0m[38;2;134;138;147m[48;2;134;138;147m▀[0m[38;2;134;138;147m[48;2;134;138;147m▀[0m[38;2;132;137;146m[48;2;132;137;146m▀[0m[38;2;131;135;144m[48;2;131;135;144m▀[0m[38;2;128;132;141m[48;2;128;132;141m▀[0m[38;2;125;129;137m[48;2;125;129;137m▀[0m[38;2;121;125;133m[48;2;121;125;133m▀[0m[38;2;116;119;127m[48;2;116;119;127m▀[0m[38;2;110;113;121m[48;2;110;113;121m▀[0m[38;2;102;106;113m[48;2;102;106;113m▀[0m[38;2;94;97;103m[48;2;94;97;103m▀[0m[38;2;83;86;91m[48;2;83;86;91m▀[0m[38;2;68;71;75m[48;2;68;71;75m▀[0m[38;2;44;45;48m[48;2;44;45;48m▀[0m[38;2;75;77;82m[48;2;75;77;82m▀[0m[38;2;75;77;82m[48;2;75;77;82m▀[0m[38;2;75;77;82m▄[0m
                 [38;2;75;77;82m▄[0m[38;2;75;77;82m[48;2;75;77;82m▀[0m[38;2;75;77;82m[48;2;75;77;82m▀[0m[38;2;75;77;82m[48;2;75;77;82m▀[0m[38;2;82;85;90m[48;2;82;85;90m▀[0m[38;2;103;106;113m[48;2;103;106;113m▀[0m[38;2;114;117;125m[48;2;114;117;125m▀[0m[38;2;121;125;133m[48;2;121;125;133m▀[0m[38;2;126;130;139m[48;2;126;130;139m▀[0m[38;2;130;134;143m[48;2;130;134;143m▀[0m[38;2;132;136;145m[48;2;132;136;145m▀[0m[38;2;133;138;147m[48;2;133;138;147m▀[0m[38;2;134;138;147m[48;2;134;138;147m▀[0m[38;2;134;138;147m[48;2;134;138;147m▀[0m[38;2;132;137;146m[48;2;132;137;146m▀[0m[38;2;131;135;144m[48;2;131;135;144m▀[0m[38;2;128;132;141m[48;2;128;132;141m▀[0m[38;2;125;129;137m[48;2;125;129;137m▀[0m[38;2;121;125;133m[48;2;121;125;133m▀[0m[38;2;116;119;127m[48;2;116;119;127m▀[0m[38;2;110;113;121m[48;2;110;113;121m▀[0m[38;2;102;106;113m[48;2;102;106;113m▀[0m[38;2;94;97;103m[48;2;94;97;103m▀[0m[38;2;83;86;91m[48;2;83;86;91m▀[0m[38;2;68;71;75m[48;2;68;71;75m▀[0m[38;2;44;45;48m[48;2;44;45;48m▀[0m[38;2;75;77;82m[48;2;75;77;82m▀[0m[38;2;75;77;82m[48;2;75;77;82m▀[0m[38;2;75;77;82m[48;2;75;77;82m▀[0m[38;2;75;77;82m▄[0m
                 [38;2;75;77;82m[48;2;75;77;82m▀[0m[38;2;75;77;82m[48;2;75;77;82m▀[0m[38;2;75;77;82m[48;2;75;77;82m▀[0m[38;2;75;77;82m[48;2;75;77;82m▀[0m[38;2;82;85;90m[48;2;70;73;78m▀[0m[38;2;103;106;113m[48;2;100;103;110m▀[0m[38;2;114;117;125m[48;2;112;116;123m▀[0m[38;2;121;125;133m[48;2;120;124;132m▀[0m[38;2;126;130;139m[48;2;125;129;138m▀[0m[38;2;130;134;143m[48;2;129;133;142m▀[0m[38;2;132;136;145m[48;2;132;136;145m▀[0m[38;2;133;138;147m[48;2;133;138;147m▀[0m[38;2;134;138;147m[48;2;134;138;147m▀[0m[38;2;134;138;147m[48;2;134;138;147m▀[0m[38;2;132;137;146m[48;2;132;137;146m▀[0m[38;2;131;135;144m[48;2;131;135;144m▀[0m[38;2;128;132;141m[48;2;128;132;141m▀[0m[38;2;125;129;137m[48;2;125;129;137m▀[0m[38;2;121;125;133m[48;2;120;125;133m▀[0m[38;2;116;119;127m[48;2;115;119;127m▀[0m[38;2;110;113;121m[48;2;109;113;120m▀[0m[38;2;102;106;113m[48;2;102;105;112m▀[0m[38;2;94;97;103m[48;2;93;96;102m▀[0m[38;2;83;86;91m[48;2;81;84;89m▀[0m[38;2;68;71;75m[48;2;66;68;72m▀[0m[38;2;44;45;48m[48;2;37;38;41m▀[0m[38;2;75;77;82m[48;2;75;77;82m▀[0m[38;2;75;77;82m[48;2;75;77;82m▀[0m[38;2;75;77;82m[48;2;75;77;82m▀[0m[38;2;75;77;82m[48;2;75;77;82m▀[0m
                [38;2;75;77;82m[48;2;75;77;82m▀[0m[38;2;75;77;82m[48;2;75;77;82m▀[0m[38;2;75;77;82m[48;2;75;77;82m▀[0m[38;2;75;77;82m[48;2;75;77;82m▀[0m[38;2;75;77;82m[48;2;75;77;82m▀[0m[38;2;75;77;82m[48;2;75;77;82m▀[0m[38;2;91;94;100m[48;2;69;71;76m▀[0m[38;2;107;110;118m[48;2;100;103;110m▀[0m[38;2;116;120;128m[48;2;112;116;124m▀[0m[38;2;123;127;135m[48;2;120;124;133m▀[0m[38;2;128;132;140m[48;2;126;130;139m▀[0m[38;2;131;135;144m[48;2;130;134;143m▀[0m[38;2;133;137;146m[48;2;132;136;145m▀[0m[38;2;134;138;147m[48;2;133;138;147m▀[0m[38;2;133;138;147m[48;2;133;138;147m▀[0m[38;2;132;137;146m[48;2;132;137;146m▀[0m[38;2;131;135;144m[48;2;131;135;144m▀[0m[38;2;128;132;141m[48;2;128;132;141m▀[0m[38;2;124;129;137m[48;2;124;128;137m▀[0m[38;2;120;124;132m[48;2;119;123;131m▀[0m[38;2;114;118;126m[48;2;113;117;125m▀[0m[38;2;108;111;119m[48;2;106;110;117m▀[0m[38;2;99;103;109m[48;2;97;100;107m▀[0m[38;2;89;92;98m[48;2;85;88;94m▀[0m[38;2;76;79;84m[48;2;69;72;76m▀[0m[38;2;56;58;62m[48;2;37;38;41m▀[0m[38;2;75;77;82m[48;2;75;77;82m▀[0m[38;2;75;77;82m[48;2;75;77;82m▀[0m[38;2;75;77;82m[48;2;75;77;82m▀[0m[38;2;75;77;82m[48;2;75;77;82m▀[0m[38;2;75;77;82m[48;2;75;77;82m▀[0m[38;2;75;77;82m[48;2;75;77;82m▀[0m
                [38;2;75;77;82m[48;2;75;77;82m▀[0m[38;2;75;77;82m[48;2;75;77;82m▀[0m[38;2;75;77;82m[48;2;75;77;82m▀[0m[38;2;75;77;82m[48;2;75;77;82m▀[0m[38;2;75;77;82m[48;2;75;77;82m▀[0m[38;2;75;77;82m[48;2;75;77;82m▀[0m[38;2;75;77;82m[48;2;75;77;82m▀[0m[38;2;90;93;99m[48;2;67;70;74m▀[0m[38;2;107;111;118m[48;2;100;104;110m▀[0m[38;2;117;121;129m[48;2;113;117;125m▀[0m[38;2;124;128;136m[48;2;121;125;134m▀[0m[38;2;128;133;141m[48;2;127;131;140m▀[0m[38;2;131;136;145m[48;2;130;135;144m▀[0m[38;2;133;137;146m[48;2;132;137;146m▀[0m[38;2;133;138;147m[48;2;133;138;146m▀[0m[38;2;132;137;146m[48;2;132;137;146m▀[0m[38;2;131;135;144m[48;2;131;135;144m▀[0m[38;2;128;132;141m[48;2;128;132;140m▀[0m[38;2;124;128;136m[48;2;123;128;136m▀[0m[38;2;119;123;131m[48;2;118;122;130m▀[0m[38;2;112;116;123m[48;2;111;114;122m▀[0m[38;2;104;107;114m[48;2;102;105;112m▀[0m[38;2;94;97;103m[48;2;90;93;99m▀[0m[38;2;80;83;88m[48;2;73;76;81m▀[0m[38;2;59;61;65m[48;2;37;38;41m▀[0m[38;2;75;77;82m[48;2;75;77;82m▀[0m[38;2;75;77;82m[48;2;75;77;82m▀[0m[38;2;75;77;82m[48;2;75;77;82m▀[0m[38;2;75;77;82m[48;2;75;77;82m▀[0m[38;2;75;77;82m[48;2;75;77;82m▀[0m[38;2;75;77;82m[48;2;75;77;82m▀[0m[38;2;75;77;82m[48;2;75;77;82m▀[0m
                [38;2;75;77;82m[48;2;75;77;82m▀[0m[38;2;75;77;82m[48;2;75;77;82m▀[0m[38;2;75;77;82m[48;2;75;77;82m▀[0m[38;2;75;77;82m[48;2;75;77;82m▀[0m[38;2;75;77;82m[48;2;75;77;82m▀[0m[38;2;75;77;82m[48;2;75;77;82m▀[0m[38;2;75;77;82m[48;2;75;77;82m▀[0m[38;2;75;77;82m[48;2;75;77;82m▀[0m[38;2;90;93;99m[48;2;66;68;73m▀[0m[38;2;108;112;119m[48;2;101;104;111m▀[0m[38;2;118;122;130m[48;2;114;118;126m▀[0m[38;2;125;129;138m[48;2;123;127;135m▀[0m[38;2;129;134;142m[48;2;128;132;141m▀[0m[38;2;132;136;145m[48;2;131;136;145m▀[0m[38;2;133;137;146m[48;2;133;137;146m▀[0m[38;2;132;137;146m[48;2;132;137;146m▀[0m[38;2;131;135;144m[48;2;131;135;144m▀[0m[38;2;127;132;140m[48;2;127;132;140m▀[0m[38;2;123;127;135m[48;2;122;126;135m▀[0m[38;2;117;121;128m[48;2;116;119;127m▀[0m[38;2;109;112;120m[48;2;107;110;117m▀[0m[38;2;98;102;108m[48;2;95;98;104m▀[0m[38;2;84;87;93m[48;2;77;80;85m▀[0m[38;2;63;65;69m[48;2;39;40;43m▀[0m[38;2;75;77;82m[48;2;75;77;82m▀[0m[38;2;75;77;82m[48;2;75;77;82m▀[0m[38;2;75;77;82m[48;2;75;77;82m▀[0m[38;2;75;77;82m[48;2;75;77;82m▀[0m[38;2;75;77;82m[48;2;75;77;82m▀[0m[38;2;75;77;82m[48;2;75;77;82m▀[0m[38;2;75;77;82m[48;2;75;77;82m▀[0m[38;2;75;77;82m[48;2;75;77;82m▀[0m
                [38;2;75;77;82m▀[0m[38;2;75;77;82m▀[0m[38;2;75;77;82m▀[0m[38;2;75;77;82m▀[0m[38;2;75;77;82m▀[0m[38;2;75;77;82m▀[0m[38;2;75;77;82m▀[0m[38;2;75;77;82m▀[0m[38;2;75;77;82m▀[0m[38;2;90;93;99m▀[0m[38;2;109;113;120m[48;2;255;197;84m▀[0m[38;2;120;124;132m[48;2;255;202;89m▀[0m[38;2;127;131;139m[48;2;255;208;94m▀[0m[38;2;131;135;144m[48;2;255;205;92m▀[0m[38;2;132;137;146m[48;2;255;200;87m▀[0m[38;2;132;137;146m[48;2;255;201;88m▀[0m[38;2;131;135;144m[48;2;255;206;92m▀[0m[38;2;127;131;140m[48;2;255;207;94m▀[0m[38;2;122;126;134m[48;2;255;200;86m▀[0m[38;2;114;118;125m[48;2;255;191;78m▀[0m[38;2;104;107;114m[48;2;255;185;73m▀[0m[38;2;89;92;98m[48;2;255;181;69m▀[0m[38;2;67;69;73m▀[0m[38;2;75;77;82m▀[0m[38;2;75;77;82m▀[0m[38;2;75;77;82m▀[0m[38;2;75;77;82m▀[0m[38;2;75;77;82m▀[0m[38;2;75;77;82m▀[0m[38;2;75;77;82m▀[0m[38;2;75;77;82m▀[0m[38;2;75;77;82m▀[0m
                          [38;2;255;199;86m▀[0m[38;2;255;208;94m[48;2;255;204;91m▀[0m[38;2;255;217;103m[48;2;255;210;97m▀[0m[38;2;255;213;99m[48;2;255;208;94m▀[0m[38;2;255;206;92m[48;2;255;202;89m▀[0m[38;2;255;204;91m[48;2;255;200;87m▀[0m[38;2;255;207;94m[48;2;255;202;89m▀[0m[38;2;255;207;94m[48;2;255;201;88m▀[0m[38;2;255;198;85m[48;2;255;194;81m▀[0m[38;2;255;188;76m[48;2;255;189;76m▀[0m[38;2;255;183;70m[48;2;255;184;72m▀[0m[38;2;255;180;68m▀[0m
                            [38;2;255;201;88m▀[0m[38;2;255;202;89m[48;2;255;196;83m▀[0m[38;2;255;200;87m[48;2;255;199;86m▀[0m[38;2;255;198;85m[48;2;255;196;83m▀[0m[38;2;255;198;85m[48;2;255;195;82m▀[0m[38;2;255;195;82m[48;2;255;189;76m▀[0m[38;2;255;190;77m[48;2;255;185;73m▀[0m[38;2;255;189;77m▀[0m
                              [38;2;255;196;83m[48;2;255;193;80m▀[0m[38;2;255;194;81m[48;2;255;191;78m▀[0m[38;2;255;191;78m[48;2;255;186;74m▀[0m[38;2;255;186;74m[48;2;255;186;74m▀[0m
                               [38;2;255;189;77m▀[0m[38;2;255;191;78m▀[0m
