            [38;2;2;7;19m▄[0m[38;2;2;17;36m▄[0m[38;2;4;19;37m▄[0m[38;2;2;5;12m▄[0m
 [38;2;2;6;15m[48;2;2;8;21m▀[0m[38;2;3;24;48m▄[0m[38;2;35;42;52m▄[0m[38;2;97;96;94m▄[0m[38;2;98;98;96m▄[0m[38;2;27;26;25m▄[0m      [38;2;2;12;26m▀[0m[38;2;17;36;57m[48;2;29;28;28m▀[0m[38;2;101;101;102m[48;2;151;148;147m▀[0m[38;2;188;187;184m[48;2;149;148;147m▀[0m[38;2;198;197;194m[48;2;147;146;145m▀[0m[38;2;87;87;85m[48;2;185;183;181m▀[0m[38;2;25;25;24m[48;2;204;202;199m▀[0m[38;2;146;145;142m▄[0m[38;2;25;25;24m▄[0m
  [38;2;22;26;33m[48;2;21;21;20m▀[0m[38;2;90;89;89m[48;2;154;152;150m▀[0m[38;2;135;134;132m[48;2;140;139;138m▀[0m[38;2;179;176;173m[48;2;104;103;102m▀[0m[38;2;209;207;204m[48;2;157;155;153m▀[0m[38;2;107;107;104m[48;2;165;163;160m▀[0m[38;2;164;163;159m▄[0m[38;2;17;17;16m[48;2;167;165;162m▀[0m[38;2;184;183;181m[48;2;158;156;153m▀[0m[38;2;174;173;171m[48;2;180;179;175m▀[0m[38;2;108;107;107m[48;2;188;186;185m▀[0m[38;2;107;106;105m[48;2;154;152;149m▀[0m[38;2;83;83;81m[48;2;104;102;100m▀[0m[38;2;60;59;57m[48;2;178;177;173m▀[0m[38;2;108;106;104m[48;2;169;167;163m▀[0m[38;2;155;153;152m[48;2;164;162;159m▀[0m[38;2;139;136;135m[48;2;123;120;118m▀[0m[38;2;87;86;85m[48;2;74;80;79m▀[0m[38;2;89;117;120m[48;2;91;209;221m▀[0m[38;2;70;120;129m[48;2;14;146;172m▀[0m[38;2;17;18;18m[48;2;31;53;60m▀[0m
   [38;2;14;16;19m▀[0m[38;2;124;126;126m[48;2;8;11;13m▀[0m[38;2;154;152;150m[48;2;74;79;83m▀[0m[38;2;104;104;104m[48;2;33;35;37m▀[0m[38;2;28;34;34m[48;2;59;127;135m▀[0m[38;2;101;156;168m[48;2;67;184;200m▀[0m[38;2;74;106;113m[48;2;20;128;157m▀[0m[38;2;201;199;195m[48;2;145;142;138m▀[0m[38;2;199;196;193m[48;2;222;219;214m▀[0m[38;2;172;169;167m[48;2;211;208;204m▀[0m[38;2;162;160;159m[48;2;177;175;172m▀[0m[38;2;175;174;172m[48;2;166;164;163m▀[0m[38;2;167;165;164m[48;2;122;119;118m▀[0m[38;2;200;199;198m[48;2;154;153;152m▀[0m[38;2;186;185;183m[48;2;157;156;155m▀[0m[38;2;124;124;125m[48;2;170;168;166m▀[0m[38;2;91;92;93m[48;2;153;151;149m▀[0m[38;2;84;145;156m[48;2;188;189;187m▀[0m[38;2;56;113;128m[48;2;197;197;194m▀[0m[38;2;61;62;62m[48;2;194;193;191m▀[0m[38;2;131;130;128m[48;2;190;191;191m▀[0m[38;2;171;170;167m[48;2;193;189;185m▀[0m[38;2;145;144;142m[48;2;214;211;207m▀[0m[38;2;38;38;37m[48;2;221;218;215m▀[0m[38;2;145;143;141m▄[0m[38;2;29;29;28m▄[0m
    [38;2;8;14;21m[48;2;35;34;33m▀[0m[38;2;10;14;17m[48;2;78;81;83m▀[0m[38;2;27;34;40m[48;2;32;40;45m▀[0m[38;2;22;62;75m[48;2;25;53;62m▀[0m[38;2;16;123;153m[48;2;97;151;158m▀[0m[38;2;37;75;90m[48;2;166;179;183m▀[0m[38;2;113;115;116m[48;2;189;189;189m▀[0m[38;2;221;219;215m[48;2;213;209;205m▀[0m[38;2;207;204;200m[48;2;217;215;211m▀[0m[38;2;216;213;209m[48;2;217;215;211m▀[0m[38;2;179;177;174m[48;2;217;214;210m▀[0m[38;2;134;132;131m[48;2;190;188;185m▀[0m[38;2;134;134;133m[48;2;133;133;133m▀[0m[38;2;172;171;170m[48;2;108;109;112m▀[0m[38;2;199;196;193m[48;2;139;139;139m▀[0m[38;2;195;192;189m[48;2;119;119;119m▀[0m[38;2;185;182;179m[48;2;139;140;140m▀[0m[38;2;192;190;188m[48;2;181;179;177m▀[0m[38;2;203;201;198m[48;2;136;134;133m▀[0m[38;2;196;200;202m[48;2;135;137;140m▀[0m[38;2;191;197;200m[48;2;169;178;184m▀[0m[38;2;188;195;198m[48;2;201;202;204m▀[0m[38;2;223;221;218m[48;2;175;174;175m▀[0m[38;2;217;215;211m[48;2;112;110;107m▀[0m[38;2;167;166;163m[48;2;180;178;174m▀[0m[38;2;43;42;41m▄[0m
   [38;2;24;24;23m▀[0m[38;2;88;87;86m[48;2;39;38;38m▀[0m[38;2;130;127;125m[48;2;64;65;65m▀[0m[38;2;183;180;178m[48;2;92;90;88m▀[0m[38;2;188;200;199m[48;2;163;162;159m▀[0m[38;2;174;231;234m[48;2;177;197;199m▀[0m[38;2;194;199;199m[48;2;190;191;189m▀[0m[38;2;212;210;206m[48;2;197;195;192m▀[0m[38;2;171;165;159m[48;2;202;200;196m▀[0m[38;2;216;213;209m[48;2;207;205;202m▀[0m[38;2;219;215;212m[48;2;213;210;207m▀[0m[38;2;219;216;212m[48;2;218;214;210m▀[0m[38;2;220;217;213m[48;2;176;172;167m▀[0m[38;2;206;203;199m[48;2;152;148;144m▀[0m[38;2;138;130;122m[48;2;148;146;142m▀[0m[38;2;92;95;99m[48;2;117;119;122m▀[0m[38;2;70;74;80m[48;2;72;78;85m▀[0m[38;2;58;66;74m[48;2;77;82;90m▀[0m[38;2;44;54;65m[48;2;56;68;80m▀[0m[38;2;39;47;55m▄[0m[38;2;27;30;34m[48;2;34;35;39m▀[0m[38;2;49;46;46m[48;2;12;4;2m▀[0m[38;2;80;81;88m[48;2;53;49;49m▀[0m[38;2;111;117;130m[48;2;31;32;37m▀[0m[38;2;72;75;86m[48;2;95;88;89m▀[0m[38;2;168;167;164m[48;2;72;69;71m▀[0m[38;2;157;157;154m[48;2;189;187;183m▀[0m[38;2;155;154;151m▄[0m
     [38;2;23;23;22m▀[0m[38;2;78;79;79m▀[0m[38;2;67;64;62m[48;2;24;25;27m▀[0m[38;2;69;67;67m[48;2;19;21;23m▀[0m[38;2;69;67;67m[48;2;21;22;24m▀[0m[38;2;74;72;72m[48;2;29;29;32m▀[0m[38;2;85;83;82m[48;2;22;21;22m▀[0m[38;2;88;86;86m[48;2;13;14;16m▀[0m[38;2;89;87;89m▀[0m[38;2;108;108;110m[48;2;23;20;19m▀[0m[38;2;115;114;115m[48;2;70;67;68m▀[0m[38;2;93;91;90m[48;2;168;163;159m▀[0m[38;2;111;109;107m[48;2;221;218;213m▀[0m[38;2;156;155;152m[48;2;219;215;210m▀[0m[38;2;87;92;98m[48;2;213;209;204m▀[0m[38;2;62;71;81m[48;2;154;155;156m▀[0m[38;2;63;75;88m[48;2;75;84;94m▀[0m[38;2;52;66;81m[48;2;16;27;44m▀[0m[38;2;45;63;80m[48;2;54;70;85m▀[0m[38;2;40;53;65m[48;2;58;74;89m▀[0m[38;2;28;34;40m[48;2;43;64;83m▀[0m[38;2;71;73;76m[48;2;87;99;111m▀[0m[38;2;72;63;58m[48;2;105;116;126m▀[0m[38;2;162;152;146m[48;2;184;183;181m▀[0m[38;2;161;156;151m[48;2;150;143;136m▀[0m[38;2;220;219;216m[48;2;144;141;137m▀[0m[38;2;137;136;134m[48;2;211;210;206m▀[0m[38;2;128;127;125m▄[0m
           [38;2;25;31;37m▀[0m[38;2;44;53;62m▀[0m[38;2;43;53;62m[48;2;17;20;24m▀[0m[38;2;52;57;63m[48;2;36;43;50m▀[0m[38;2;69;68;70m[48;2;51;57;64m▀[0m[38;2;135;114;96m[48;2;72;61;60m▀[0m[38;2;88;83;82m[48;2;44;46;52m▀[0m[38;2;137;133;130m[48;2;44;50;57m▀[0m[38;2;183;178;174m[48;2;53;57;62m▀[0m[38;2;211;207;202m[48;2;75;75;77m▀[0m[38;2;202;199;195m[48;2;130;125;123m▀[0m[38;2;102;113;123m[48;2;165;163;162m▀[0m[38;2;64;78;92m[48;2;180;179;178m▀[0m[38;2;53;70;86m[48;2;169;169;169m▀[0m[38;2;59;74;89m[48;2;120;124;129m▀[0m[38;2;97;101;105m[48;2;98;99;102m▀[0m[38;2;138;138;140m[48;2;116;118;121m▀[0m[38;2;143;143;145m[48;2;140;140;142m▀[0m[38;2;192;190;188m[48;2;153;151;151m▀[0m[38;2;220;216;209m[48;2;191;188;184m▀[0m[38;2;224;221;217m[48;2;222;220;215m▀[0m[38;2;202;201;199m[48;2;222;219;215m▀[0m[38;2;114;112;111m[48;2;205;203;199m▀[0m[38;2;102;101;99m▄[0m
                 [38;2;18;20;23m▀[0m[38;2;33;37;42m▀[0m[38;2;46;53;60m▀[0m[38;2;46;54;63m[48;2;17;20;22m▀[0m[38;2;47;55;63m[48;2;33;38;44m▀[0m[38;2;47;51;57m[48;2;47;55;63m▀[0m[38;2;81;81;83m[48;2;46;54;63m▀[0m[38;2;127;123;122m[48;2;50;58;66m▀[0m[38;2;151;149;148m[48;2;52;55;60m▀[0m[38;2;149;149;150m[48;2;82;81;83m▀[0m[38;2;130;131;133m[48;2;116;114;115m▀[0m[38;2;116;117;120m[48;2;139;137;139m▀[0m[38;2;140;139;140m[48;2;126;126;128m▀[0m[38;2;149;148;148m[48;2;136;135;137m▀[0m[38;2;179;176;174m[48;2;143;142;143m▀[0m[38;2;192;189;184m[48;2;164;163;162m▀[0m[38;2;119;115;113m[48;2;125;122;119m▀[0m[38;2;207;204;200m[48;2;93;92;91m▀[0m[38;2;92;91;90m[48;2;94;93;93m▀[0m[38;2;37;36;36m▄[0m
                       [38;2;22;25;28m▀[0m[38;2;43;49;54m[48;2;23;28;32m▀[0m[38;2;47;54;61m[48;2;50;48;48m▀[0m[38;2;38;41;44m[48;2;42;41;42m▀[0m[38;2;33;33;34m[48;2;56;51;51m▀[0m[38;2;63;60;60m[48;2;83;68;55m▀[0m[38;2;85;83;84m[48;2;57;65;73m▀[0m[38;2;119;118;119m[48;2;51;57;64m▀[0m[38;2;89;90;92m[48;2;18;14;13m▀[0m[38;2;28;30;34m[48;2;11;13;16m▀[0m[38;2;94;97;100m[48;2;9;32;59m▀[0m[38;2;68;67;66m▀[0m[38;2;55;53;51m[48;2;12;12;13m▀[0m[38;2;62;61;60m[48;2;31;31;30m▀[0m[38;2;53;52;52m▄[0m
                         [38;2;20;15;12m▀[0m[38;2;48;44;43m▀[0m[38;2;18;15;14m▀[0m[38;2;23;24;25m▀[0m[38;2;54;55;58m▀[0m[38;2;84;89;95m▀[0m[38;2;36;33;33m[48;2;18;19;19m▀[0m[38;2;17;17;18m▄[0m[38;2;13;21;32m[48;2;10;12;13m▀[0m[38;2;23;33;45m▀[0m[38;2;18;29;41m▀[0m  [38;2;15;15;15m▀[0m
