         [38;2;100;103;110m▄[0m[38;2;95;98;104m▄[0m
       [38;2;98;101;107m▄[0m[38;2;94;97;103m[48;2;123;127;135m▀[0m[38;2;115;119;127m[48;2;128;133;141m▀[0m[38;2;110;114;121m[48;2;123;127;135m▀[0m[38;2;78;81;86m[48;2;106;109;116m▀[0m[38;2;69;71;76m▄[0m
       [38;2;115;119;127m[48;2;115;119;127m▀[0m[38;2;131;135;144m[48;2;131;135;144m▀[0m[38;2;134;138;147m[48;2;134;138;147m▀[0m[38;2;128;132;140m[48;2;128;132;140m▀[0m[38;2;113;117;124m[48;2;113;117;124m▀[0m[38;2;85;88;94m[48;2;85;88;94m▀[0m
       [38;2;115;119;127m[48;2;115;119;127m▀[0m[38;2;131;135;144m[48;2;131;135;144m▀[0m[38;2;90;200;240m[48;2;90;200;240m▀[0m[38;2;90;200;240m[48;2;90;200;240m▀[0m[38;2;113;117;124m[48;2;113;117;124m▀[0m[38;2;85;88;94m[48;2;85;88;94m▀[0m
       [38;2;115;119;127m[48;2;115;119;127m▀[0m[38;2;131;135;144m[48;2;131;135;144m▀[0m[38;2;134;138;147m[48;2;134;138;147m▀[0m[38;2;128;132;140m[48;2;128;132;140m▀[0m[38;2;113;117;124m[48;2;113;117;124m▀[0m[38;2;85;88;94m[48;2;85;88;94m▀[0m
       [38;2;115;119;127m[48;2;115;119;127m▀[0m[38;2;131;135;144m[48;2;131;135;144m▀[0m[38;2;134;138;147m[48;2;134;138;147m▀[0m[38;2;128;132;140m[48;2;128;132;140m▀[0m[38;2;113;117;124m[48;2;113;117;124m▀[0m[38;2;85;88;94m[48;2;85;88;94m▀[0m
      [38;2;75;77;82m[48;2;75;77;82m▀[0m[38;2;115;119;127m[48;2;115;119;127m▀[0m[38;2;131;135;144m[48;2;131;135;144m▀[0m[38;2;134;138;147m[48;2;134;138;147m▀[0m[38;2;128;132;140m[48;2;128;132;140m▀[0m[38;2;113;117;124m[48;2;113;117;124m▀[0m[38;2;85;88;94m[48;2;85;88;94m▀[0m[38;2;75;77;82m[48;2;75;77;82m▀[0m
     [38;2;75;77;82m[48;2;75;77;82m▀[0m[38;2;75;77;82m[48;2;75;77;82m▀[0m[38;2;115;119;127m[48;2;97;101;107m▀[0m[38;2;131;135;144m[48;2;127;131;140m▀[0m[38;2;134;138;147m[48;2;133;138;147m▀[0m[38;2;128;132;140m[48;2;127;132;140m▀[0m[38;2;113;117;124m[48;2;109;113;120m▀[0m[38;2;85;88;94m[48;2;67;70;74m▀[0m[38;2;75;77;82m[48;2;75;77;82m▀[0m[38;2;75;77;82m[48;2;75;77;82m▀[0m
     [38;2;75;77;82m▀[0m[38;2;75;77;82m▀[0m[38;2;75;77;82m▀[0m[38;2;119;123;131m[48;2;255;204;90m▀[0m[38;2;133;137;146m[48;2;255;207;93m▀[0m[38;2;127;131;139m[48;2;255;205;92m▀[0m[38;2;101;105;111m[48;2;255;181;69m▀[0m[38;2;75;77;82m▀[0m[38;2;75;77;82m▀[0m[38;2;75;77;82m▀[0m
         [38;2;255;198;85m▀[0m[38;2;255;185;73m▀[0m
