                             [38;2;6;9;11m▄[0m[38;2;7;11;14m▄[0m[38;2;8;12;14m▄[0m[38;2;7;11;14m▄[0m[38;2;6;9;12m▄[0m
                     [38;2;7;9;11m▄[0m[38;2;16;23;28m▄[0m[38;2;43;58;70m▄[0m[38;2;8;11;13m[48;2;80;97;109m▀[0m[38;2;13;21;25m[48;2;97;112;123m▀[0m[38;2;26;39;48m[48;2;103;113;121m▀[0m[38;2;45;61;72m[48;2;100;108;112m▀[0m[38;2;55;71;83m[48;2;88;93;99m▀[0m[38;2;59;76;89m[48;2;78;82;86m▀[0m[38;2;59;76;87m[48;2;74;80;83m▀[0m[38;2;55;70;82m[48;2;80;86;90m▀[0m[38;2;49;63;73m[48;2;75;80;84m▀[0m[38;2;34;47;57m[48;2;67;70;73m▀[0m[38;2;36;47;55m[48;2;51;56;59m▀[0m[38;2;16;25;32m[48;2;46;51;55m▀[0m[38;2;10;17;21m[48;2;36;41;43m▀[0m[38;2;6;11;14m[48;2;15;17;19m▀[0m
                  [38;2;16;21;25m▄[0m[38;2;8;9;11m[48;2;61;77;88m▀[0m[38;2;20;29;35m[48;2;116;129;139m▀[0m[38;2;65;83;95m[48;2;119;124;127m▀[0m[38;2;111;127;137m[48;2;103;105;108m▀[0m[38;2;112;119;125m[48;2;92;92;94m▀[0m[38;2;106;110;115m[48;2;69;71;72m▀[0m[38;2;109;111;113m[48;2;102;100;100m▀[0m[38;2;109;109;109m[48;2;114;110;110m▀[0m[38;2;137;132;127m[48;2;134;129;126m▀[0m[38;2;105;105;107m[48;2;110;105;104m▀[0m[38;2;119;120;122m[48;2;85;83;82m▀[0m[38;2;104;105;106m[48;2;10;11;11m▀[0m[38;2;84;84;86m[48;2;47;48;49m▀[0m[38;2;85;83;82m[48;2;72;72;72m▀[0m[38;2;105;100;96m[48;2;97;94;93m▀[0m[38;2;126;117;110m[48;2;119;112;109m▀[0m[38;2;122;112;104m[48;2;147;135;126m▀[0m[38;2;44;43;44m[48;2;96;91;86m▀[0m[38;2;41;43;46m[48;2;44;45;47m▀[0m[38;2;59;61;63m[48;2;57;58;59m▀[0m[38;2;28;29;31m[48;2;65;67;67m▀[0m[38;2;10;11;12m[48;2;36;37;38m▀[0m[38;2;13;14;15m▄[0m
               [38;2;11;14;16m▄[0m[38;2;8;10;11m[48;2;52;67;78m▀[0m[38;2;32;43;51m[48;2;136;145;152m▀[0m[38;2;104;119;131m[48;2;133;132;132m▀[0m[38;2;131;134;138m[48;2;147;143;140m▀[0m[38;2;117;116;115m[48;2;136;129;125m▀[0m[38;2;115;112;112m[48;2;143;131;123m▀[0m[38;2;128;122;120m[48;2;140;129;121m▀[0m[38;2;132;125;121m[48;2;118;109;104m▀[0m[38;2;134;126;122m[48;2;113;105;101m▀[0m[38;2;133;122;115m[48;2;116;107;103m▀[0m[38;2;111;97;88m[48;2;108;101;99m▀[0m[38;2;109;97;90m[48;2;102;97;94m▀[0m[38;2;87;81;79m[48;2;84;79;77m▀[0m[38;2;89;84;81m[48;2;74;69;65m▀[0m[38;2;84;79;78m[48;2;70;65;61m▀[0m[38;2;65;64;64m[48;2;74;70;66m▀[0m[38;2;77;77;77m[48;2;84;79;78m▀[0m[38;2;73;72;72m[48;2;97;95;96m▀[0m[38;2;76;73;72m[48;2;104;105;106m▀[0m[38;2;83;81;80m[48;2;69;68;68m▀[0m[38;2;70;70;71m[48;2;85;82;80m▀[0m[38;2;79;79;80m[48;2;124;119;116m▀[0m[38;2;81;81;82m[48;2;88;86;83m▀[0m[38;2;77;76;77m[48;2;70;69;70m▀[0m[38;2;60;60;61m[48;2;64;63;63m▀[0m[38;2;43;44;44m[48;2;56;56;57m▀[0m[38;2;18;20;20m[48;2;42;44;45m▀[0m[38;2;25;27;28m▄[0m
             [38;2;12;15;18m▄[0m[38;2;12;15;18m[48;2;74;89;100m▀[0m[38;2;67;83;95m[48;2;162;165;167m▀[0m[38;2;152;157;160m[48;2;142;134;128m▀[0m[38;2;148;142;139m[48;2;131;120;113m▀[0m[38;2;141;133;127m[48;2;134;124;120m▀[0m[38;2;145;136;130m[48;2;152;144;139m▀[0m[38;2;145;135;129m[48;2;149;140;133m▀[0m[38;2;144;134;126m[48;2;148;135;127m▀[0m[38;2;129;116;107m[48;2;133;122;114m▀[0m[38;2;102;92;86m[48;2;104;95;91m▀[0m[38;2;119;106;98m[48;2;117;104;97m▀[0m[38;2;136;120;109m[48;2;159;139;124m▀[0m[38;2;132;112;99m[48;2;172;145;124m▀[0m[38;2;121;109;102m[48;2;138;125;116m▀[0m[38;2;113;102;96m[48;2;125;114;109m▀[0m[38;2;122;106;94m[48;2;145;128;115m▀[0m[38;2;129;113;101m[48;2;112;95;84m▀[0m[38;2;96;85;78m[48;2;123;108;100m▀[0m[38;2;77;69;65m[48;2;109;100;96m▀[0m[38;2;97;94;94m[48;2;103;98;97m▀[0m[38;2;140;146;150m[48;2;90;90;90m▀[0m[38;2;103;104;106m[48;2;105;105;107m▀[0m[38;2;96;95;94m[48;2;97;96;96m▀[0m[38;2;102;98;97m[48;2;81;78;76m▀[0m[38;2;78;76;74m[48;2;90;85;82m▀[0m[38;2;62;61;61m[48;2;85;81;80m▀[0m[38;2;89;88;88m[48;2;61;60;59m▀[0m[38;2;50;50;51m[48;2;65;65;66m▀[0m[38;2;64;64;65m[48;2;65;65;67m▀[0m[38;2;25;26;28m[48;2;49;50;51m▀[0m[38;2;11;12;12m[48;2;40;41;43m▀[0m[38;2;11;12;12m▄[0m
            [38;2;10;13;14m[48;2;46;57;67m▀[0m[38;2;65;79;91m[48;2;155;161;166m▀[0m[38;2;173;176;177m[48;2;168;165;162m▀[0m[38;2;171;162;157m[48;2;167;157;150m▀[0m[38;2;156;142;133m[48;2;142;130;122m▀[0m[38;2;150;136;127m[48;2;173;153;137m▀[0m[38;2;154;138;126m[48;2;167;146;132m▀[0m[38;2;150;128;113m[48;2;167;149;136m▀[0m[38;2;139;120;106m[48;2;176;148;127m▀[0m[38;2;155;132;115m[48;2;194;165;143m▀[0m[38;2;152;128;112m[48;2;206;186;169m▀[0m[38;2;126;106;93m[48;2;191;166;147m▀[0m[38;2;134;110;94m[48;2;153;138;127m▀[0m[38;2;177;151;132m[48;2;132;127;125m▀[0m[38;2;159;143;132m[48;2;131;124;120m▀[0m[38;2;141;137;135m[48;2;140;133;130m▀[0m[38;2;133;131;130m[48;2;148;145;142m▀[0m[38;2;124;115;109m[48;2;118;112;110m▀[0m[38;2;117;104;96m[48;2;119;112;108m▀[0m[38;2;98;90;86m[48;2;90;82;79m▀[0m[38;2;101;95;93m[48;2;89;81;77m▀[0m[38;2;97;92;91m[48;2;91;85;82m▀[0m[38;2;88;85;83m[48;2;104;98;95m▀[0m[38;2;83;79;79m[48;2;84;78;75m▀[0m[38;2;80;76;74m[48;2;72;64;60m▀[0m[38;2;86;80;78m[48;2;75;66;62m▀[0m[38;2;85;81;79m[48;2;82;78;76m▀[0m[38;2;90;86;84m[48;2;81;78;77m▀[0m[38;2;77;75;75m[48;2;90;90;90m▀[0m[38;2;81;81;82m[48;2;94;94;96m▀[0m[38;2;72;72;74m[48;2;82;84;85m▀[0m[38;2;54;55;56m[48;2;64;63;64m▀[0m[38;2;45;46;47m[48;2;49;49;49m▀[0m[38;2;37;38;39m[48;2;44;47;47m▀[0m[38;2;15;16;16m[48;2;35;36;38m▀[0m
          [38;2;13;15;18m▄[0m[38;2;26;33;39m[48;2;91;107;118m▀[0m[38;2;131;144;152m[48;2;141;141;143m▀[0m[38;2;140;139;140m[48;2;123;119;118m▀[0m[38;2;161;154;148m[48;2;147;139;134m▀[0m[38;2;186;175;166m[48;2;146;136;129m▀[0m[38;2;171;157;146m[48;2;174;158;146m▀[0m[38;2;174;157;144m[48;2;183;165;151m▀[0m[38;2;165;146;133m[48;2;168;150;136m▀[0m[38;2;178;165;154m[48;2;154;131;115m▀[0m[38;2;200;176;156m[48;2;203;175;154m▀[0m[38;2;196;161;134m[48;2;205;181;160m▀[0m[38;2;196;171;150m[48;2;193;171;154m▀[0m[38;2;190;173;158m[48;2;190;175;163m▀[0m[38;2;140;133;129m[48;2;167;156;147m▀[0m[38;2;116;110;108m[48;2;136;127;123m▀[0m[38;2;145;136;130m[48;2;111;103;99m▀[0m[38;2;166;158;152m[48;2;132;126;124m▀[0m[38;2;170;164;161m[48;2;140;135;132m▀[0m[38;2;133;131;131m[48;2;138;127;119m▀[0m[38;2;120;117;116m[48;2;125;117;112m▀[0m[38;2;127;122;119m[48;2;136;129;125m▀[0m[38;2;122;112;107m[48;2;130;121;115m▀[0m[38;2;116;106;100m[48;2;118;107;102m▀[0m[38;2;109;99;94m[48;2;97;85;79m▀[0m[38;2;133;117;106m[48;2;84;70;62m▀[0m[38;2;114;99;90m[48;2;95;79;70m▀[0m[38;2;71;60;54m[48;2;85;70;62m▀[0m[38;2;83;79;76m[48;2;83;75;71m▀[0m[38;2;86;84;85m[48;2;82;79;78m▀[0m[38;2;79;75;74m[48;2;76;72;71m▀[0m[38;2;79;72;69m[48;2;62;54;49m▀[0m[38;2;84;81;80m[48;2;64;54;47m▀[0m[38;2;72;69;67m[48;2;73;62;55m▀[0m[38;2;50;47;46m[48;2;58;51;47m▀[0m[38;2;36;35;35m[48;2;42;38;37m▀[0m[38;2;18;18;18m[48;2;25;24;23m▀[0m[38;2;12;12;13m[48;2;24;22;22m▀[0m
         [38;2;15;19;22m▄[0m[38;2;43;54;63m[48;2;107;121;132m▀[0m[38;2;142;149;155m[48;2;110;110;112m▀[0m[38;2;124;122;123m[48;2;128;125;124m▀[0m[38;2;124;121;119m[48;2;111;107;107m▀[0m[38;2;116;110;108m[48;2;118;112;110m▀[0m[38;2;114;104;99m[48;2;135;125;120m▀[0m[38;2;163;147;136m[48;2;158;142;131m▀[0m[38;2;182;163;148m[48;2;149;131;118m▀[0m[38;2;161;137;120m[48;2;170;147;130m▀[0m[38;2;140;114;96m[48;2;131;114;104m▀[0m[38;2;171;152;139m[48;2;141;131;125m▀[0m[38;2;187;171;159m[48;2;137;124;118m▀[0m[38;2;181;157;139m[48;2;158;140;127m▀[0m[38;2;177;158;143m[48;2;166;141;123m▀[0m[38;2;145;129;118m[48;2;156;131;114m▀[0m[38;2;156;142;132m[48;2;146;124;108m▀[0m[38;2;131;115;104m[48;2;123;95;74m▀[0m[38;2;104;85;73m[48;2;121;91;70m▀[0m[38;2;111;85;68m[48;2;128;103;87m▀[0m[38;2;130;100;79m[48;2;147;124;108m▀[0m[38;2;142;119;103m[48;2;137;119;105m▀[0m[38;2;141;128;117m[48;2;136;116;101m▀[0m[38;2;134;116;105m[48;2;130;110;97m▀[0m[38;2;112;97;88m[48;2;130;109;96m▀[0m[38;2;80;66;60m[48;2;101;84;72m▀[0m[38;2;84;70;61m[48;2;96;76;63m▀[0m[38;2;85;70;60m[48;2;126;102;84m▀[0m[38;2;112;89;75m[48;2;135;110;92m▀[0m[38;2;97;77;62m[48;2;112;88;71m▀[0m[38;2;80;68;60m[48;2;119;100;89m▀[0m[38;2;59;48;41m[48;2;92;75;65m▀[0m[38;2;60;48;41m[48;2;71;59;50m▀[0m[38;2;59;47;40m[48;2;68;54;45m▀[0m[38;2;74;61;53m[48;2;68;55;45m▀[0m[38;2;75;66;62m[48;2;68;55;48m▀[0m[38;2;46;41;38m[48;2;61;53;48m▀[0m[38;2;24;23;22m[48;2;36;33;32m▀[0m[38;2;63;60;59m[48;2;37;34;32m▀[0m[38;2;63;62;61m[48;2;25;25;24m▀[0m
        [38;2;12;14;16m▄[0m[38;2;41;53;62m[48;2;96;111;122m▀[0m[38;2;133;139;144m[48;2;157;156;156m▀[0m[38;2;139;138;138m[48;2;166;160;157m▀[0m[38;2;134;131;130m[48;2;168;158;152m▀[0m[38;2;140;136;134m[48;2;150;141;136m▀[0m[38;2;103;101;100m[48;2;119;113;111m▀[0m[38;2;105;101;99m[48;2;112;107;105m▀[0m[38;2;147;136;128m[48;2;102;96;92m▀[0m[38;2;181;162;149m[48;2;149;132;122m▀[0m[38;2;177;156;141m[48;2;157;144;135m▀[0m[38;2;144;133;125m[48;2;143;136;132m▀[0m[38;2;120;112;108m[48;2;127;121;118m▀[0m[38;2;129;117;109m[48;2;119;105;96m▀[0m[38;2;144;114;94m[48;2;131;102;83m▀[0m[38;2;137;105;82m[48;2;142;111;87m▀[0m[38;2;135;107;87m[48;2;161;133;114m▀[0m[38;2;142;120;106m[48;2;147;119;99m▀[0m[38;2;142;119;105m[48;2;153;122;101m▀[0m[38;2;137;114;98m[48;2;170;144;126m▀[0m[38;2;165;141;124m[48;2;163;140;122m▀[0m[38;2;115;104;93m[48;2;170;150;132m▀[0m[38;2;153;139;128m[48;2;139;117;102m▀[0m[38;2;107;94;83m[48;2;128;105;89m▀[0m[38;2;151;127;110m[48;2;134;107;89m▀[0m[38;2;134;112;99m[48;2;127;106;91m▀[0m[38;2;111;89;77m[48;2;112;93;81m▀[0m[38;2;132;106;87m[48;2;114;88;71m▀[0m[38;2;153;124;103m[48;2;125;99;82m▀[0m[38;2;141;116;98m[48;2;114;94;81m▀[0m[38;2;135;116;103m[48;2;101;84;73m▀[0m[38;2;122;106;95m[48;2;69;58;52m▀[0m[38;2;96;81;72m[48;2;87;71;60m▀[0m[38;2;95;80;70m[48;2;115;97;87m▀[0m[38;2;60;48;41m[48;2;58;49;44m▀[0m[38;2;77;62;52m[48;2;71;58;48m▀[0m[38;2;70;59;53m[48;2;69;58;50m▀[0m[38;2;64;56;51m[48;2;56;49;46m▀[0m[38;2;51;47;44m[48;2;50;46;43m▀[0m[38;2;41;37;35m[48;2;46;42;40m▀[0m[38;2;19;18;17m[48;2;22;21;20m▀[0m[38;2;31;30;30m▄[0m
        [38;2;24;31;37m[48;2;52;67;78m▀[0m[38;2;137;147;154m[48;2;149;151;154m▀[0m[38;2;155;151;150m[48;2;152;145;142m▀[0m[38;2;167;156;150m[48;2;203;186;169m▀[0m[38;2;179;165;154m[48;2;218;202;186m▀[0m[38;2;132;121;114m[48;2;109;100;96m▀[0m[38;2;149;139;134m[48;2;152;137;129m▀[0m[38;2;118;109;105m[48;2;131;119;112m▀[0m[38;2;115;107;102m[48;2;104;99;94m▀[0m[38;2;135;125;120m[48;2;112;105;101m▀[0m[38;2;131;123;118m[48;2;112;103;98m▀[0m[38;2;140;133;129m[48;2;126;114;108m▀[0m[38;2;127;114;106m[48;2;118;96;81m▀[0m[38;2;135;110;94m[48;2;119;91;73m▀[0m[38;2;135;103;79m[48;2;109;82;63m▀[0m[38;2;139;104;79m[48;2;130;96;71m▀[0m[38;2;128;94;71m[48;2;127;95;73m▀[0m[38;2;144;109;84m[48;2;149;127;112m▀[0m[38;2;151;127;109m[48;2;157;141;129m▀[0m[38;2;147;129;117m[48;2;151;136;126m▀[0m[38;2;141;123;111m[48;2;129;115;108m▀[0m[38;2;144;123;108m[48;2;142;127;118m▀[0m[38;2;155;132;118m[48;2;159;140;126m▀[0m[38;2;146;126;112m[48;2;151;130;115m▀[0m[38;2;130;115;106m[48;2;122;104;92m▀[0m[38;2;108;95;88m[48;2;91;77;69m▀[0m[38;2;101;88;80m[48;2;123;103;93m▀[0m[38;2;101;85;77m[48;2;85;72;64m▀[0m[38;2;142;123;109m[48;2;86;74;68m▀[0m[38;2;106;90;80m[48;2;73;63;58m▀[0m[38;2;84;72;65m[48;2;91;80;72m▀[0m[38;2;88;74;66m[48;2;110;96;89m▀[0m[38;2;88;74;65m[48;2;69;59;54m▀[0m[38;2;90;74;63m[48;2;79;66;58m▀[0m[38;2;80;64;55m[48;2;84;69;61m▀[0m[38;2;64;51;43m[48;2;85;72;64m▀[0m[38;2;64;53;46m[48;2;63;54;47m▀[0m[38;2;67;59;54m[48;2;78;66;60m▀[0m[38;2;48;43;39m[48;2;56;51;48m▀[0m[38;2;52;49;47m[48;2;61;57;53m▀[0m[38;2;37;34;33m[48;2;121;111;104m▀[0m[38;2;46;44;42m[48;2;19;17;16m▀[0m[38;2;26;24;23m▄[0m
       [38;2;10;12;14m[48;2;15;19;23m▀[0m[38;2;94;110;123m[48;2;124;139;148m▀[0m[38;2;136;136;137m[48;2;132;128;128m▀[0m[38;2;153;142;134m[48;2;130;122;116m▀[0m[38;2;132;125;122m[48;2;109;109;110m▀[0m[38;2;186;175;167m[48;2;176;164;155m▀[0m[38;2;156;140;130m[48;2;146;132;123m▀[0m[38;2;148;133;124m[48;2;138;126;119m▀[0m[38;2;149;133;125m[48;2;142;130;123m▀[0m[38;2;152;140;131m[48;2;126;119;115m▀[0m[38;2;126;117;112m[48;2;60;57;56m▀[0m[38;2;120;110;105m[48;2;110;101;98m▀[0m[38;2;118;98;85m[48;2;110;98;91m▀[0m[38;2;133;104;88m[48;2;120;102;91m▀[0m[38;2;126;99;80m[48;2;139;118;105m▀[0m[38;2;96;81;72m[48;2;127;111;102m▀[0m[38;2;99;84;75m[48;2;107;94;88m▀[0m[38;2;112;97;89m[48;2;113;100;92m▀[0m[38;2;126;112;103m[48;2;138;120;110m▀[0m[38;2;151;136;127m[48;2;143;125;115m▀[0m[38;2;146;133;124m[48;2;146;130;119m▀[0m[38;2;138;123;112m[48;2;160;142;127m▀[0m[38;2;141;118;102m[48;2;177;150;130m▀[0m[38;2;168;136;113m[48;2;176;144;118m▀[0m[38;2;185;152;124m[48;2;159;134;115m▀[0m[38;2;156;129;108m[48;2;109;91;80m▀[0m[38;2;167;138;118m[48;2;136;116;102m▀[0m[38;2;175;146;124m[48;2;158;135;120m▀[0m[38;2;161;136;115m[48;2;192;165;144m▀[0m[38;2;111;92;77m[48;2;227;200;172m▀[0m[38;2;51;43;40m[48;2;144;122;104m▀[0m[38;2;92;81;74m[48;2;47;39;36m▀[0m[38;2;86;74;67m[48;2;94;82;74m▀[0m[38;2;101;88;81m[48;2;96;84;76m▀[0m[38;2;132;118;107m[48;2;120;105;96m▀[0m[38;2;49;44;41m[48;2;71;62;57m▀[0m[38;2;84;70;64m[48;2;89;76;67m▀[0m[38;2;99;86;77m[48;2;75;63;56m▀[0m[38;2;64;54;49m[48;2;91;78;73m▀[0m[38;2;62;54;50m[48;2;71;61;56m▀[0m[38;2;67;59;54m[48;2;64;56;52m▀[0m[38;2;49;43;40m[48;2;58;51;48m▀[0m[38;2;36;33;31m[48;2;41;36;34m▀[0m[38;2;51;47;45m[48;2;24;22;21m▀[0m
       [38;2;22;29;35m[48;2;30;40;48m▀[0m[38;2;146;157;166m[48;2;156;162;169m▀[0m[38;2;135;131;128m[48;2;121;118;117m▀[0m[38;2;152;142;135m[48;2;211;197;184m▀[0m[38;2;157;148;141m[48;2;192;174;160m▀[0m[38;2;152;137;129m[48;2;113;106;106m▀[0m[38;2;147;135;129m[48;2;127;121;117m▀[0m[38;2;107;99;96m[48;2;95;89;87m▀[0m[38;2;112;105;101m[48;2;106;98;95m▀[0m[38;2;152;143;136m[48;2;133;125;120m▀[0m[38;2;96;93;91m[48;2;129;121;118m▀[0m[38;2;124;119;117m[48;2;136;131;126m▀[0m[38;2;130;124;120m[48;2;135;129;125m▀[0m[38;2;130;121;116m[48;2;125;118;114m▀[0m[38;2;135;122;114m[48;2;121;113;108m▀[0m[38;2;122;109;102m[48;2;128;118;112m▀[0m[38;2;116;104;97m[48;2;129;115;107m▀[0m[38;2;107;93;86m[48;2;110;96;89m▀[0m[38;2;134;117;106m[48;2;122;107;98m▀[0m[38;2;157;139;129m[48;2;115;103;95m▀[0m[38;2;147;131;121m[48;2;111;100;93m▀[0m[38;2;164;142;126m[48;2;137;116;102m▀[0m[38;2;151;124;104m[48;2;210;178;149m▀[0m[38;2;145;120;101m[48;2;86;76;68m▀[0m[38;2;66;58;53m[48;2;50;47;45m▀[0m[38;2;77;70;66m[48;2;64;61;60m▀[0m[38;2;95;87;84m[48;2;82;78;77m▀[0m[38;2;105;95;90m[48;2;97;89;86m▀[0m[38;2;130;116;107m[48;2;112;101;97m▀[0m[38;2;185;163;146m[48;2;140;125;117m▀[0m[38;2;226;198;171m[48;2;213;185;161m▀[0m[38;2;94;79;68m[48;2;160;136;117m▀[0m[38;2;74;63;59m[48;2;53;45;40m▀[0m[38;2;103;88;78m[48;2;105;91;82m▀[0m[38;2;83;70;63m[48;2;83;72;66m▀[0m[38;2;75;63;57m[48;2;93;80;73m▀[0m[38;2;89;78;70m[48;2;101;91;86m▀[0m[38;2;71;62;57m[48;2;88;79;74m▀[0m[38;2;75;64;59m[48;2;72;63;59m▀[0m[38;2;110;95;85m[48;2;103;87;78m▀[0m[38;2;80;70;65m[48;2;24;22;22m▀[0m[38;2;36;32;30m[48;2;116;106;97m▀[0m[38;2;45;39;38m[48;2;22;20;20m▀[0m[38;2;36;34;32m[48;2;31;29;28m▀[0m
       [38;2;39;51;60m[48;2;42;56;67m▀[0m[38;2;165;170;173m[48;2;170;174;177m▀[0m[38;2;126;124;123m[48;2;144;139;137m▀[0m[38;2;133;126;124m[48;2;116;112;111m▀[0m[38;2;132;125;121m[48;2;149;138;132m▀[0m[38;2;119;113;110m[48;2;157;143;133m▀[0m[38;2;100;96;94m[48;2;143;131;124m▀[0m[38;2;116;108;103m[48;2;148;135;126m▀[0m[38;2;126;117;111m[48;2;147;133;125m▀[0m[38;2;112;106;103m[48;2;151;137;129m▀[0m[38;2;129;120;116m[48;2;143;129;121m▀[0m[38;2;147;136;129m[48;2;132;118;110m▀[0m[38;2;149;137;132m[48;2;110;98;93m▀[0m[38;2;139;129;122m[48;2;138;125;117m▀[0m[38;2;112;104;99m[48;2;141;128;120m▀[0m[38;2;94;87;83m[48;2;109;99;93m▀[0m[38;2;105;95;90m[48;2;87;79;77m▀[0m[38;2;104;92;85m[48;2;104;92;86m▀[0m[38;2;138;122;112m[48;2;144;126;116m▀[0m[38;2;108;97;91m[48;2;137;119;108m▀[0m[38;2;127;112;102m[48;2;150;130;115m▀[0m[38;2;155;128;111m[48;2;180;148;123m▀[0m[38;2;181;153;129m[48;2;223;194;167m▀[0m[38;2;48;41;35m[48;2;56;47;39m▀[0m[38;2;45;43;42m[48;2;36;34;33m▀[0m[38;2;56;54;53m[48;2;56;53;52m▀[0m[38;2;83;79;76m[48;2;78;73;72m▀[0m[38;2;96;91;88m[48;2;95;92;91m▀[0m[38;2;107;96;89m[48;2;108;98;94m▀[0m[38;2;127;118;113m[48;2;126;117;113m▀[0m[38;2;192;166;146m[48;2;193;164;140m▀[0m[38;2;183;161;138m[48;2;152;134;115m▀[0m[38;2;50;42;37m[48;2;50;44;40m▀[0m[38;2;90;79;74m[48;2;89;78;73m▀[0m[38;2;86;76;72m[48;2;106;97;91m▀[0m[38;2;102;93;86m[48;2;111;98;91m▀[0m[38;2;113;102;96m[48;2;97;88;82m▀[0m[38;2;100;91;86m[48;2;99;89;85m▀[0m[38;2;77;68;63m[48;2;62;55;52m▀[0m[38;2;91;78;71m[48;2;63;55;50m▀[0m[38;2;19;17;17m[48;2;62;56;54m▀[0m[38;2;78;72;68m[48;2;51;47;45m▀[0m[38;2;30;29;28m[48;2;28;26;25m▀[0m
       [38;2;43;57;67m[48;2;39;52;61m▀[0m[38;2;173;178;180m[48;2;166;172;176m▀[0m[38;2;140;135;134m[48;2;124;121;120m▀[0m[38;2;138;131;128m[48;2;108;106;105m▀[0m[38;2;136;125;118m[48;2;124;118;116m▀[0m[38;2;142;131;124m[48;2;130;123;119m▀[0m[38;2;166;152;140m[48;2;93;87;85m▀[0m[38;2;165;149;139m[48;2;147;132;123m▀[0m[38;2;177;158;144m[48;2;192;171;154m▀[0m[38;2;154;138;128m[48;2;162;148;138m▀[0m[38;2;145;130;120m[48;2;158;144;135m▀[0m[38;2;136;121;112m[48;2;131;114;104m▀[0m[38;2;118;106;99m[48;2;116;99;90m▀[0m[38;2;107;98;93m[48;2;99;90;86m▀[0m[38;2;148;132;122m[48;2;101;92;88m▀[0m[38;2;162;143;129m[48;2;131;113;102m▀[0m[38;2;125;109;102m[48;2;140;118;105m▀[0m[38;2;127;110;98m[48;2;131;110;97m▀[0m[38;2;131;115;105m[48;2;108;93;84m▀[0m[38;2;101;89;83m[48;2;120;102;92m▀[0m[38;2;137;116;102m[48;2;132;112;100m▀[0m[38;2;151;124;107m[48;2;156;134;118m▀[0m[38;2;191;159;134m[48;2;197;165;140m▀[0m[38;2;136;120;105m[48;2;195;168;145m▀[0m[38;2;36;33;31m[48;2;109;94;82m▀[0m[38;2;53;49;47m[48;2;57;51;47m▀[0m[38;2;69;63;60m[48;2;77;69;65m▀[0m[38;2;84;77;74m[48;2;98;88;82m▀[0m[38;2;109;99;96m[48;2;139;118;102m▀[0m[38;2;155;135;120m[48;2;193;161;134m▀[0m[38;2;215;185;157m[48;2;152;129;112m▀[0m[38;2;90;78;68m[48;2;69;59;54m▀[0m[38;2;70;61;57m[48;2;84;74;68m▀[0m[38;2;95;84;79m[48;2;86;76;71m▀[0m[38;2;90;79;73m[48;2;89;78;72m▀[0m[38;2;136;116;101m[48;2;120;103;93m▀[0m[38;2;107;95;87m[48;2;113;99;91m▀[0m[38;2;101;91;85m[48;2;126;111;100m▀[0m[38;2;85;75;69m[48;2;101;90;85m▀[0m[38;2;78;68;64m[48;2;77;73;71m▀[0m[38;2;37;33;31m[48;2;84;81;80m▀[0m[38;2;32;30;29m[48;2;33;33;33m▀[0m[38;2;16;16;15m▀[0m[38;2;17;17;18m▄[0m
       [38;2;32;43;52m[48;2;24;32;39m▀[0m[38;2;164;173;178m[48;2;154;166;174m▀[0m[38;2;143;140;139m[48;2;149;146;145m▀[0m[38;2;98;96;97m[48;2;123;118;116m▀[0m[38;2;126;121;118m[48;2;148;139;133m▀[0m[38;2;116;108;106m[48;2;121;112;109m▀[0m[38;2;146;133;124m[48;2;142;130;123m▀[0m[38;2;89;84;82m[48;2;115;102;95m▀[0m[38;2;135;122;114m[48;2;118;103;93m▀[0m[38;2;126;115;106m[48;2;126;104;90m▀[0m[38;2;117;102;93m[48;2;123;101;87m▀[0m[38;2;142;120;106m[48;2;121;104;94m▀[0m[38;2;114;97;86m[48;2;113;103;101m▀[0m[38;2;95;85;82m[48;2;117;104;98m▀[0m[38;2;118;100;89m[48;2;135;113;99m▀[0m[38;2;113;87;71m[48;2;119;100;89m▀[0m[38;2;149;119;99m[48;2;146;120;102m▀[0m[38;2;145;120;104m[48;2;170;145;128m▀[0m[38;2;107;91;80m[48;2;118;99;89m▀[0m[38;2;110;93;84m[48;2;104;88;79m▀[0m[38;2;89;79;74m[48;2;111;95;85m▀[0m[38;2;108;99;95m[48;2;139;118;104m▀[0m[38;2;183;161;142m[48;2;177;150;129m▀[0m[38;2;188;158;136m[48;2;148;124;107m▀[0m[38;2;195;165;141m[48;2;158;132;115m▀[0m[38;2;173;147;126m[48;2;167;143;124m▀[0m[38;2;149;125;105m[48;2;167;141;124m▀[0m[38;2;159;130;109m[48;2;123;103;89m▀[0m[38;2;165;134;111m[48;2;148;120;103m▀[0m[38;2;123;102;88m[48;2;101;85;73m▀[0m[38;2;90;76;68m[48;2;96;82;74m▀[0m[38;2;104;90;81m[48;2;107;91;82m▀[0m[38;2;88;76;70m[48;2;117;101;93m▀[0m[38;2;86;75;70m[48;2;81;69;64m▀[0m[38;2;94;82;75m[48;2;101;85;76m▀[0m[38;2;88;75;68m[48;2;112;95;84m▀[0m[38;2;114;98;89m[48;2;131;114;103m▀[0m[38;2;92;82;75m▀[0m[38;2;32;33;34m[48;2;19;19;19m▀[0m[38;2;70;72;75m[48;2;58;59;60m▀[0m[38;2;114;114;115m[48;2;100;98;97m▀[0m[38;2;121;115;113m[48;2;134;123;114m▀[0m[38;2;16;16;15m[48;2;54;50;49m▀[0m
       [38;2;17;22;27m[48;2;12;14;17m▀[0m[38;2;136;150;160m[48;2;106;122;133m▀[0m[38;2;143;142;140m[48;2;149;147;145m▀[0m[38;2;152;141;135m[48;2;164;156;150m▀[0m[38;2;149;136;129m[48;2;191;172;158m▀[0m[38;2;165;148;138m[48;2;197;172;151m▀[0m[38;2;135;124;118m[48;2;173;154;141m▀[0m[38;2;122;111;106m[48;2;139;129;124m▀[0m[38;2;118;101;91m[48;2;124;118;113m▀[0m[38;2;149;123;103m[48;2;112;105;100m▀[0m[38;2;143;115;98m[48;2;107;97;93m▀[0m[38;2;118;103;93m[48;2;110;105;104m▀[0m[38;2;114;105;99m[48;2;107;110;113m▀[0m[38;2;160;126;104m[48;2;110;105;104m▀[0m[38;2;148;121;102m[48;2;117;102;93m▀[0m[38;2;107;92;85m[48;2;116;98;87m▀[0m[38;2;112;96;86m[48;2;158;128;106m▀[0m[38;2;142;117;99m[48;2;187;149;120m▀[0m[38;2;115;94;81m[48;2;160;128;105m▀[0m[38;2;114;94;82m[48;2;117;94;80m▀[0m[38;2;80;69;65m[48;2;127;104;90m▀[0m[38;2;114;96;86m[48;2;114;96;85m▀[0m[38;2;117;100;90m[48;2;126;108;96m▀[0m[38;2;106;90;81m[48;2;113;97;87m▀[0m[38;2;130;109;97m[48;2;116;97;84m▀[0m[38;2;132;110;94m[48;2;121;100;87m▀[0m[38;2;148;123;107m[48;2;135;114;100m▀[0m[38;2;140;119;104m[48;2;138;115;100m▀[0m[38;2;116;96;81m[48;2;125;100;85m▀[0m[38;2;115;95;84m[48;2;155;127;105m▀[0m[38;2;117;99;87m[48;2;79;66;58m▀[0m[38;2;112;93;82m[48;2;103;86;77m▀[0m[38;2;124;105;93m[48;2;107;90;81m▀[0m[38;2;103;87;79m[48;2;103;89;81m▀[0m[38;2;102;88;80m[48;2;111;99;90m▀[0m[38;2;144;125;112m[48;2;84;77;71m▀[0m[38;2;72;64;59m[48;2;56;50;46m▀[0m [38;2;16;17;18m[48;2;19;21;22m▀[0m[38;2;50;50;50m[48;2;52;51;51m▀[0m[38;2;89;82;79m[48;2;94;85;81m▀[0m[38;2;131;116;105m[48;2;128;113;103m▀[0m[38;2;70;65;63m[48;2;32;30;29m▀[0m
        [38;2;62;78;90m[48;2;27;37;45m▀[0m[38;2;174;173;170m[48;2;174;180;184m▀[0m[38;2;147;136;131m[48;2;167;156;148m▀[0m[38;2;170;153;141m[48;2;154;137;127m▀[0m[38;2;212;187;166m[48;2;185;162;143m▀[0m[38;2;211;185;163m[48;2;223;196;170m▀[0m[38;2;157;140;128m[48;2;200;174;154m▀[0m[38;2;138;127;121m[48;2;163;146;134m▀[0m[38;2;127;119;115m[48;2;139;128;122m▀[0m[38;2;134;127;124m[48;2;152;143;138m▀[0m[38;2;115;113;113m[48;2;143;143;145m▀[0m[38;2;118;124;131m[48;2;111;118;124m▀[0m[38;2;124;118;114m[48;2;141;126;116m▀[0m[38;2;138;111;92m[48;2;178;140;111m▀[0m[38;2;193;157;128m[48;2;201;162;134m▀[0m[38;2;207;167;136m[48;2;187;152;125m▀[0m[38;2;188;151;123m[48;2;204;173;147m▀[0m[38;2;197;158;128m[48;2;177;145;119m▀[0m[38;2;162;128;102m[48;2;174;139;114m▀[0m[38;2;170;135;108m[48;2;172;140;117m▀[0m[38;2;138;112;96m[48;2;131;107;90m▀[0m[38;2;106;90;80m[48;2;140;116;101m▀[0m[38;2;124;103;90m[48;2;155;129;110m▀[0m[38;2;132;111;96m[48;2;180;148;124m▀[0m[38;2;123;101;87m[48;2;165;134;113m▀[0m[38;2;115;95;82m[48;2;134;109;91m▀[0m[38;2;127;107;93m[48;2;112;89;74m▀[0m[38;2;113;90;76m[48;2;120;98;83m▀[0m[38;2;145;118;99m[48;2;110;91;78m▀[0m[38;2;104;86;75m[48;2;115;95;83m▀[0m[38;2;102;85;74m[48;2;105;89;80m▀[0m[38;2;95;81;72m[48;2;120;103;95m▀[0m[38;2;149;131;116m[48;2;206;188;167m▀[0m[38;2;99;92;85m[48;2;16;15;14m▀[0m[38;2;69;62;57m[48;2;87;77;72m▀[0m[38;2;69;63;60m[48;2;116;105;99m▀[0m [38;2;20;20;20m[48;2;27;26;27m▀[0m[38;2;60;58;57m[48;2;61;59;58m▀[0m[38;2;96;86;81m[48;2;81;76;74m▀[0m[38;2;97;89;85m[48;2;31;30;30m▀[0m
        [38;2;14;17;21m▀[0m[38;2;123;137;147m[48;2;54;69;79m▀[0m[38;2;190;180;173m[48;2;191;191;189m▀[0m[38;2;190;172;159m[48;2;187;174;165m▀[0m[38;2;184;160;143m[48;2;209;188;170m▀[0m[38;2;231;204;176m[48;2;184;160;142m▀[0m[38;2;175;152;130m[48;2;158;139;125m▀[0m[38;2;184;157;137m[48;2;137;120;110m▀[0m[38;2;205;184;168m[48;2;194;172;153m▀[0m[38;2;172;157;147m[48;2;210;192;177m▀[0m[38;2;160;152;146m[48;2;201;193;185m▀[0m[38;2;119;118;120m[48;2;148;145;144m▀[0m[38;2;154;137;126m[48;2;154;145;139m▀[0m[38;2;199;166;139m[48;2;191;163;143m▀[0m[38;2;182;151;126m[48;2;127;104;90m▀[0m[38;2;206;177;153m[48;2;169;139;118m▀[0m[38;2;217;197;179m[48;2;180;150;129m▀[0m[38;2;186;159;140m[48;2;159;126;103m▀[0m[38;2;177;144;118m[48;2;183;150;124m▀[0m[38;2;177;147;123m[48;2;187;155;131m▀[0m[38;2;135;108;88m[48;2;160;133;114m▀[0m[38;2;140;117;104m[48;2;134;113;99m▀[0m[38;2;155;134;121m[48;2;128;106;92m▀[0m[38;2;139;115;99m[48;2;127;103;89m▀[0m[38;2;180;148;122m[48;2;142;115;97m▀[0m[38;2;167;135;111m[48;2;161;133;115m▀[0m[38;2;135;105;84m[48;2;160;135;118m▀[0m[38;2;121;95;79m[48;2;140;118;105m▀[0m[38;2;119;101;88m[48;2;126;107;96m▀[0m[38;2;108;92;83m[48;2;91;80;75m▀[0m[38;2;95;82;75m[48;2;119;105;99m▀[0m[38;2;89;77;70m[48;2;90;77;71m▀[0m[38;2;120;107;97m[48;2;77;67;62m▀[0m[38;2;71;65;62m[48;2;85;76;71m▀[0m[38;2;85;77;73m[48;2;67;62;61m▀[0m[38;2;119;107;101m[48;2;81;76;73m▀[0m[38;2;104;98;93m[48;2;88;81;79m▀[0m[38;2;61;58;57m[48;2;79;75;73m▀[0m[38;2;64;63;62m[48;2;48;47;48m▀[0m[38;2;35;36;36m[48;2;41;42;43m▀[0m[38;2;23;23;24m▄[0m[38;2;23;24;24m[48;2;31;31;31m▀[0m[38;2;15;15;15m▀[0m
         [38;2;18;23;28m▀[0m[38;2;137;151;161m[48;2;57;71;83m▀[0m[38;2;190;179;170m[48;2;180;180;178m▀[0m[38;2;207;187;168m[48;2;194;175;160m▀[0m[38;2;171;152;138m[48;2;179;156;140m▀[0m[38;2;114;105;102m[48;2;168;149;134m▀[0m[38;2;112;101;96m[48;2;118;107;102m▀[0m[38;2;124;112;106m[48;2;86;82;80m▀[0m[38;2;212;195;180m[48;2;136;125;118m▀[0m[38;2;213;205;197m[48;2;162;145;134m▀[0m[38;2;142;139;138m[48;2;143;134;128m▀[0m[38;2;140;137;135m[48;2;188;180;174m▀[0m[38;2;160;137;122m[48;2;158;143;134m▀[0m[38;2;179;153;134m[48;2;175;157;144m▀[0m[38;2;121;95;77m[48;2;131;107;93m▀[0m[38;2;143;115;95m[48;2;123;98;83m▀[0m[38;2;173;140;116m[48;2;156;134;120m▀[0m[38;2;163;138;121m[48;2;139;121;109m▀[0m[38;2;137;113;97m[48;2;107;90;81m▀[0m[38;2;147;125;111m[48;2;128;106;91m▀[0m[38;2;122;99;86m[48;2;129;103;87m▀[0m[38;2;101;78;64m[48;2;125;108;95m▀[0m[38;2;113;90;75m[48;2;162;143;132m▀[0m[38;2;123;98;82m[48;2;138;115;99m▀[0m[38;2;116;94;79m[48;2;136;108;88m▀[0m[38;2;114;92;79m[48;2;140;116;100m▀[0m[38;2;139;118;104m[48;2;136;117;105m▀[0m[38;2;127;113;104m[48;2;125;116;111m▀[0m[38;2;101;92;86m[48;2;100;91;87m▀[0m[38;2;104;95;89m[48;2;106;96;93m▀[0m[38;2;87;76;70m[48;2;87;76;70m▀[0m[38;2;84;74;70m[48;2;79;69;65m▀[0m[38;2;71;65;62m[48;2;84;76;72m▀[0m[38;2;68;63;60m[48;2;70;67;65m▀[0m[38;2;66;62;61m[48;2;55;52;52m▀[0m[38;2;69;66;67m[48;2;56;55;57m▀[0m[38;2;53;51;51m[48;2;58;57;60m▀[0m[38;2;57;55;57m[48;2;40;41;42m▀[0m[38;2;56;56;57m[48;2;39;40;42m▀[0m[38;2;22;23;24m▀[0m
          [38;2;17;21;25m▀[0m[38;2;115;132;143m[48;2;34;45;54m▀[0m[38;2;166;160;156m[48;2;144;156;166m▀[0m[38;2;169;152;139m[48;2;157;151;147m▀[0m[38;2;182;155;136m[48;2;180;161;148m▀[0m[38;2;165;140;124m[48;2;175;149;130m▀[0m[38;2;121;109;103m[48;2;145;125;113m▀[0m[38;2;100;94;92m[48;2;126;114;108m▀[0m[38;2;149;135;127m[48;2;136;125;120m▀[0m[38;2;122;110;104m[48;2;133;119;111m▀[0m[38;2;169;154;144m[48;2;134;118;109m▀[0m[38;2;164;151;142m[48;2;143;126;115m▀[0m[38;2;171;162;155m[48;2;174;159;150m▀[0m[38;2;121;109;102m[48;2;151;137;130m▀[0m[38;2;143;127;117m[48;2;141;130;123m▀[0m[38;2;169;150;139m[48;2;116;107;102m▀[0m[38;2;146;126;110m[48;2;149;134;123m▀[0m[38;2;122;101;88m[48;2;139;121;110m▀[0m[38;2;117;94;79m[48;2;160;147;139m▀[0m[38;2;132;111;99m[48;2;177;170;166m▀[0m[38;2;154;137;127m[48;2;159;147;140m▀[0m[38;2;150;129;117m[48;2;157;147;141m▀[0m[38;2;147;124;110m[48;2;156;146;140m▀[0m[38;2;163;142;127m[48;2;157;149;145m▀[0m[38;2;148;128;113m[48;2;135;128;123m▀[0m[38;2;121;105;96m[48;2;133;129;126m▀[0m[38;2;101;90;84m[48;2;149;150;150m▀[0m[38;2;84;74;71m[48;2;90;85;83m▀[0m[38;2;79;71;67m[48;2;99;95;94m▀[0m[38;2;98;86;80m[48;2;105;99;97m▀[0m[38;2;86;77;74m[48;2;97;94;92m▀[0m[38;2;70;65;64m[48;2;68;67;68m▀[0m[38;2;60;58;57m[48;2;68;71;75m▀[0m[38;2;83;82;83m[48;2;73;78;84m▀[0m[38;2;77;81;86m[48;2;48;51;54m▀[0m[38;2;39;40;42m[48;2;38;40;43m▀[0m[38;2;28;30;32m[48;2;17;19;21m▀[0m[38;2;28;30;32m[48;2;20;22;24m▀[0m
           [38;2;9;11;13m▀[0m[38;2;61;77;89m[48;2;14;17;21m▀[0m[38;2;152;160;165m[48;2;83;101;114m▀[0m[38;2;172;167;164m[48;2;158;164;168m▀[0m[38;2;201;182;168m[48;2;167;165;164m▀[0m[38;2;170;152;141m[48;2;145;141;138m▀[0m[38;2;149;135;126m[48;2;125;122;121m▀[0m[38;2;128;120;114m[48;2;135;130;126m▀[0m[38;2;128;115;109m[48;2;109;104;102m▀[0m[38;2;147;129;118m[48;2;125;114;109m▀[0m[38;2;151;133;121m[48;2;147;136;128m▀[0m[38;2;157;143;136m[48;2;138;129;124m▀[0m[38;2;133;120;113m[48;2;143;134;128m▀[0m[38;2;149;136;127m[48;2;121;113;109m▀[0m[38;2;194;178;164m[48;2;138;130;125m▀[0m[38;2;110;105;101m[48;2;151;144;141m▀[0m[38;2;136;127;122m[48;2;122;116;114m▀[0m[38;2;173;170;170m[48;2;131;126;125m▀[0m[38;2;158;155;155m[48;2;104;100;98m▀[0m[38;2;136;130;128m[48;2;101;99;99m▀[0m[38;2;127;120;117m[48;2;122;121;122m▀[0m[38;2;129;125;123m[48;2;132;130;130m▀[0m[38;2;152;151;154m[48;2;141;142;145m▀[0m[38;2;124;123;124m[48;2;154;160;164m▀[0m[38;2;170;176;180m[48;2;150;155;160m▀[0m[38;2;150;157;160m[48;2;116;117;120m▀[0m[38;2;129;137;143m[48;2;106;112;115m▀[0m[38;2;122;129;135m[48;2;124;135;143m▀[0m[38;2;149;162;169m[48;2;152;171;184m▀[0m[38;2;96;103;109m[48;2;120;135;147m▀[0m[38;2;80;86;92m[48;2;88;96;102m▀[0m[38;2;78;85;92m[48;2;56;61;66m▀[0m[38;2;53;57;61m[48;2;58;62;66m▀[0m[38;2;42;45;49m[48;2;57;59;62m▀[0m[38;2;38;39;42m[48;2;29;30;32m▀[0m[38;2;31;32;34m▀[0m
             [38;2;17;22;26m▀[0m[38;2;91;111;124m[48;2;16;22;26m▀[0m[38;2;145;152;158m[48;2;86;105;119m▀[0m[38;2;139;141;145m[48;2;144;155;162m▀[0m[38;2;114;116;116m[48;2;114;117;122m▀[0m[38;2;124;123;124m[48;2;101;104;108m▀[0m[38;2;122;119;119m[48;2;101;104;106m▀[0m[38;2;144;138;135m[48;2;109;110;112m▀[0m[38;2;141;135;132m[48;2;121;120;121m▀[0m[38;2;142;134;130m[48;2;107;105;104m▀[0m[38;2;151;141;137m[48;2;113;108;105m▀[0m[38;2;144;135;131m[48;2;185;173;161m▀[0m[38;2;116;110;107m[48;2;139;132;126m▀[0m[38;2;128;124;123m[48;2;99;95;96m▀[0m[38;2;148;148;149m[48;2;116;112;111m▀[0m[38;2;101;96;95m[48;2;145;150;153m▀[0m[38;2;113;111;110m[48;2;152;157;161m▀[0m[38;2;95;92;91m[48;2;118;118;119m▀[0m[38;2;88;83;82m[48;2;150;135;126m▀[0m[38;2;119;109;103m[48;2;194;168;147m▀[0m[38;2;138;129;125m[48;2;120;107;99m▀[0m[38;2;147;146;144m[48;2;97;91;88m▀[0m[38;2;115;116;118m[48;2;104;100;100m▀[0m[38;2;96;98;100m[48;2;82;82;83m▀[0m[38;2;123;131;136m[48;2;84;85;87m▀[0m[38;2;114;123;130m[48;2;92;86;86m▀[0m[38;2;114;121;127m[48;2;119;106;98m▀[0m[38;2;125;134;141m[48;2;99;97;97m▀[0m[38;2;112;118;123m[48;2;95;100;104m▀[0m[38;2;74;79;84m[48;2;96;100;103m▀[0m[38;2;88;89;92m[48;2;82;82;85m▀[0m[38;2;15;16;19m[48;2;55;58;61m▀[0m[38;2;28;31;33m▄[0m[38;2;20;20;20m▄[0m
               [38;2;13;18;21m▀[0m[38;2;67;85;98m[48;2;10;13;15m▀[0m[38;2;140;154;165m[48;2;40;54;64m▀[0m[38;2;126;133;139m[48;2;119;138;152m▀[0m[38;2;136;141;145m[48;2;143;153;160m▀[0m[38;2;140;142;144m[48;2;154;159;162m▀[0m[38;2;123;124;126m[48;2;134;136;137m▀[0m[38;2;114;114;117m[48;2;133;135;138m▀[0m[38;2;104;105;107m[48;2;134;136;139m▀[0m[38;2;113;111;110m[48;2;124;126;128m▀[0m[38;2;127;125;126m[48;2;116;117;120m▀[0m[38;2;118;117;117m[48;2;130;130;132m▀[0m[38;2;142;141;141m[48;2;117;117;118m▀[0m[38;2;184;198;205m[48;2;135;137;141m▀[0m[38;2;165;180;189m[48;2;124;129;133m▀[0m[38;2;113;118;123m[48;2;114;119;123m▀[0m[38;2;123;118;115m[48;2;118;125;131m▀[0m[38;2;140;126;118m[48;2;105;111;117m▀[0m[38;2;92;88;87m[48;2;86;90;93m▀[0m[38;2;83;82;83m[48;2;84;88;92m▀[0m[38;2;79;79;80m[48;2;89;93;98m▀[0m[38;2;77;76;77m[48;2;106;107;109m▀[0m[38;2;128;126;126m[48;2;122;123;124m▀[0m[38;2;126;117;112m[48;2;78;80;84m▀[0m[38;2;84;81;80m[48;2;72;78;84m▀[0m[38;2;70;73;77m[48;2;67;72;77m▀[0m[38;2;75;80;85m[48;2;50;55;59m▀[0m[38;2;52;56;60m[48;2;53;57;62m▀[0m[38;2;56;60;65m[48;2;21;22;24m▀[0m[38;2;29;33;37m▀[0m[38;2;17;19;21m▀[0m
                  [38;2;19;26;32m▀[0m[38;2;71;90;103m[48;2;8;11;12m▀[0m[38;2;132;149;161m[48;2;24;34;41m▀[0m[38;2;139;148;155m[48;2;76;94;107m▀[0m[38;2;130;135;140m[48;2;124;141;154m▀[0m[38;2;137;139;144m[48;2;133;143;151m▀[0m[38;2;128;131;135m[48;2;116;123;130m▀[0m[38;2;132;135;139m[48;2;118;123;127m▀[0m[38;2;123;123;124m[48;2;115;118;122m▀[0m[38;2;109;109;110m[48;2;113;113;115m▀[0m[38;2;98;98;99m[48;2;115;113;113m▀[0m[38;2;88;88;89m[48;2;88;89;92m▀[0m[38;2;86;86;88m[48;2;87;89;93m▀[0m[38;2;88;90;93m[48;2;94;94;95m▀[0m[38;2;104;108;113m[48;2;105;103;103m▀[0m[38;2;117;125;132m[48;2;120;118;119m▀[0m[38;2;139;152;160m[48;2;114;114;117m▀[0m[38;2;116;124;130m[48;2;123;125;127m▀[0m[38;2;79;85;90m[48;2;57;61;65m▀[0m[38;2;64;71;77m[48;2;94;100;107m▀[0m[38;2;75;81;87m[48;2;88;93;99m▀[0m[38;2;68;75;80m[48;2;69;76;83m▀[0m[38;2;71;74;77m[48;2;40;46;52m▀[0m[38;2;62;66;69m[48;2;11;15;19m▀[0m[38;2;11;12;13m▀[0m
                     [38;2;8;11;13m▀[0m[38;2;19;27;33m▀[0m[38;2;51;67;79m▀[0m[38;2;91;110;124m[48;2;10;13;15m▀[0m[38;2;113;129;142m[48;2;18;25;30m▀[0m[38;2;119;131;142m[48;2;33;46;57m▀[0m[38;2;126;134;141m[48;2;58;75;88m▀[0m[38;2;130;132;136m[48;2;73;92;106m▀[0m[38;2;134;133;133m[48;2;86;104;118m▀[0m[38;2;140;135;134m[48;2;90;109;123m▀[0m[38;2;142;138;138m[48;2;91;108;123m▀[0m[38;2;121;123;126m[48;2;78;95;110m▀[0m[38;2;97;103;108m[48;2;71;89;103m▀[0m[38;2;91;98;104m[48;2;60;77;90m▀[0m[38;2;85;93;100m[48;2;45;62;73m▀[0m[38;2;74;83;92m[48;2;30;45;55m▀[0m[38;2;56;68;76m[48;2;17;27;34m▀[0m[38;2;44;57;65m[48;2;8;13;16m▀[0m[38;2;24;35;42m▀[0m[38;2;11;18;24m▀[0m
                             [38;2;9;12;14m▀[0m[38;2;11;14;17m▀[0m[38;2;10;15;18m▀[0m[38;2;10;15;17m▀[0m[38;2;9;13;16m▀[0m[38;2;7;9;11m▀[0m
