              [38;2;59;57;53m▄[0m[38;2;60;58;54m▄[0m[38;2;61;58;54m▄[0m[38;2;60;57;54m▄[0m[38;2;59;57;53m▄[0m[38;2;58;55;52m▄[0m[38;2;57;54;50m▄[0m[38;2;55;52;49m▄[0m[38;2;53;50;47m▄[0m[38;2;50;48;45m▄[0m[38;2;47;45;42m▄[0m[38;2;43;41;38m▄[0m
          [38;2;64;61;57m▄[0m[38;2;59;57;53m[48;2;66;63;59m▀[0m[38;2;63;60;56m[48;2;67;64;60m▀[0m[38;2;64;61;57m[48;2;67;64;60m▀[0m[38;2;65;62;58m[48;2;67;64;60m▀[0m[38;2;65;62;58m[48;2;67;63;59m▀[0m[38;2;64;61;57m[48;2;66;63;59m▀[0m[38;2;63;60;56m[48;2;65;62;58m▀[0m[38;2;62;59;55m[48;2;64;61;57m▀[0m[38;2;61;58;54m[48;2;62;59;56m▀[0m[38;2;59;57;53m[48;2;61;58;54m▀[0m[38;2;58;55;51m[48;2;59;56;53m▀[0m[38;2;56;53;50m[48;2;57;55;51m▀[0m[38;2;53;51;48m[48;2;55;53;49m▀[0m[38;2;51;49;45m[48;2;53;50;47m▀[0m[38;2;48;46;43m[48;2;50;48;45m▀[0m[38;2;45;43;40m[48;2;48;45;42m▀[0m[38;2;41;39;36m[48;2;44;42;40m▀[0m[38;2;34;32;30m[48;2;41;39;36m▀[0m[38;2;36;34;32m▄[0m
       [38;2;55;52;49m▄[0m[38;2;68;65;61m[48;2;48;46;43m▀[0m[38;2;74;71;66m[48;2;50;48;45m▀[0m[38;2;84;80;75m[48;2;65;62;58m▀[0m[38;2;69;65;61m[48;2;80;76;71m▀[0m[38;2;69;66;61m[48;2;70;67;62m▀[0m[38;2;69;65;61m[48;2;70;66;62m▀[0m[38;2;68;65;61m[48;2;69;66;62m▀[0m[38;2;68;65;60m[48;2;68;65;61m▀[0m[38;2;67;64;60m[48;2;67;64;60m▀[0m[38;2;66;63;59m[48;2;66;63;59m▀[0m[38;2;65;62;58m[48;2;65;62;58m▀[0m[38;2;63;60;56m[48;2;64;61;57m▀[0m[38;2;62;59;55m[48;2;62;59;55m▀[0m[38;2;60;57;54m[48;2;61;58;54m▀[0m[38;2;58;56;52m[48;2;59;56;52m▀[0m[38;2;56;54;50m[48;2;57;54;51m▀[0m[38;2;54;52;48m[48;2;55;52;49m▀[0m[38;2;52;49;46m[48;2;52;50;47m▀[0m[38;2;49;47;44m[48;2;50;48;45m▀[0m[38;2;46;44;41m[48;2;47;45;42m▀[0m[38;2;43;41;38m[48;2;44;42;39m▀[0m[38;2;39;37;35m[48;2;41;39;37m▀[0m[38;2;35;33;31m[48;2;37;35;33m▀[0m[38;2;28;27;25m[48;2;33;31;29m▀[0m[38;2;27;25;24m▄[0m
     [38;2;64;61;57m▄[0m[38;2;82;79;73m[48;2;87;83;77m▀[0m[38;2;52;49;46m[48;2;97;93;87m▀[0m[38;2;47;45;42m[48;2;69;66;62m▀[0m[38;2;58;55;52m[48;2;44;42;39m▀[0m[38;2;74;70;66m[48;2;56;53;50m▀[0m[38;2;99;95;88m[48;2;98;93;87m▀[0m[38;2;70;67;63m[48;2;96;92;86m▀[0m[38;2;70;67;62m[48;2;70;67;62m▀[0m[38;2;69;66;62m[48;2;69;66;62m▀[0m[38;2;68;65;61m[48;2;68;65;61m▀[0m[38;2;68;64;60m[48;2;82;79;74m▀[0m[38;2;76;73;68m[48;2;55;52;49m▀[0m[38;2;81;77;72m[48;2;49;47;44m▀[0m[38;2;65;62;58m[48;2;65;62;58m▀[0m[38;2;62;59;56m[48;2;62;59;55m▀[0m[38;2;61;58;54m[48;2;61;58;54m▀[0m[38;2;59;56;53m[48;2;59;56;52m▀[0m[38;2;57;54;51m[48;2;57;54;51m▀[0m[38;2;55;52;49m[48;2;55;52;49m▀[0m[38;2;53;50;47m[48;2;53;50;47m▀[0m[38;2;50;48;45m[48;2;50;48;45m▀[0m[38;2;48;46;43m[48;2;63;60;56m▀[0m[38;2;45;43;40m[48;2;54;51;48m▀[0m[38;2;42;40;37m[48;2;42;40;38m▀[0m[38;2;38;37;34m[48;2;39;37;35m▀[0m[38;2;35;33;31m[48;2;36;34;32m▀[0m[38;2;30;29;27m[48;2;32;30;28m▀[0m[38;2;24;23;21m[48;2;27;25;24m▀[0m[38;2;20;19;18m▄[0m
    [38;2;62;59;55m[48;2;65;62;58m▀[0m[38;2;67;63;59m[48;2;68;65;60m▀[0m[38;2;100;95;89m[48;2;110;105;98m▀[0m[38;2;67;64;59m[48;2;41;39;36m▀[0m[38;2;34;33;30m[48;2;44;42;39m▀[0m[38;2;53;51;48m[48;2;69;66;62m▀[0m[38;2;97;93;87m[48;2;32;30;28m▀[0m[38;2;61;58;54m[48;2;32;30;28m▀[0m[38;2;77;74;69m[48;2;41;39;37m▀[0m[38;2;99;94;88m[48;2;78;74;69m▀[0m[38;2;78;74;69m[48;2;84;80;75m▀[0m[38;2;68;65;61m[48;2;68;65;61m▀[0m[38;2;82;78;73m[48;2;82;78;73m▀[0m[38;2;45;43;40m[48;2;53;51;48m▀[0m[38;2;33;32;30m[48;2;48;45;42m▀[0m[38;2;51;48;45m[48;2;63;60;56m▀[0m[38;2;69;65;61m[48;2;61;58;55m▀[0m[38;2;60;57;54m[48;2;60;57;53m▀[0m[38;2;58;56;52m[48;2;58;55;52m▀[0m[38;2;57;54;50m[48;2;56;53;50m▀[0m[38;2;55;52;49m[48;2;54;52;48m▀[0m[38;2;52;50;47m[48;2;52;50;46m▀[0m[38;2;65;62;58m[48;2;61;59;55m▀[0m[38;2;30;29;27m[48;2;35;34;31m▀[0m[38;2;35;33;31m[48;2;38;36;34m▀[0m[38;2;42;40;38m[48;2;42;40;38m▀[0m[38;2;39;37;35m[48;2;39;37;35m▀[0m[38;2;36;34;32m[48;2;36;34;32m▀[0m[38;2;32;31;29m[48;2;32;31;29m▀[0m[38;2;28;27;25m[48;2;29;27;25m▀[0m[38;2;23;22;20m[48;2;24;23;21m▀[0m[38;2;15;14;13m[48;2;18;17;16m▀[0m
  [38;2;57;54;50m▄[0m[38;2;62;59;56m[48;2;64;61;57m▀[0m[38;2;66;63;59m[48;2;67;63;59m▀[0m[38;2;68;65;61m[48;2;68;65;61m▀[0m[38;2;91;87;81m[48;2;85;81;76m▀[0m[38;2;67;63;59m[48;2;68;65;61m▀[0m[38;2;50;47;44m[48;2;54;51;48m▀[0m[38;2;49;46;43m[48;2;58;56;52m▀[0m[38;2;32;30;28m[48;2;31;30;28m▀[0m[38;2;32;30;28m[48;2;31;30;28m▀[0m[38;2;31;30;28m[48;2;38;36;34m▀[0m[38;2;72;68;64m[48;2;66;63;59m▀[0m[38;2;68;65;60m[48;2;68;65;61m▀[0m[38;2;75;72;67m[48;2;74;70;66m▀[0m[38;2;66;63;59m[48;2;65;62;58m▀[0m[38;2;76;72;67m[48;2;64;61;57m▀[0m[38;2;80;76;72m[48;2;63;60;56m▀[0m[38;2;65;62;58m[48;2;82;78;73m▀[0m[38;2;79;75;70m[48;2;51;48;45m▀[0m[38;2;69;66;61m[48;2;44;42;39m▀[0m[38;2;69;66;62m[48;2;44;42;39m▀[0m[38;2;67;64;60m[48;2;60;58;54m▀[0m[38;2;53;51;48m[48;2;67;64;60m▀[0m[38;2;51;49;46m[48;2;51;48;45m▀[0m[38;2;49;47;44m[48;2;48;46;43m▀[0m[38;2;47;45;42m[48;2;46;44;41m▀[0m[38;2;44;42;39m[48;2;44;42;39m▀[0m[38;2;42;40;37m[48;2;41;39;37m▀[0m[38;2;39;37;35m[48;2;38;36;34m▀[0m[38;2;36;34;32m[48;2;35;34;31m▀[0m[38;2;32;31;29m[48;2;32;30;28m▀[0m[38;2;29;27;25m[48;2;28;27;25m▀[0m[38;2;24;23;22m[48;2;24;23;22m▀[0m[38;2;19;18;17m[48;2;20;19;18m▀[0m[38;2;13;12;11m[48;2;14;13;12m▀[0m[38;2;12;12;11m▄[0m
  [38;2;60;57;54m[48;2;61;58;54m▀[0m[38;2;64;61;57m[48;2;64;61;57m▀[0m[38;2;66;63;59m[48;2;66;63;59m▀[0m[38;2;68;65;60m[48;2;67;64;60m▀[0m[38;2;73;69;65m[48;2;68;65;60m▀[0m[38;2;89;85;79m[48;2;74;70;66m▀[0m[38;2;65;62;58m[48;2;87;83;78m▀[0m[38;2;76;73;68m[48;2;86;82;77m▀[0m[38;2;49;47;44m[48;2;105;100;93m▀[0m[38;2;48;46;43m[48;2;95;91;85m▀[0m[38;2;70;67;63m[48;2;80;76;71m▀[0m[38;2;61;58;54m[48;2;87;83;77m▀[0m[38;2;84;80;75m[48;2;70;67;63m▀[0m[38;2;65;62;58m[48;2;64;61;57m▀[0m[38;2;64;61;57m[48;2;63;60;56m▀[0m[38;2;63;60;56m[48;2;62;59;55m▀[0m[38;2;64;61;57m[48;2;63;60;56m▀[0m[38;2;64;61;57m[48;2;63;60;56m▀[0m[38;2;43;41;38m[48;2;42;40;38m▀[0m[38;2;32;31;29m[48;2;43;41;38m▀[0m[38;2;45;43;40m[48;2;24;23;22m▀[0m[38;2;34;33;31m[48;2;24;23;21m▀[0m[38;2;60;58;54m[48;2;49;47;43m▀[0m[38;2;65;62;58m[48;2;45;43;40m▀[0m[38;2;48;45;42m[48;2;48;46;43m▀[0m[38;2;45;43;40m[48;2;44;42;39m▀[0m[38;2;43;41;38m[48;2;42;40;37m▀[0m[38;2;40;38;36m[48;2;39;37;35m▀[0m[38;2;37;36;33m[48;2;37;35;33m▀[0m[38;2;34;33;31m[48;2;34;32;30m▀[0m[38;2;31;30;28m[48;2;30;29;27m▀[0m[38;2;28;27;25m[48;2;27;26;24m▀[0m[38;2;24;23;21m[48;2;23;22;21m▀[0m[38;2;20;19;18m[48;2;19;18;17m▀[0m[38;2;15;14;13m[48;2;14;14;13m▀[0m[38;2;12;12;11m[48;2;12;12;11m▀[0m
 [38;2;55;53;49m[48;2;56;54;50m▀[0m[38;2;61;58;54m[48;2;61;58;54m▀[0m[38;2;64;61;57m[48;2;63;60;56m▀[0m[38;2;65;62;58m[48;2;64;61;57m▀[0m[38;2;66;63;59m[48;2;65;62;58m▀[0m[38;2;67;64;60m[48;2;66;63;59m▀[0m[38;2;67;64;60m[48;2;66;63;59m▀[0m[38;2;67;64;60m[48;2;66;63;59m▀[0m[38;2;68;64;60m[48;2;66;63;59m▀[0m[38;2;67;64;60m[48;2;66;62;58m▀[0m[38;2;68;65;61m[48;2;65;62;58m▀[0m[38;2;68;65;61m[48;2;64;61;57m▀[0m[38;2;65;62;58m[48;2;64;61;57m▀[0m[38;2;64;61;57m[48;2;63;60;56m▀[0m[38;2;63;60;56m[48;2;62;59;55m▀[0m[38;2;62;59;55m[48;2;61;58;54m▀[0m[38;2;61;58;54m[48;2;59;57;53m▀[0m[38;2;59;57;53m[48;2;58;55;52m▀[0m[38;2;77;73;69m[48;2;58;55;51m▀[0m[38;2;48;46;43m[48;2;72;68;64m▀[0m[38;2;52;50;47m[48;2;63;60;56m▀[0m[38;2;31;30;28m[48;2;73;69;65m▀[0m[38;2;30;29;27m[48;2;52;50;46m▀[0m[38;2;41;39;37m[48;2;41;39;37m▀[0m[38;2;43;41;39m[48;2;61;58;54m▀[0m[38;2;47;45;42m[48;2;44;42;39m▀[0m[38;2;43;41;38m[48;2;42;40;37m▀[0m[38;2;41;39;36m[48;2;39;38;35m▀[0m[38;2;38;36;34m[48;2;37;35;33m▀[0m[38;2;35;34;32m[48;2;34;33;30m▀[0m[38;2;33;31;29m[48;2;31;30;28m▀[0m[38;2;29;28;26m[48;2;28;27;25m▀[0m[38;2;26;25;23m[48;2;25;24;22m▀[0m[38;2;23;21;20m[48;2;22;21;19m▀[0m[38;2;19;18;16m[48;2;18;17;16m▀[0m[38;2;14;13;12m[48;2;13;13;12m▀[0m[38;2;12;12;11m[48;2;12;12;11m▀[0m[38;2;12;12;11m[48;2;12;12;11m▀[0m
 [38;2;56;53;50m[48;2;55;53;49m▀[0m[38;2;60;57;53m[48;2;59;56;52m▀[0m[38;2;62;59;55m[48;2;61;58;54m▀[0m[38;2;63;60;56m[48;2;62;59;55m▀[0m[38;2;64;61;57m[48;2;63;60;56m▀[0m[38;2;65;62;58m[48;2;63;60;56m▀[0m[38;2;65;62;58m[48;2;63;60;56m▀[0m[38;2;65;62;58m[48;2;63;60;56m▀[0m[38;2;65;62;58m[48;2;63;60;56m▀[0m[38;2;64;61;57m[48;2;63;60;56m▀[0m[38;2;64;61;57m[48;2;62;59;55m▀[0m[38;2;63;60;56m[48;2;62;59;55m▀[0m[38;2;62;59;55m[48;2;61;58;54m▀[0m[38;2;61;58;55m[48;2;60;57;53m▀[0m[38;2;60;58;54m[48;2;59;56;52m▀[0m[38;2;59;56;53m[48;2;58;55;51m▀[0m[38;2;58;55;52m[48;2;57;54;50m▀[0m[38;2;57;54;51m[48;2;55;53;49m▀[0m[38;2;55;53;49m[48;2;54;51;48m▀[0m[38;2;54;51;48m[48;2;52;50;47m▀[0m[38;2;52;50;47m[48;2;51;48;45m▀[0m[38;2;50;48;45m[48;2;49;47;44m▀[0m[38;2;55;53;49m[48;2;47;45;42m▀[0m[38;2;52;49;46m[48;2;45;43;40m▀[0m[38;2;45;43;40m[48;2;43;41;39m▀[0m[38;2;43;41;38m[48;2;41;39;37m▀[0m[38;2;40;39;36m[48;2;39;37;35m▀[0m[38;2;38;36;34m[48;2;37;35;33m▀[0m[38;2;36;34;32m[48;2;34;32;30m▀[0m[38;2;33;31;29m[48;2;31;30;28m▀[0m[38;2;30;29;27m[48;2;29;27;25m▀[0m[38;2;27;26;24m[48;2;26;24;23m▀[0m[38;2;24;23;21m[48;2;22;21;20m▀[0m[38;2;20;19;18m[48;2;19;18;17m▀[0m[38;2;16;16;15m[48;2;15;14;13m▀[0m[38;2;12;12;11m[48;2;12;12;11m▀[0m[38;2;12;12;11m[48;2;12;12;11m▀[0m[38;2;12;12;11m[48;2;12;12;11m▀[0m
 [38;2;54;52;48m[48;2;53;50;47m▀[0m[38;2;57;55;51m[48;2;56;53;50m▀[0m[38;2;59;56;53m[48;2;58;55;51m▀[0m[38;2;60;58;54m[48;2;59;56;52m▀[0m[38;2;61;58;55m[48;2;59;57;53m▀[0m[38;2;62;59;55m[48;2;60;57;53m▀[0m[38;2;62;59;55m[48;2;60;57;54m▀[0m[38;2;62;59;55m[48;2;60;57;54m▀[0m[38;2;62;59;55m[48;2;60;57;53m▀[0m[38;2;61;58;54m[48;2;59;57;53m▀[0m[38;2;61;58;54m[48;2;59;56;52m▀[0m[38;2;60;57;53m[48;2;58;56;52m▀[0m[38;2;59;56;53m[48;2;57;55;51m▀[0m[38;2;58;56;52m[48;2;57;54;50m▀[0m[38;2;57;55;51m[48;2;56;53;49m▀[0m[38;2;56;53;50m[48;2;54;52;48m▀[0m[38;2;55;52;49m[48;2;53;51;47m▀[0m[38;2;54;51;48m[48;2;52;49;46m▀[0m[38;2;52;50;46m[48;2;50;48;45m▀[0m[38;2;51;48;45m[48;2;49;47;44m▀[0m[38;2;49;47;44m[48;2;47;45;42m▀[0m[38;2;47;45;42m[48;2;46;44;41m▀[0m[38;2;46;43;41m[48;2;44;42;39m▀[0m[38;2;44;42;39m[48;2;42;40;37m▀[0m[38;2;42;40;37m[48;2;40;38;36m▀[0m[38;2;40;38;35m[48;2;38;36;34m▀[0m[38;2;37;36;33m[48;2;36;34;32m▀[0m[38;2;35;33;31m[48;2;33;32;30m▀[0m[38;2;32;31;29m[48;2;31;29;27m▀[0m[38;2;30;28;27m[48;2;28;27;25m▀[0m[38;2;27;26;24m[48;2;25;24;23m▀[0m[38;2;24;23;21m[48;2;22;21;20m▀[0m[38;2;21;20;19m[48;2;19;18;17m▀[0m[38;2;17;17;16m[48;2;16;15;14m▀[0m[38;2;14;13;12m[48;2;12;12;11m▀[0m[38;2;12;12;11m[48;2;12;12;11m▀[0m[38;2;12;12;11m[48;2;12;12;11m▀[0m[38;2;12;12;11m[48;2;12;12;11m▀[0m
 [38;2;51;48;45m[48;2;49;46;43m▀[0m[38;2;54;51;48m[48;2;52;49;46m▀[0m[38;2;56;53;50m[48;2;54;51;48m▀[0m[38;2;57;54;51m[48;2;55;52;49m▀[0m[38;2;58;55;51m[48;2;56;53;50m▀[0m[38;2;58;55;52m[48;2;56;54;50m▀[0m[38;2;58;56;52m[48;2;56;54;50m▀[0m[38;2;58;56;52m[48;2;56;54;50m▀[0m[38;2;58;55;52m[48;2;56;53;50m▀[0m[38;2;58;55;51m[48;2;56;53;50m▀[0m[38;2;57;54;51m[48;2;55;53;49m▀[0m[38;2;56;54;50m[48;2;54;52;49m▀[0m[38;2;56;53;50m[48;2;54;51;48m▀[0m[38;2;55;52;49m[48;2;53;50;47m▀[0m[38;2;54;51;48m[48;2;52;49;46m▀[0m[38;2;53;50;47m[48;2;58;55;52m▀[0m[38;2;65;62;58m[48;2;40;38;36m▀[0m[38;2;56;54;50m[48;2;31;30;28m▀[0m[38;2;63;60;56m[48;2;37;36;33m▀[0m[38;2;47;45;42m[48;2;53;51;47m▀[0m[38;2;46;43;41m[48;2;44;42;39m▀[0m[38;2;44;42;39m[48;2;42;40;37m▀[0m[38;2;42;40;37m[48;2;40;38;36m▀[0m[38;2;40;38;36m[48;2;38;36;34m▀[0m[38;2;38;36;34m[48;2;36;35;32m▀[0m[38;2;36;34;32m[48;2;34;33;30m▀[0m[38;2;34;32;30m[48;2;32;30;28m▀[0m[38;2;31;30;28m[48;2;30;28;26m▀[0m[38;2;29;28;26m[48;2;27;26;24m▀[0m[38;2;26;25;23m[48;2;24;23;22m▀[0m[38;2;24;22;21m[48;2;22;21;19m▀[0m[38;2;21;20;18m[48;2;19;18;17m▀[0m[38;2;17;17;15m[48;2;15;15;14m▀[0m[38;2;14;13;12m[48;2;12;12;11m▀[0m[38;2;12;12;11m[48;2;12;12;11m▀[0m[38;2;12;12;11m[48;2;12;12;11m▀[0m[38;2;12;12;11m[48;2;12;12;11m▀[0m[38;2;12;12;11m[48;2;12;12;11m▀[0m
 [38;2;46;44;41m[48;2;43;41;39m▀[0m[38;2;50;47;44m[48;2;47;45;42m▀[0m[38;2;52;49;46m[48;2;49;47;44m▀[0m[38;2;53;50;47m[48;2;51;48;45m▀[0m[38;2;54;51;48m[48;2;56;53;50m▀[0m[38;2;54;52;48m[48;2;60;57;53m▀[0m[38;2;54;52;48m[48;2;57;54;51m▀[0m[38;2;54;52;48m[48;2;52;50;46m▀[0m[38;2;54;52;48m[48;2;52;49;46m▀[0m[38;2;54;51;48m[48;2;52;49;46m▀[0m[38;2;53;51;47m[48;2;51;49;45m▀[0m[38;2;52;50;47m[48;2;50;48;45m▀[0m[38;2;52;49;46m[48;2;50;47;44m▀[0m[38;2;51;48;45m[48;2;49;46;43m▀[0m[38;2;50;47;44m[48;2;48;45;42m▀[0m[38;2;58;56;52m[48;2;47;44;42m▀[0m[38;2;36;35;32m[48;2;52;50;47m▀[0m[38;2;25;24;23m[48;2;37;36;33m▀[0m[38;2;34;32;30m[48;2;48;46;43m▀[0m[38;2;53;51;47m[48;2;41;39;37m▀[0m[38;2;42;40;37m[48;2;40;38;35m▀[0m[38;2;40;38;36m[48;2;38;36;34m▀[0m[38;2;38;36;34m[48;2;38;36;34m▀[0m[38;2;36;35;32m[48;2;37;36;33m▀[0m[38;2;34;33;30m[48;2;33;32;30m▀[0m[38;2;32;31;29m[48;2;30;29;27m▀[0m[38;2;30;28;27m[48;2;28;26;25m▀[0m[38;2;28;26;24m[48;2;25;24;23m▀[0m[38;2;25;24;22m[48;2;23;22;20m▀[0m[38;2;22;21;20m[48;2;20;19;18m▀[0m[38;2;20;19;17m[48;2;17;17;15m▀[0m[38;2;17;16;15m[48;2;14;14;13m▀[0m[38;2;13;13;12m[48;2;12;12;11m▀[0m[38;2;12;12;11m[48;2;12;12;11m▀[0m[38;2;12;12;11m[48;2;12;12;11m▀[0m[38;2;12;12;11m[48;2;12;12;11m▀[0m[38;2;12;12;11m[48;2;12;12;11m▀[0m[38;2;12;12;11m[48;2;12;12;11m▀[0m
 [38;2;40;38;36m[48;2;36;34;32m▀[0m[38;2;44;42;39m[48;2;41;39;37m▀[0m[38;2;47;44;42m[48;2;52;50;47m▀[0m[38;2;61;58;54m[48;2;45;43;40m▀[0m[38;2;54;51;48m[48;2;36;34;32m▀[0m[38;2;48;46;43m[48;2;34;32;30m▀[0m[38;2;54;52;48m[48;2;36;35;32m▀[0m[38;2;64;61;57m[48;2;46;43;41m▀[0m[38;2;50;47;44m[48;2;58;55;51m▀[0m[38;2;49;47;44m[48;2;47;45;42m▀[0m[38;2;49;46;43m[48;2;46;44;41m▀[0m[38;2;48;46;43m[48;2;46;44;41m▀[0m[38;2;47;45;42m[48;2;45;43;40m▀[0m[38;2;46;44;41m[48;2;44;42;39m▀[0m[38;2;45;43;41m[48;2;43;41;38m▀[0m[38;2;44;42;40m[48;2;42;40;37m▀[0m[38;2;43;41;38m[48;2;41;39;36m▀[0m[38;2;42;40;37m[48;2;40;38;35m▀[0m[38;2;33;31;29m[48;2;30;28;27m▀[0m[38;2;29;27;26m[48;2;26;25;23m▀[0m[38;2;42;40;37m[48;2;49;47;44m▀[0m[38;2;45;43;40m[48;2;33;31;29m▀[0m[38;2;40;38;36m[48;2;25;24;23m▀[0m[38;2;35;34;31m[48;2;23;22;20m▀[0m[38;2;36;35;32m[48;2;27;25;24m▀[0m[38;2;39;37;34m[48;2;27;26;24m▀[0m[38;2;34;32;30m[48;2;23;22;21m▀[0m[38;2;30;29;27m[48;2;16;15;14m▀[0m[38;2;24;23;22m[48;2;18;17;16m▀[0m[38;2;18;17;16m[48;2;18;18;16m▀[0m[38;2;15;14;13m[48;2;13;12;11m▀[0m[38;2;12;12;11m[48;2;12;12;11m▀[0m[38;2;12;12;11m[48;2;12;12;11m▀[0m[38;2;12;12;11m[48;2;12;12;11m▀[0m[38;2;12;12;11m[48;2;12;12;11m▀[0m[38;2;12;12;11m[48;2;12;12;11m▀[0m[38;2;12;12;11m[48;2;12;12;11m▀[0m[38;2;12;12;11m[48;2;12;12;11m▀[0m
  [38;2;38;36;33m[48;2;33;32;29m▀[0m[38;2;54;51;48m[48;2;49;47;44m▀[0m[38;2;35;33;31m[48;2;32;31;29m▀[0m[38;2;29;27;25m[48;2;27;25;24m▀[0m[38;2;24;23;21m[48;2;22;21;20m▀[0m[38;2;29;27;26m[48;2;27;26;24m▀[0m[38;2;36;35;32m[48;2;34;33;30m▀[0m[38;2;58;55;51m[48;2;54;52;49m▀[0m[38;2;44;42;40m[48;2;42;40;37m▀[0m[38;2;44;42;39m[48;2;41;39;37m▀[0m[38;2;43;41;39m[48;2;41;39;36m▀[0m[38;2;43;41;38m[48;2;40;38;36m▀[0m[38;2;42;40;37m[48;2;39;37;35m▀[0m[38;2;41;39;36m[48;2;38;36;34m▀[0m[38;2;40;38;35m[48;2;37;35;33m▀[0m[38;2;38;37;34m[48;2;36;34;32m▀[0m[38;2;37;35;33m[48;2;35;33;31m▀[0m[38;2;36;34;32m[48;2;33;32;30m▀[0m[38;2;39;37;35m[48;2;36;34;32m▀[0m[38;2;38;36;34m[48;2;32;31;29m▀[0m[38;2;25;24;22m[48;2;22;21;19m▀[0m[38;2;19;18;17m[48;2;16;15;14m▀[0m[38;2;16;16;15m[48;2;13;12;12m▀[0m[38;2;30;28;26m[48;2;21;20;19m▀[0m[38;2;19;18;17m[48;2;9;9;8m▀[0m[38;2;21;20;19m[48;2;9;8;8m▀[0m[38;2;15;14;13m[48;2;8;8;7m▀[0m[38;2;12;12;11m[48;2;12;12;11m▀[0m[38;2;17;16;15m[48;2;16;15;14m▀[0m[38;2;12;12;11m[48;2;12;12;11m▀[0m[38;2;12;12;11m[48;2;12;12;11m▀[0m[38;2;12;12;11m[48;2;12;12;11m▀[0m[38;2;12;12;11m[48;2;12;12;11m▀[0m[38;2;12;12;11m[48;2;12;12;11m▀[0m[38;2;12;12;11m[48;2;12;12;11m▀[0m[38;2;12;12;11m[48;2;12;12;11m▀[0m
  [38;2;26;25;23m▀[0m[38;2;39;37;35m[48;2;28;27;25m▀[0m[38;2;36;34;32m[48;2;40;38;36m▀[0m[38;2;29;28;26m[48;2;38;36;34m▀[0m[38;2;28;26;25m[48;2;35;33;31m▀[0m[38;2;30;29;27m[48;2;39;38;35m▀[0m[38;2;38;36;34m[48;2;46;44;41m▀[0m[38;2;48;45;42m[48;2;36;34;32m▀[0m[38;2;39;37;35m[48;2;36;34;32m▀[0m[38;2;39;37;34m[48;2;36;34;32m▀[0m[38;2;38;36;34m[48;2;35;33;31m▀[0m[38;2;37;36;33m[48;2;34;33;31m▀[0m[38;2;36;35;32m[48;2;40;38;36m▀[0m[38;2;35;34;32m[48;2;42;40;38m▀[0m[38;2;34;33;31m[48;2;41;39;36m▀[0m[38;2;33;32;30m[48;2;36;34;32m▀[0m[38;2;32;30;28m[48;2;29;28;26m▀[0m[38;2;31;29;27m[48;2;28;26;25m▀[0m[38;2;31;30;28m[48;2;26;25;23m▀[0m[38;2;32;31;29m[48;2;31;30;28m▀[0m[38;2;21;20;18m[48;2;23;22;20m▀[0m[38;2;16;15;14m[48;2;17;16;15m▀[0m[38;2;18;17;16m[48;2;17;16;15m▀[0m[38;2;13;13;12m[48;2;12;12;11m▀[0m[38;2;8;7;7m[48;2;16;16;14m▀[0m[38;2;9;8;8m[48;2;19;18;17m▀[0m[38;2;7;7;6m[48;2;15;15;14m▀[0m[38;2;16;15;14m[48;2;17;16;15m▀[0m[38;2;15;14;13m[48;2;12;12;11m▀[0m[38;2;12;12;11m[48;2;12;12;11m▀[0m[38;2;12;12;11m[48;2;12;12;11m▀[0m[38;2;12;12;11m[48;2;12;12;11m▀[0m[38;2;12;12;11m[48;2;12;12;11m▀[0m[38;2;12;12;11m[48;2;12;12;11m▀[0m[38;2;12;12;11m[48;2;12;12;11m▀[0m[38;2;12;12;11m▀[0m
    [38;2;27;26;24m[48;2;20;19;18m▀[0m[38;2;32;30;28m[48;2;25;24;22m▀[0m[38;2;35;34;32m[48;2;27;26;24m▀[0m[38;2;35;33;31m[48;2;28;27;25m▀[0m[38;2;33;31;29m[48;2;29;28;26m▀[0m[38;2;33;31;29m[48;2;29;28;26m▀[0m[38;2;33;31;29m[48;2;29;28;26m▀[0m[38;2;32;31;29m[48;2;29;28;26m▀[0m[38;2;32;31;29m[48;2;33;32;30m▀[0m[38;2;40;39;36m[48;2;30;28;26m▀[0m[38;2;32;30;28m[48;2;21;20;19m▀[0m[38;2;25;24;22m[48;2;18;17;16m▀[0m[38;2;24;23;22m[48;2;18;17;16m▀[0m[38;2;29;28;26m[48;2;19;18;17m▀[0m[38;2;33;32;30m[48;2;25;24;23m▀[0m[38;2;25;24;22m[48;2;25;23;22m▀[0m[38;2;23;22;21m[48;2;20;19;18m▀[0m[38;2;22;21;19m[48;2;19;18;17m▀[0m[38;2;25;24;22m[48;2;17;16;15m▀[0m[38;2;22;21;20m[48;2;16;15;14m▀[0m[38;2;18;17;16m[48;2;14;13;12m▀[0m[38;2;24;23;21m[48;2;16;16;14m▀[0m[38;2;14;13;12m[48;2;9;8;8m▀[0m[38;2;9;9;8m[48;2;6;5;5m▀[0m[38;2;15;14;13m[48;2;9;9;8m▀[0m[38;2;13;13;12m[48;2;15;14;13m▀[0m[38;2;12;12;11m[48;2;12;12;11m▀[0m[38;2;12;12;11m[48;2;12;12;11m▀[0m[38;2;12;12;11m[48;2;12;12;11m▀[0m[38;2;12;12;11m[48;2;12;12;11m▀[0m[38;2;12;12;11m[48;2;12;12;11m▀[0m[38;2;12;12;11m[48;2;12;12;11m▀[0m
     [38;2;19;18;16m▀[0m[38;2;22;21;20m[48;2;16;15;14m▀[0m[38;2;24;23;21m[48;2;19;18;17m▀[0m[38;2;25;24;22m[48;2;20;19;18m▀[0m[38;2;26;24;23m[48;2;21;20;19m▀[0m[38;2;26;24;23m[48;2;22;21;19m▀[0m[38;2;26;24;23m[48;2;22;21;19m▀[0m[38;2;32;30;28m[48;2;27;25;24m▀[0m[38;2;22;21;19m[48;2;19;18;17m▀[0m[38;2;17;16;15m[48;2;15;14;13m▀[0m[38;2;13;12;11m[48;2;11;11;10m▀[0m[38;2;12;12;11m[48;2;11;10;10m▀[0m[38;2;15;14;13m[48;2;13;12;11m▀[0m[38;2;18;17;16m[48;2;16;15;14m▀[0m[38;2;23;22;20m[48;2;18;17;16m▀[0m[38;2;17;16;15m[48;2;13;13;12m▀[0m[38;2;15;15;14m[48;2;12;12;11m▀[0m[38;2;14;13;12m[48;2;12;12;11m▀[0m[38;2;12;12;11m[48;2;12;12;11m▀[0m[38;2;12;12;11m[48;2;12;12;11m▀[0m[38;2;15;14;13m[48;2;12;12;11m▀[0m[38;2;10;10;9m[48;2;14;14;13m▀[0m[38;2;9;9;8m[48;2;16;15;14m▀[0m[38;2;11;11;10m[48;2;13;13;12m▀[0m[38;2;13;12;12m[48;2;12;12;11m▀[0m[38;2;12;12;11m[48;2;12;12;11m▀[0m[38;2;12;12;11m[48;2;12;12;11m▀[0m[38;2;12;12;11m[48;2;12;12;11m▀[0m[38;2;12;12;11m[48;2;12;12;11m▀[0m[38;2;12;12;11m▀[0m
       [38;2;12;12;11m▀[0m[38;2;15;14;13m[48;2;12;12;11m▀[0m[38;2;16;16;15m[48;2;12;12;11m▀[0m[38;2;17;16;15m[48;2;12;12;11m▀[0m[38;2;17;17;16m[48;2;13;12;11m▀[0m[38;2;19;18;17m[48;2;13;12;11m▀[0m[38;2;20;19;17m[48;2;15;14;13m▀[0m[38;2;13;13;12m[48;2;15;14;13m▀[0m[38;2;12;11;10m[48;2;12;12;11m▀[0m[38;2;11;10;10m[48;2;12;12;11m▀[0m[38;2;11;11;10m[48;2;15;14;13m▀[0m[38;2;15;14;13m[48;2;15;14;13m▀[0m[38;2;13;13;12m[48;2;12;12;11m▀[0m[38;2;12;12;11m[48;2;12;12;11m▀[0m[38;2;12;12;11m[48;2;12;12;11m▀[0m[38;2;12;12;11m[48;2;12;12;11m▀[0m[38;2;12;12;11m[48;2;12;12;11m▀[0m[38;2;12;12;11m[48;2;12;12;11m▀[0m[38;2;12;12;11m[48;2;12;12;11m▀[0m[38;2;12;12;11m[48;2;12;12;11m▀[0m[38;2;12;12;11m[48;2;12;12;11m▀[0m[38;2;12;12;11m[48;2;12;12;11m▀[0m[38;2;12;12;11m[48;2;12;12;11m▀[0m[38;2;12;12;11m[48;2;12;12;11m▀[0m[38;2;12;12;11m[48;2;12;12;11m▀[0m[38;2;12;12;11m▀[0m
          [38;2;12;12;11m▀[0m[38;2;12;12;11m[48;2;12;12;11m▀[0m[38;2;12;12;11m[48;2;12;12;11m▀[0m[38;2;12;12;11m[48;2;12;12;11m▀[0m[38;2;13;13;12m[48;2;12;12;11m▀[0m[38;2;15;14;13m[48;2;12;12;11m▀[0m[38;2;14;14;13m[48;2;12;12;11m▀[0m[38;2;13;12;12m[48;2;12;12;11m▀[0m[38;2;12;12;11m[48;2;12;12;11m▀[0m[38;2;12;12;11m[48;2;12;12;11m▀[0m[38;2;12;12;11m[48;2;12;12;11m▀[0m[38;2;12;12;11m[48;2;12;12;11m▀[0m[38;2;12;12;11m[48;2;12;12;11m▀[0m[38;2;12;12;11m[48;2;12;12;11m▀[0m[38;2;12;12;11m[48;2;12;12;11m▀[0m[38;2;12;12;11m[48;2;12;12;11m▀[0m[38;2;12;12;11m[48;2;12;12;11m▀[0m[38;2;12;12;11m[48;2;12;12;11m▀[0m[38;2;12;12;11m[48;2;12;12;11m▀[0m[38;2;12;12;11m▀[0m
              [38;2;12;12;11m▀[0m[38;2;12;12;11m▀[0m[38;2;12;12;11m▀[0m[38;2;12;12;11m▀[0m[38;2;12;12;11m▀[0m[38;2;12;12;11m▀[0m[38;2;12;12;11m▀[0m[38;2;12;12;11m▀[0m[38;2;12;12;11m▀[0m[38;2;12;12;11m▀[0m[38;2;12;12;11m▀[0m[38;2;12;12;11m▀[0m
