                                        [38;2;109;104;96m▄[0m[38;2;114;108;101m▄[0m[38;2;109;104;97m▄[0m[38;2;101;96;89m▄[0m[38;2;89;85;79m▄[0m[38;2;72;69;64m▄[0m
                                      [38;2;113;107;100m▄[0m[38;2;118;112;104m[48;2;121;115;107m▀[0m[38;2;122;116;108m[48;2;122;116;108m▀[0m[38;2;123;117;108m[48;2;123;117;109m▀[0m[38;2;118;112;104m[48;2;119;113;105m▀[0m[38;2;108;102;95m[48;2;109;103;96m▀[0m[38;2;95;91;84m[48;2;97;92;86m▀[0m[38;2;82;78;72m[48;2;85;80;75m▀[0m[38;2;66;63;58m[48;2;70;67;62m▀[0m[38;2;52;49;46m▄[0m
                                     [38;2;92;87;81m▄[0m[38;2;112;106;99m[48;2;105;100;93m▀[0m[38;2;118;112;104m[48;2;111;106;98m▀[0m[38;2;119;113;106m[48;2;114;109;101m▀[0m[38;2;120;114;106m[48;2;115;109;102m▀[0m[38;2;117;111;103m[48;2;112;106;99m▀[0m[38;2;107;102;95m[48;2;103;98;91m▀[0m[38;2;96;91;85m[48;2;92;88;82m▀[0m[38;2;83;79;74m[48;2;79;76;70m▀[0m[38;2;69;66;61m[48;2;64;61;57m▀[0m[38;2;52;49;46m[48;2;47;45;42m▀[0m[38;2;26;25;23m[48;2;25;24;22m▀[0m
  [38;2;121;115;107m▄[0m[38;2;123;117;109m[48;2;127;121;113m▀[0m[38;2;125;119;111m[48;2;124;118;110m▀[0m[38;2;117;111;103m[48;2;116;110;103m▀[0m[38;2;105;100;93m[48;2;105;100;93m▀[0m[38;2;91;87;81m[48;2;94;89;83m▀[0m[38;2;71;67;63m[48;2;77;73;68m▀[0m[38;2;52;50;46m▄[0m                         [38;2;99;94;87m▄[0m[38;2;79;75;70m▄[0m[38;2;87;83;77m[48;2;80;76;71m▀[0m[38;2;99;94;88m[48;2;92;88;82m▀[0m[38;2;105;100;93m[48;2;98;93;86m▀[0m[38;2;108;103;96m[48;2;100;95;88m▀[0m[38;2;107;102;95m[48;2;130;123;115m▀[0m[38;2;103;98;91m[48;2;117;111;103m▀[0m[38;2;94;89;83m[48;2;85;81;75m▀[0m[38;2;83;79;74m[48;2;70;67;62m▀[0m[38;2;70;67;62m[48;2;58;55;51m▀[0m[38;2;55;53;49m[48;2;45;42;39m▀[0m[38;2;38;36;34m[48;2;28;27;25m▀[0m[38;2;25;23;22m[48;2;25;23;22m▀[0m
 [38;2;97;92;86m▄[0m[38;2;119;113;106m[48;2;110;105;97m▀[0m[38;2;120;114;106m[48;2;108;103;96m▀[0m[38;2;116;110;102m[48;2;103;98;91m▀[0m[38;2;109;104;96m[48;2;98;93;87m▀[0m[38;2;100;95;89m[48;2;91;86;80m▀[0m[38;2;90;85;79m[48;2;82;77;72m▀[0m[38;2;74;70;65m[48;2;66;63;58m▀[0m[38;2;52;49;46m[48;2;44;42;39m▀[0m[38;2;25;23;22m[48;2;25;23;22m▀[0m                       [38;2;108;102;95m[48;2;93;89;82m▀[0m[38;2;98;93;87m[48;2;83;79;74m▀[0m[38;2;81;77;71m[48;2;65;62;58m▀[0m[38;2;50;47;44m[48;2;35;34;31m▀[0m[38;2;83;79;73m[48;2;69;66;61m▀[0m[38;2;88;83;77m[48;2;74;71;66m▀[0m[38;2;126;120;112m[48;2;111;105;98m▀[0m[38;2;126;119;111m[48;2;108;103;96m▀[0m[38;2;110;105;98m[48;2;92;88;81m▀[0m[38;2;80;76;71m[48;2;63;60;56m▀[0m[38;2;39;37;34m[48;2;25;23;22m▀[0m[38;2;45;43;40m[48;2;109;104;97m▀[0m[38;2;32;31;29m[48;2;121;115;107m▀[0m[38;2;25;23;22m[48;2;114;108;101m▀[0m[38;2;25;23;22m[48;2;99;94;88m▀[0m[38;2;75;71;66m▄[0m
 [38;2;86;82;76m[48;2;68;65;60m▀[0m[38;2;99;94;87m[48;2;84;80;74m▀[0m[38;2;98;93;87m[48;2;86;82;76m▀[0m[38;2;94;89;83m[48;2;84;80;74m▀[0m[38;2;89;85;79m[48;2;78;74;69m▀[0m[38;2;81;77;72m[48;2;69;65;61m▀[0m[38;2;71;68;63m[48;2;57;54;51m▀[0m[38;2;55;52;48m[48;2;40;38;35m▀[0m[38;2;33;32;29m[48;2;25;24;22m▀[0m[38;2;25;23;22m[48;2;25;23;22m▀[0m                       [38;2;66;63;59m[48;2;22;21;19m▀[0m[38;2;58;55;51m[48;2;22;21;19m▀[0m[38;2;38;36;34m[48;2;22;21;20m▀[0m[38;2;23;22;20m▀[0m[38;2;48;45;42m▀[0m[38;2;56;53;50m[48;2;31;30;28m▀[0m[38;2;83;79;73m[48;2;34;33;30m▀[0m[38;2;80;76;71m[48;2;40;38;36m▀[0m[38;2;64;61;57m[48;2;27;25;23m▀[0m[38;2;36;35;32m[48;2;26;25;23m▀[0m[38;2;25;24;22m[48;2;119;113;105m▀[0m[38;2;125;119;111m[48;2;122;116;108m▀[0m[38;2;123;117;108m[48;2;115;109;101m▀[0m[38;2;111;106;99m[48;2;101;96;89m▀[0m[38;2;96;91;85m[48;2;85;81;75m▀[0m[38;2;76;72;67m[48;2;67;64;59m▀[0m[38;2;49;47;44m[48;2;45;43;40m▀[0m[38;2;23;22;20m▄[0m
  [38;2;65;61;57m[48;2;36;34;32m▀[0m[38;2;69;66;61m[48;2;46;44;41m▀[0m[38;2;68;65;60m[48;2;46;43;40m▀[0m[38;2;62;58;54m[48;2;40;38;35m▀[0m[38;2;52;50;46m[48;2;30;29;27m▀[0m[38;2;40;38;35m[48;2;26;25;23m▀[0m[38;2;26;25;23m[48;2;26;24;23m▀[0m[38;2;25;24;23m[48;2;26;24;23m▀[0m[38;2;25;24;22m▀[0m                             [38;2;26;25;23m▀[0m[38;2;27;25;23m▀[0m[38;2;27;26;24m▀[0m[38;2;27;25;23m▀[0m[38;2;110;105;97m[48;2;91;87;81m▀[0m[38;2;110;105;97m[48;2;93;89;82m▀[0m[38;2;101;96;90m[48;2;85;81;75m▀[0m[38;2;87;83;77m[48;2;72;68;64m▀[0m[38;2;71;67;63m[48;2;56;53;50m▀[0m[38;2;54;51;47m[48;2;39;37;34m▀[0m[38;2;33;32;29m[48;2;22;21;20m▀[0m[38;2;23;22;20m[48;2;23;22;20m▀[0m
   [38;2;23;22;21m▀[0m[38;2;24;22;21m▀[0m[38;2;24;23;21m▀[0m[38;2;24;23;21m▀[0m[38;2;25;23;22m▀[0m[38;2;25;23;22m▀[0m                              [38;2;113;107;100m▄[0m[38;2;125;119;111m▄[0m[38;2;123;117;109m[48;2;127;121;113m▀[0m[38;2;125;119;110m[48;2;125;119;111m▀[0m[38;2;114;109;101m[48;2;116;111;103m▀[0m[38;2;100;95;88m[48;2;104;99;92m▀[0m[38;2;79;75;70m[48;2;88;84;78m▀[0m[38;2;64;61;57m[48;2;67;64;60m▀[0m[38;2;53;50;47m[48;2;27;26;24m▀[0m[38;2;38;36;34m[48;2;24;23;21m▀[0m[38;2;23;22;20m[48;2;24;23;21m▀[0m[38;2;23;22;21m[48;2;24;23;22m▀[0m
                          [38;2;108;103;96m▄[0m[38;2;112;107;99m▄[0m[38;2;107;102;95m▄[0m[38;2;99;94;87m▄[0m[38;2;87;83;77m▄[0m[38;2;71;67;63m▄[0m      [38;2;109;104;97m▄[0m[38;2;121;115;107m[48;2;119;113;105m▀[0m[38;2;125;119;110m[48;2;120;114;106m▀[0m[38;2;125;119;111m[48;2;121;115;107m▀[0m[38;2;123;117;109m[48;2;119;113;105m▀[0m[38;2;113;107;100m[48;2;107;102;95m▀[0m[38;2;101;96;89m[48;2;94;89;83m▀[0m[38;2;85;81;76m[48;2;79;75;70m▀[0m[38;2;68;65;60m[48;2;62;59;55m▀[0m[38;2;45;42;40m[48;2;43;41;38m▀[0m[38;2;25;24;22m[48;2;25;24;22m▀[0m
                        [38;2;113;107;100m▄[0m[38;2;117;111;103m[48;2;121;115;107m▀[0m[38;2;119;113;105m[48;2;119;114;106m▀[0m[38;2;116;110;102m[48;2;113;108;100m▀[0m[38;2;108;103;96m[48;2;105;99;93m▀[0m[38;2;99;94;88m[48;2;95;90;84m▀[0m[38;2;88;84;78m[48;2;85;81;75m▀[0m[38;2;76;73;68m[48;2;75;71;66m▀[0m[38;2;61;58;54m[48;2;63;59;55m▀[0m[38;2;44;42;39m▄[0m    [38;2;104;99;92m[48;2;94;89;83m▀[0m[38;2;112;106;99m[48;2;102;97;90m▀[0m[38;2;113;107;100m[48;2;103;98;91m▀[0m[38;2;113;107;100m[48;2;102;97;90m▀[0m[38;2;109;104;97m[48;2;98;93;87m▀[0m[38;2;99;94;88m[48;2;88;84;78m▀[0m[38;2;86;82;76m[48;2;77;73;68m▀[0m[38;2;71;68;63m[48;2;61;58;54m▀[0m[38;2;55;52;48m[48;2;45;42;40m▀[0m[38;2;36;34;32m[48;2;26;25;23m▀[0m[38;2;25;24;22m[48;2;25;24;22m▀[0m
                       [38;2;99;95;88m▄[0m[38;2;113;108;100m[48;2;109;103;96m▀[0m[38;2;116;110;103m[48;2;108;102;95m▀[0m[38;2;115;109;102m[48;2;107;102;95m▀[0m[38;2;109;103;96m[48;2;102;97;90m▀[0m[38;2;98;94;87m[48;2;91;87;81m▀[0m[38;2;88;84;78m[48;2;82;78;72m▀[0m[38;2;79;75;70m[48;2;73;69;65m▀[0m[38;2;71;67;62m[48;2;65;62;57m▀[0m[38;2;60;57;53m[48;2;54;52;48m▀[0m[38;2;44;42;39m[48;2;39;37;34m▀[0m[38;2;23;22;20m[48;2;24;22;21m▀[0m   [38;2;81;77;72m[48;2;63;60;56m▀[0m[38;2;89;85;79m[48;2;73;70;65m▀[0m[38;2;90;86;80m[48;2;74;71;66m▀[0m[38;2;89;85;79m[48;2;73;69;64m▀[0m[38;2;84;80;75m[48;2;68;65;60m▀[0m[38;2;75;71;66m[48;2;59;57;53m▀[0m[38;2;64;61;56m[48;2;48;46;43m▀[0m[38;2;49;46;43m[48;2;34;32;30m▀[0m[38;2;32;31;28m[48;2;25;24;22m▀[0m[38;2;24;23;22m[48;2;123;116;108m▀[0m[38;2;24;23;21m[48;2;117;111;104m▀[0m[38;2;89;85;79m[48;2;105;99;93m▀[0m[38;2;85;81;75m▄[0m[38;2;46;44;41m▄[0m
                       [38;2;93;88;82m[48;2;81;77;71m▀[0m[38;2;101;96;89m[48;2;90;86;80m▀[0m[38;2;100;95;88m[48;2;90;85;79m▀[0m[38;2;96;92;85m[48;2;85;80;75m▀[0m[38;2;90;86;80m[48;2;78;74;69m▀[0m[38;2;81;77;72m[48;2;71;67;63m▀[0m[38;2;74;70;65m[48;2;65;61;57m▀[0m[38;2;66;63;59m[48;2;57;55;51m▀[0m[38;2;58;55;51m[48;2;48;46;43m▀[0m[38;2;46;44;41m[48;2;36;34;32m▀[0m[38;2;31;30;27m[48;2;24;23;21m▀[0m[38;2;24;23;21m[48;2;25;24;22m▀[0m  [38;2;122;116;108m▄[0m[38;2;123;117;109m[48;2;127;121;113m▀[0m[38;2;54;51;47m[48;2;127;120;112m▀[0m[38;2;57;54;50m[48;2;33;31;29m▀[0m[38;2;55;52;48m[48;2;32;31;29m▀[0m[38;2;49;47;44m[48;2;27;26;24m▀[0m[38;2;41;39;36m[48;2;25;24;22m▀[0m[38;2;30;28;26m[48;2;25;24;22m▀[0m[38;2;25;24;22m[48;2;25;24;22m▀[0m[38;2;111;106;98m[48;2;100;96;89m▀[0m[38;2;119;113;105m[48;2;104;99;92m▀[0m[38;2;110;104;97m[48;2;95;90;84m▀[0m[38;2;97;92;85m[48;2;81;77;72m▀[0m[38;2;78;74;69m[48;2;63;60;56m▀[0m[38;2;50;47;44m[48;2;36;34;31m▀[0m
                       [38;2;57;54;51m▀[0m[38;2;78;74;69m[48;2;60;57;53m▀[0m[38;2;79;75;69m[48;2;63;60;56m▀[0m[38;2;73;69;65m[48;2;59;56;52m▀[0m[38;2;67;64;59m[48;2;54;51;48m▀[0m[38;2;60;57;53m[48;2;47;45;42m▀[0m[38;2;54;52;48m[48;2;42;39;37m▀[0m[38;2;47;45;41m[48;2;34;32;30m▀[0m[38;2;37;35;33m[48;2;23;22;21m▀[0m[38;2;24;23;21m[48;2;24;23;21m▀[0m[38;2;24;23;21m[48;2;24;23;22m▀[0m[38;2;25;24;22m▀[0m [38;2;106;100;93m[48;2;106;101;94m▀[0m[38;2;123;116;108m[48;2;116;110;103m▀[0m[38;2;125;119;111m[48;2;123;117;109m▀[0m[38;2;111;106;98m[48;2;130;124;115m▀[0m[38;2;121;115;107m[48;2;126;120;112m▀[0m[38;2;111;105;98m[48;2;114;109;101m▀[0m[38;2;95;90;84m[48;2;100;95;88m▀[0m[38;2;67;64;60m[48;2;82;78;72m▀[0m[38;2;25;24;22m[48;2;54;51;47m▀[0m[38;2;50;47;44m[48;2;43;41;38m▀[0m[38;2;76;72;67m[48;2;25;23;22m▀[0m[38;2;82;78;72m[48;2;51;48;45m▀[0m[38;2;74;70;65m[48;2;45;43;40m▀[0m[38;2;60;57;53m[48;2;32;31;28m▀[0m[38;2;41;39;37m[48;2;24;23;21m▀[0m[38;2;25;24;22m[48;2;25;24;22m▀[0m[38;2;26;25;23m[48;2;26;25;23m▀[0m
        [38;2;102;97;90m▄[0m[38;2;115;109;102m[48;2;113;108;100m▀[0m[38;2;114;109;101m[48;2;107;102;95m▀[0m[38;2;101;96;89m[48;2;93;88;82m▀[0m[38;2;72;68;63m[48;2;69;65;61m▀[0m[38;2;25;24;22m▄[0m        [38;2;120;114;106m▄[0m[38;2;126;120;112m[48;2;116;111;103m▀[0m[38;2;111;106;98m[48;2;100;95;88m▀[0m[38;2;86;81;76m[48;2;76;72;67m▀[0m[38;2;46;44;41m[48;2;44;42;39m▀[0m[38;2;38;36;34m[48;2;21;20;19m▀[0m[38;2;32;30;28m[48;2;21;20;19m▀[0m[38;2;26;25;23m[48;2;22;21;19m▀[0m[38;2;23;21;20m[48;2;22;21;20m▀[0m[38;2;23;22;21m[48;2;23;22;21m▀[0m[38;2;24;23;21m[48;2;24;23;21m▀[0m[38;2;25;24;22m▀[0m  [38;2;98;93;87m[48;2;82;78;73m▀[0m[38;2;106;100;94m[48;2;105;100;93m▀[0m[38;2;124;118;110m[48;2;114;109;101m▀[0m[38;2;126;120;111m[48;2;114;109;101m▀[0m[38;2;121;115;107m[48;2;110;104;97m▀[0m[38;2;109;104;97m[48;2;99;94;88m▀[0m[38;2;96;91;85m[48;2;86;82;77m▀[0m[38;2;79;75;70m[48;2;70;67;62m▀[0m[38;2;56;53;50m[48;2;48;46;43m▀[0m[38;2;26;24;23m[48;2;26;24;23m▀[0m[38;2;25;24;22m[48;2;25;24;22m▀[0m[38;2;85;81;75m[48;2;74;70;65m▀[0m[38;2;24;22;21m[48;2;62;59;55m▀[0m[38;2;24;22;21m[48;2;50;48;44m▀[0m[38;2;24;23;21m[48;2;37;36;33m▀[0m[38;2;34;32;30m[48;2;25;23;22m▀[0m[38;2;26;25;23m[48;2;25;24;22m▀[0m
        [38;2;92;88;82m[48;2;67;64;59m▀[0m[38;2;98;93;87m[48;2;74;71;66m▀[0m[38;2;91;86;80m[48;2;67;64;59m▀[0m[38;2;76;72;67m[48;2;52;49;46m▀[0m[38;2;52;50;46m[48;2;28;27;25m▀[0m[38;2;25;23;22m[48;2;24;23;21m▀[0m        [38;2;99;94;88m[48;2;63;60;56m▀[0m[38;2;95;90;84m[48;2;65;62;58m▀[0m[38;2;81;77;71m[48;2;53;50;47m▀[0m[38;2;58;55;52m[48;2;31;30;28m▀[0m[38;2;27;26;24m[48;2;23;22;20m▀[0m [38;2;22;20;19m▀[0m[38;2;22;21;20m▀[0m[38;2;22;21;20m▀[0m     [38;2;57;54;50m▀[0m[38;2;94;89;83m[48;2;74;70;65m▀[0m[38;2;102;97;90m[48;2;86;82;76m▀[0m[38;2;101;96;89m[48;2;85;81;76m▀[0m[38;2;95;90;84m[48;2;80;76;70m▀[0m[38;2;85;81;76m[48;2;70;67;62m▀[0m[38;2;73;70;65m[48;2;58;55;51m▀[0m[38;2;57;54;50m[48;2;40;38;35m▀[0m[38;2;35;33;31m[48;2;25;24;22m▀[0m[38;2;25;24;22m[48;2;25;24;22m▀[0m[38;2;24;23;22m[48;2;52;49;46m▀[0m[38;2;59;56;52m[48;2;43;41;38m▀[0m[38;2;48;46;43m[48;2;33;31;29m▀[0m[38;2;36;35;32m[48;2;23;21;20m▀[0m[38;2;23;22;21m[48;2;23;22;20m▀[0m[38;2;24;23;21m[48;2;23;22;20m▀[0m[38;2;24;23;22m▀[0m
         [38;2;41;39;36m▀[0m[38;2;36;34;31m▀[0m[38;2;23;21;20m▀[0m[38;2;23;22;20m▀[0m  [38;2;124;118;110m▄[0m[38;2;113;108;100m▄[0m[38;2;80;76;71m▄[0m     [38;2;24;23;21m▀[0m[38;2;24;23;21m▀[0m[38;2;24;23;21m▀[0m            [38;2;64;61;57m[48;2;25;24;22m▀[0m[38;2;66;62;58m[48;2;38;36;34m▀[0m[38;2;60;57;53m[48;2;35;33;31m▀[0m[38;2;52;49;46m[48;2;27;25;24m▀[0m[38;2;38;36;33m[48;2;27;25;24m▀[0m[38;2;26;24;23m[48;2;26;24;23m▀[0m[38;2;25;24;22m[48;2;25;24;22m▀[0m[38;2;38;37;34m[48;2;25;23;22m▀[0m[38;2;33;32;29m[48;2;24;23;21m▀[0m[38;2;25;24;22m[48;2;23;22;21m▀[0m[38;2;23;22;20m[48;2;23;21;20m▀[0m[38;2;22;21;20m[48;2;22;21;20m▀[0m[38;2;23;21;20m▀[0m[38;2;23;22;20m▀[0m
              [38;2;98;93;87m[48;2;74;71;66m▀[0m[38;2;114;108;101m[48;2;86;82;76m▀[0m[38;2;99;95;88m[48;2;72;68;63m▀[0m[38;2;71;67;63m[48;2;43;41;38m▀[0m[38;2;25;24;22m[48;2;25;23;22m▀[0m                     [38;2;26;25;23m▀[0m[38;2;27;25;24m▀[0m[38;2;26;25;23m▀[0m   [38;2;99;94;88m▄[0m[38;2;86;82;76m▄[0m[38;2;111;105;98m▄[0m[38;2;97;92;86m[48;2;107;102;95m▀[0m[38;2;92;88;82m[48;2;101;96;89m▀[0m[38;2;80;76;71m[48;2;90;86;80m▀[0m[38;2;77;73;68m▄[0m[38;2;57;54;50m▄[0m
               [38;2;44;42;39m▀[0m[38;2;32;30;28m▀[0m[38;2;24;23;21m▀[0m                         [38;2;117;111;103m▄[0m[38;2;121;115;107m[48;2;125;118;110m▀[0m[38;2;119;113;106m[48;2;119;114;106m▀[0m[38;2;109;104;97m[48;2;109;104;96m▀[0m[38;2;97;92;85m[48;2;96;91;85m▀[0m[38;2;80;76;71m[48;2;79;75;70m▀[0m[38;2;58;55;51m[48;2;60;57;53m▀[0m[38;2;103;98;91m[48;2;32;30;28m▀[0m[38;2;93;89;82m[48;2;89;84;79m▀[0m[38;2;80;76;71m[48;2;77;73;68m▀[0m[38;2;63;60;56m[48;2;61;58;54m▀[0m[38;2;38;37;34m[48;2;40;38;35m▀[0m
                                           [38;2;116;110;103m[48;2;106;101;94m▀[0m[38;2;121;115;107m[48;2;109;104;96m▀[0m[38;2;116;110;102m[48;2;105;99;93m▀[0m[38;2;106;100;93m[48;2;95;90;84m▀[0m[38;2;92;87;81m[48;2;81;77;72m▀[0m[38;2;75;71;66m[48;2;65;61;57m▀[0m[38;2;55;52;48m[48;2;45;43;40m▀[0m[38;2;30;28;26m[48;2;23;22;20m▀[0m[38;2;80;76;71m[48;2;70;67;62m▀[0m[38;2;68;65;60m[48;2;58;55;51m▀[0m[38;2;53;51;47m[48;2;43;41;38m▀[0m[38;2;34;32;30m[48;2;25;24;22m▀[0m[38;2;23;22;20m[48;2;23;22;21m▀[0m
                                           [38;2;90;86;80m[48;2;66;63;59m▀[0m[38;2;92;88;82m[48;2;73;69;64m▀[0m[38;2;89;85;79m[48;2;70;67;62m▀[0m[38;2;80;76;71m[48;2;61;58;54m▀[0m[38;2;67;63;59m[48;2;48;46;43m▀[0m[38;2;50;48;45m[48;2;32;31;28m▀[0m[38;2;31;30;27m[48;2;24;23;22m▀[0m[38;2;24;22;21m[48;2;24;23;21m▀[0m[38;2;59;56;52m[48;2;45;43;40m▀[0m[38;2;46;43;40m[48;2;32;30;28m▀[0m[38;2;31;30;27m[48;2;23;22;20m▀[0m[38;2;23;22;20m[48;2;23;22;21m▀[0m[38;2;23;22;21m▀[0m
   [38;2;96;91;85m▄[0m[38;2;88;84;78m▄[0m                                       [38;2;44;42;39m▀[0m[38;2;44;42;39m[48;2;25;23;22m▀[0m[38;2;36;35;32m[48;2;25;23;22m▀[0m[38;2;25;24;22m[48;2;25;23;22m▀[0m[38;2;25;23;22m[48;2;25;23;22m▀[0m[38;2;25;23;22m[48;2;25;23;22m▀[0m[38;2;39;37;35m[48;2;24;23;21m▀[0m[38;2;28;27;25m[48;2;24;23;21m▀[0m[38;2;23;22;21m[48;2;23;22;21m▀[0m[38;2;23;22;21m[48;2;23;22;21m▀[0m[38;2;24;22;21m▀[0m
[38;2;114;108;101m▄[0m[38;2;118;112;104m[48;2;120;114;106m▀[0m[38;2;119;114;106m[48;2;118;112;104m▀[0m[38;2;116;110;102m[48;2;112;106;99m▀[0m[38;2;107;101;94m[48;2;102;97;91m▀[0m[38;2;90;86;80m[48;2;89;85;79m▀[0m[38;2;68;65;60m[48;2;72;68;63m▀[0m[38;2;47;45;42m▄[0m                                 [38;2;113;108;100m▄[0m[38;2;113;107;100m[48;2;112;107;100m▀[0m[38;2;104;99;92m[48;2;105;99;93m▀[0m[38;2;88;84;78m[48;2;92;87;81m▀[0m[38;2;58;55;51m[48;2;73;70;65m▀[0m[38;2;42;40;37m▄[0m  [38;2;24;23;21m▀[0m[38;2;24;23;21m▀[0m[38;2;24;23;21m▀[0m
[38;2;108;103;96m[48;2;98;93;86m▀[0m[38;2;111;106;98m[48;2;99;94;88m▀[0m[38;2;109;103;96m[48;2;96;91;85m▀[0m[38;2;102;97;90m[48;2;90;85;79m▀[0m[38;2;93;88;82m[48;2;81;77;72m▀[0m[38;2;82;78;72m[48;2;72;68;64m▀[0m[38;2;67;64;59m[48;2;58;55;52m▀[0m[38;2;47;44;41m[48;2;39;37;35m▀[0m[38;2;24;23;21m[48;2;24;23;21m▀[0m                             [38;2;109;104;97m▄[0m[38;2;104;99;92m▄[0m[38;2;103;98;91m[48;2;95;90;84m▀[0m[38;2;107;101;94m[48;2;97;92;86m▀[0m[38;2;103;98;92m[48;2;92;88;82m▀[0m[38;2;97;92;86m[48;2;85;81;76m▀[0m[38;2;86;82;76m[48;2;74;70;66m▀[0m[38;2;69;65;61m[48;2;57;54;51m▀[0m[38;2;44;41;39m[48;2;34;32;30m▀[0m[38;2;93;88;82m[48;2;24;23;21m▀[0m[38;2;44;42;39m[48;2;48;45;42m▀[0m
[38;2;84;80;74m[48;2;71;68;63m▀[0m[38;2;85;81;75m[48;2;73;69;65m▀[0m[38;2;82;78;73m[48;2;71;67;63m▀[0m[38;2;76;72;67m[48;2;65;62;57m▀[0m[38;2;68;65;60m[48;2;57;54;50m▀[0m[38;2;60;57;53m[48;2;47;44;41m▀[0m[38;2;47;44;41m[48;2;32;31;29m▀[0m[38;2;28;26;24m[48;2;24;23;21m▀[0m[38;2;24;23;21m[48;2;24;23;21m▀[0m                           [38;2;86;82;76m▄[0m[38;2;107;101;94m[48;2;98;93;87m▀[0m[38;2;105;100;93m[48;2;95;91;84m▀[0m[38;2;99;94;88m[48;2;90;85;79m▀[0m[38;2;81;77;71m[48;2;59;56;52m▀[0m[38;2;82;78;73m[48;2;62;59;55m▀[0m[38;2;77;73;68m[48;2;58;55;51m▀[0m[38;2;70;66;62m[48;2;50;48;44m▀[0m[38;2;58;55;51m[48;2;38;36;34m▀[0m[38;2;41;39;37m[48;2;22;21;20m▀[0m[38;2;23;22;21m[48;2;23;22;20m▀[0m[38;2;24;23;21m[48;2;26;25;23m▀[0m[38;2;26;24;23m[48;2;24;23;21m▀[0m
[38;2;56;53;49m[48;2;22;21;20m▀[0m[38;2;59;56;53m[48;2;39;37;34m▀[0m[38;2;58;55;51m[48;2;39;37;34m▀[0m[38;2;52;49;46m[48;2;33;31;29m▀[0m[38;2;43;41;38m[48;2;24;23;21m▀[0m[38;2;31;29;27m[48;2;24;22;21m▀[0m[38;2;24;23;21m[48;2;24;22;21m▀[0m[38;2;24;23;21m[48;2;24;23;21m▀[0m                            [38;2;77;73;68m▀[0m[38;2;87;83;77m[48;2;72;69;64m▀[0m[38;2;84;80;75m[48;2;70;66;62m▀[0m[38;2;78;74;69m[48;2;62;59;55m▀[0m[38;2;68;65;60m[48;2;51;49;45m▀[0m[38;2;38;36;33m[48;2;36;34;32m▀[0m[38;2;35;33;31m[48;2;21;20;18m▀[0m[38;2;27;26;24m[48;2;21;20;19m▀[0m[38;2;22;20;19m[48;2;21;20;19m▀[0m[38;2;22;21;20m▀[0m[38;2;23;22;20m▀[0m[38;2;23;22;21m▀[0m
  [38;2;24;23;21m▀[0m[38;2;24;23;21m▀[0m[38;2;24;23;21m▀[0m[38;2;24;23;21m▀[0m               [38;2;114;108;101m▄[0m[38;2;117;111;103m▄[0m[38;2;113;107;100m▄[0m[38;2;103;98;91m▄[0m[38;2;88;83;77m▄[0m           [38;2;47;45;42m▀[0m[38;2;48;46;43m[48;2;22;21;19m▀[0m[38;2;42;40;37m[48;2;21;20;19m▀[0m[38;2;30;29;27m[48;2;21;20;19m▀[0m[38;2;21;20;19m[48;2;21;20;19m▀[0m[38;2;21;20;19m▀[0m
                   [38;2;117;111;103m▄[0m[38;2;123;117;108m[48;2;123;117;109m▀[0m[38;2;123;117;109m[48;2;123;117;109m▀[0m[38;2;123;117;109m[48;2;122;116;108m▀[0m[38;2;118;112;105m[48;2;117;111;103m▀[0m[38;2;108;103;96m[48;2;107;102;95m▀[0m[38;2;96;91;85m[48;2;95;90;84m▀[0m[38;2;80;76;71m[48;2;81;77;72m▀[0m[38;2;55;52;49m[48;2;62;59;55m▀[0m[38;2;31;29;27m▄[0m               [38;2;96;91;85m▄[0m[38;2;104;98;92m▄[0m[38;2;91;87;81m▄[0m
                  [38;2;103;98;91m[48;2;105;100;93m▀[0m[38;2;116;110;102m[48;2;113;107;100m▀[0m[38;2;119;113;105m[48;2;113;108;100m▀[0m[38;2;118;112;104m[48;2;111;105;98m▀[0m[38;2;116;110;103m[48;2;108;103;96m▀[0m[38;2;111;106;98m[48;2;102;97;90m▀[0m[38;2;102;97;90m[48;2;94;89;83m▀[0m[38;2;91;86;80m[48;2;83;79;73m▀[0m[38;2;77;73;68m[48;2;69;65;61m▀[0m[38;2;60;57;53m[48;2;52;50;46m▀[0m[38;2;37;35;33m[48;2;32;30;28m▀[0m              [38;2;106;101;94m[48;2;109;104;96m▀[0m[38;2;113;107;100m[48;2;110;105;97m▀[0m[38;2;110;104;97m[48;2;104;99;92m▀[0m[38;2;98;93;87m[48;2;91;86;80m▀[0m[38;2;77;73;68m[48;2;69;66;61m▀[0m[38;2;30;29;27m[48;2;37;35;33m▀[0m
                  [38;2;99;94;88m[48;2;88;83;78m▀[0m[38;2;105;100;93m[48;2;95;90;84m▀[0m[38;2;106;100;93m[48;2;95;91;84m▀[0m[38;2;102;97;91m[48;2;92;88;82m▀[0m[38;2;99;94;87m[48;2;87;83;77m▀[0m[38;2;92;87;81m[48;2;80;76;71m▀[0m[38;2;83;79;74m[48;2;71;68;63m▀[0m[38;2;73;69;64m[48;2;61;58;54m▀[0m[38;2;59;56;52m[48;2;47;45;42m▀[0m[38;2;43;41;38m[48;2;31;30;28m▀[0m[38;2;27;25;24m[48;2;27;25;23m▀[0m[38;2;27;25;24m[48;2;27;25;23m▀[0m             [38;2;97;93;86m[48;2;77;73;68m▀[0m[38;2;96;92;85m[48;2;76;72;67m▀[0m[38;2;89;84;79m[48;2;68;64;60m▀[0m[38;2;75;71;66m[48;2;53;51;47m▀[0m[38;2;54;52;48m[48;2;32;31;29m▀[0m[38;2;26;24;23m[48;2;26;24;23m▀[0m
                  [38;2;70;67;62m▀[0m[38;2;81;77;72m[48;2;63;60;56m▀[0m[38;2;82;78;72m[48;2;65;62;58m▀[0m[38;2;78;75;69m[48;2;62;59;55m▀[0m[38;2;74;71;66m[48;2;59;56;52m▀[0m[38;2;67;64;60m[48;2;52;50;46m▀[0m[38;2;58;55;51m[48;2;42;40;38m▀[0m[38;2;47;44;41m[48;2;31;29;27m▀[0m[38;2;33;31;29m[48;2;25;24;22m▀[0m[38;2;26;25;23m[48;2;26;24;23m▀[0m[38;2;26;25;23m[48;2;26;25;23m▀[0m              [38;2;46;43;40m▀[0m[38;2;50;47;44m[48;2;25;24;22m▀[0m[38;2;41;39;36m[48;2;24;23;22m▀[0m[38;2;26;24;23m[48;2;24;23;21m▀[0m[38;2;25;23;22m▀[0m[38;2;25;24;22m▀[0m
                   [38;2;34;33;30m▀[0m[38;2;45;43;40m[48;2;25;24;22m▀[0m[38;2;45;43;40m[48;2;26;24;23m▀[0m[38;2;41;39;36m[48;2;25;24;22m▀[0m[38;2;34;32;30m[48;2;25;24;22m▀[0m[38;2;25;24;22m[48;2;25;24;22m▀[0m[38;2;25;24;22m[48;2;25;24;22m▀[0m[38;2;25;24;22m[48;2;26;24;23m▀[0m[38;2;26;24;23m▀[0m
