        [38;2;11;11;9m▄[0m[38;2;13;12;9m▄[0m[38;2;13;13;10m▄[0m[38;2;11;10;8m[48;2;14;13;10m▀[0m[38;2;11;11;8m[48;2;15;14;11m▀[0m[38;2;12;11;9m[48;2;15;14;11m▀[0m[38;2;12;11;9m[48;2;19;17;13m▀[0m[38;2;14;13;10m[48;2;96;94;89m▀[0m[38;2;14;13;10m[48;2;140;135;128m▀[0m[38;2;11;10;8m[48;2;128;122;115m▀[0m[38;2;128;123;115m▄[0m[38;2;149;142;132m▄[0m[38;2;108;101;92m▄[0m[38;2;119;114;106m▄[0m[38;2;127;120;112m▄[0m[38;2;98;92;84m▄[0m[38;2;49;46;42m▄[0m
     [38;2;12;11;9m▄[0m[38;2;11;11;8m[48;2;13;12;10m▀[0m[38;2;12;12;9m[48;2;15;14;11m▀[0m[38;2;14;13;10m[48;2;18;16;13m▀[0m[38;2;15;15;11m[48;2;23;17;15m▀[0m[38;2;18;16;12m[48;2;30;23;21m▀[0m[38;2;19;17;13m[48;2;116;111;104m▀[0m[38;2;35;33;28m[48;2;163;156;147m▀[0m[38;2;65;62;57m[48;2;160;152;140m▀[0m[38;2;139;133;124m[48;2;164;155;144m▀[0m[38;2;196;192;185m[48;2;135;127;116m▀[0m[38;2;180;174;166m[48;2;169;162;152m▀[0m[38;2;188;184;176m[48;2;165;157;145m▀[0m[38;2;171;164;153m[48;2;165;156;144m▀[0m[38;2;164;156;146m[48;2;168;158;145m▀[0m[38;2;181;175;166m[48;2;126;119;109m▀[0m[38;2;103;98;91m[48;2;35;28;21m▀[0m[38;2;61;56;49m[48;2;108;99;89m▀[0m[38;2;86;77;68m[48;2;103;96;87m▀[0m[38;2;100;93;86m[48;2;146;140;130m▀[0m[38;2;71;67;63m[48;2;175;163;149m▀[0m[38;2;35;34;32m[48;2;86;81;75m▀[0m[38;2;100;97;92m▄[0m[38;2;114;110;104m▄[0m[38;2;24;24;22m▄[0m
   [38;2;12;11;9m▄[0m[38;2;12;11;9m[48;2;14;13;10m▀[0m[38;2;14;13;10m[48;2;16;16;12m▀[0m[38;2;15;15;11m[48;2;21;17;14m▀[0m[38;2;20;17;13m[48;2;25;18;15m▀[0m[38;2;24;17;15m[48;2;74;67;62m▀[0m[38;2;34;29;26m[48;2;154;147;137m▀[0m[38;2;143;135;125m[48;2;180;173;163m▀[0m[38;2;175;167;157m[48;2;172;166;158m▀[0m[38;2;179;172;163m[48;2;180;175;166m▀[0m[38;2;164;158;150m[48;2;173;166;157m▀[0m[38;2;172;166;157m[48;2;183;179;171m▀[0m[38;2;169;162;153m[48;2;177;173;165m▀[0m[38;2;158;149;139m[48;2;182;177;169m▀[0m[38;2;189;183;174m[48;2;162;157;149m▀[0m[38;2;66;62;55m[48;2;36;31;25m▀[0m[38;2;33;27;21m[48;2;27;23;17m▀[0m[38;2;59;48;37m[48;2;107;100;90m▀[0m[38;2;56;49;39m[48;2;106;99;90m▀[0m[38;2;110;102;92m[48;2;115;107;96m▀[0m[38;2;169;160;147m[48;2;167;158;147m▀[0m[38;2;130;122;111m[48;2;120;114;107m▀[0m[38;2;108;100;92m[48;2;98;93;87m▀[0m[38;2;62;60;56m[48;2;76;72;68m▀[0m[38;2;73;68;63m[48;2;51;48;44m▀[0m[38;2;133;128;119m[48;2;54;51;46m▀[0m[38;2;89;85;79m[48;2;122;113;103m▀[0m[38;2;25;24;23m[48;2;126;119;111m▀[0m[38;2;57;55;52m▄[0m
 [38;2;11;10;8m▄[0m[38;2;12;11;9m[48;2;13;12;9m▀[0m[38;2;14;13;10m[48;2;16;15;12m▀[0m[38;2;16;16;12m[48;2;22;20;16m▀[0m[38;2;22;18;15m[48;2;32;26;23m▀[0m[38;2;26;19;17m[48;2;82;76;71m▀[0m[38;2;39;33;29m[48;2;153;146;137m▀[0m[38;2;162;152;141m[48;2;161;152;142m▀[0m[38;2;164;157;148m[48;2;134;127;119m▀[0m[38;2;139;133;124m[48;2;140;133;125m▀[0m[38;2;175;169;159m[48;2;168;161;152m▀[0m[38;2;178;173;163m[48;2;166;159;149m▀[0m[38;2;169;162;153m[48;2;181;174;163m▀[0m[38;2;181;176;168m[48;2;183;169;151m▀[0m[38;2;186;179;168m[48;2;191;174;153m▀[0m[38;2;175;163;147m[48;2;96;86;76m▀[0m[38;2;110;101;91m[48;2;103;95;86m▀[0m[38;2;39;34;29m[48;2;95;90;83m▀[0m[38;2;41;38;34m[48;2;63;58;53m▀[0m[38;2;100;96;89m[48;2;92;88;82m▀[0m[38;2;156;151;143m[48;2;156;150;142m▀[0m[38;2;157;153;145m[48;2;166;161;152m▀[0m[38;2;145;139;131m[48;2;153;149;142m▀[0m[38;2;117;111;104m[48;2;46;42;37m▀[0m[38;2;107;101;94m[48;2;119;113;104m▀[0m[38;2;91;86;79m[48;2;103;94;87m▀[0m[38;2;79;72;66m[48;2;140;128;114m▀[0m[38;2;22;20;18m[48;2;95;86;77m▀[0m[38;2;39;36;33m[48;2;21;18;15m▀[0m[38;2;101;93;84m[48;2;78;72;64m▀[0m[38;2;61;57;53m[48;2;52;49;44m▀[0m[38;2;21;21;20m▀[0m
 [38;2;11;10;8m[48;2;12;11;8m▀[0m[38;2;14;13;10m[48;2;15;14;11m▀[0m[38;2;19;18;14m[48;2;23;20;17m▀[0m[38;2;33;27;24m[48;2;59;52;48m▀[0m[38;2;98;93;86m[48;2;183;178;168m▀[0m[38;2;196;191;182m[48;2;187;181;172m▀[0m[38;2;171;163;153m[48;2;179;173;164m▀[0m[38;2;161;153;142m[48;2;156;148;138m▀[0m[38;2;169;154;137m[48;2;156;147;137m▀[0m[38;2;189;168;143m[48;2;166;156;143m▀[0m[38;2;178;155;130m[48;2;189;170;146m▀[0m[38;2;166;150;131m[48;2;186;163;135m▀[0m[38;2;192;173;149m[48;2;179;161;140m▀[0m[38;2;207;182;152m[48;2;187;179;168m▀[0m[38;2;150;138;123m[48;2;126;119;109m▀[0m[38;2;65;57;49m[48;2;107;98;90m▀[0m[38;2;96;90;84m[48;2;115;100;84m▀[0m[38;2;84;79;72m[48;2;164;138;109m▀[0m[38;2;62;56;50m[48;2;97;84;71m▀[0m[38;2;112;106;98m[48;2;131;122;110m▀[0m[38;2;140;135;128m[48;2;126;117;108m▀[0m[38;2;141;136;129m[48;2;112;107;101m▀[0m[38;2;68;63;57m[48;2;82;77;70m▀[0m[38;2;18;16;13m[48;2;90;83;76m▀[0m[38;2;94;88;80m[48;2;114;107;99m▀[0m[38;2;92;86;79m[48;2;101;96;89m▀[0m[38;2;130;117;105m[48;2;117;104;91m▀[0m[38;2;127;116;106m[48;2;67;54;40m▀[0m[38;2;33;28;23m[48;2;14;10;6m▀[0m[38;2;92;85;78m▀[0m[38;2;87;84;80m[48;2;49;46;42m▀[0m[38;2;93;83;71m▄[0m[38;2;17;16;15m[48;2;122;107;90m▀[0m[38;2;25;23;20m▄[0m
[38;2;11;10;7m▄[0m[38;2;12;12;9m[48;2;13;12;9m▀[0m[38;2;16;16;12m[48;2;17;16;13m▀[0m[38;2;25;22;18m[48;2;26;22;18m▀[0m[38;2;123;118;112m[48;2;164;158;151m▀[0m[38;2;166;158;148m[48;2;167;157;145m▀[0m[38;2;189;184;176m[48;2;173;165;154m▀[0m[38;2;187;179;167m[48;2;151;140;128m▀[0m[38;2;178;172;162m[48;2;83;76;69m▀[0m[38;2;170;164;155m[48;2;124;117;109m▀[0m[38;2;170;164;155m[48;2;115;109;101m▀[0m[38;2;121;114;105m[48;2;86;80;73m▀[0m[38;2;84;75;66m[48;2;63;57;51m▀[0m[38;2;70;62;53m[48;2;91;83;74m▀[0m[38;2;123;110;95m[48;2;125;115;104m▀[0m[38;2;72;60;48m[48;2;117;109;99m▀[0m[38;2;52;44;34m[48;2;147;140;131m▀[0m[38;2;115;103;89m[48;2;127;121;113m▀[0m[38;2;109;90;69m[48;2;136;130;121m▀[0m[38;2;35;30;24m[48;2;163;159;151m▀[0m[38;2;120;112;103m[48;2;97;91;84m▀[0m[38;2;98;92;84m[48;2;106;101;94m▀[0m[38;2;140;135;128m[48;2;147;141;132m▀[0m[38;2;108;101;92m[48;2;133;124;114m▀[0m[38;2;120;112;103m[48;2;140;129;117m▀[0m[38;2;128;119;110m[48;2;146;134;122m▀[0m[38;2;77;72;66m[48;2;114;104;93m▀[0m[38;2;116;104;89m[48;2;115;104;92m▀[0m[38;2;57;45;31m[48;2;205;184;156m▀[0m[38;2;115;106;95m[48;2;220;201;175m▀[0m[38;2;106;97;85m[48;2;126;114;98m▀[0m[38;2;35;31;25m[48;2;18;16;14m▀[0m[38;2;108;94;78m[48;2;54;49;42m▀[0m[38;2;132;117;99m[48;2;20;14;10m▀[0m[38;2;11;9;5m[48;2;18;14;10m▀[0m
[38;2;11;10;8m[48;2;11;11;8m▀[0m[38;2;13;12;10m[48;2;13;12;9m▀[0m[38;2;16;16;12m[48;2;15;14;11m▀[0m[38;2;54;51;47m[48;2;55;52;47m▀[0m[38;2;186;180;171m[48;2;176;169;160m▀[0m[38;2;168;159;148m[48;2;163;154;143m▀[0m[38;2;184;179;171m[48;2;119;113;105m▀[0m[38;2;119;112;103m[48;2;92;86;79m▀[0m[38;2;120;114;106m[48;2;110;104;96m▀[0m[38;2;121;115;106m[48;2;139;132;124m▀[0m[38;2;104;97;89m[48;2;135;127;119m▀[0m[38;2;120;114;105m[48;2;155;146;136m▀[0m[38;2;114;105;95m[48;2;125;112;99m▀[0m[38;2;115;109;102m[48;2;135;125;113m▀[0m[38;2;102;100;95m[48;2;111;106;99m▀[0m[38;2;129;122;115m[48;2;146;139;130m▀[0m[38;2;150;143;134m[48;2;142;135;126m▀[0m[38;2;152;145;137m[48;2;110;104;97m▀[0m[38;2;134;129;121m[48;2;120;111;101m▀[0m[38;2;164;158;151m[48;2;115;104;93m▀[0m[38;2;130;123;115m[48;2;127;115;102m▀[0m[38;2;133;125;115m[48;2;129;118;107m▀[0m[38;2;141;130;117m[48;2;125;115;104m▀[0m[38;2;108;100;91m[48;2;31;24;17m▀[0m[38;2;96;90;84m[48;2;39;34;29m▀[0m[38;2;100;93;85m[48;2;55;47;37m▀[0m[38;2;51;40;30m[48;2;21;14;7m▀[0m[38;2;86;76;66m[48;2;60;51;42m▀[0m[38;2;180;169;156m[48;2;195;183;167m▀[0m[38;2;199;187;171m[48;2;224;221;214m▀[0m[38;2;57;51;45m[48;2;57;52;48m▀[0m[38;2;11;10;9m[48;2;111;99;85m▀[0m[38;2;22;17;12m▄[0m[38;2;14;11;9m[48;2;14;14;13m▀[0m[38;2;13;9;5m▀[0m[38;2;12;10;7m[48;2;17;15;11m▀[0m
[38;2;11;10;8m[48;2;11;10;7m▀[0m[38;2;13;12;9m[48;2;13;12;9m▀[0m[38;2;14;13;10m[48;2;13;13;10m▀[0m[38;2;56;52;46m[48;2;117;111;101m▀[0m[38;2;188;182;174m[48;2;151;143;133m▀[0m[38;2;129;119;107m[48;2;108;101;92m▀[0m[38;2;116;109;101m[48;2;126;118;109m▀[0m[38;2;115;107;99m[48;2;135;127;118m▀[0m[38;2;119;111;103m[48;2;134;126;117m▀[0m[38;2;149;144;135m[48;2;153;145;136m▀[0m[38;2;165;160;152m[48;2;172;163;152m▀[0m[38;2;158;149;139m[48;2;161;152;142m▀[0m[38;2;120;108;97m[48;2;121;113;104m▀[0m[38;2;130;119;107m[48;2;143;133;123m▀[0m[38;2;155;148;140m[48;2;165;159;150m▀[0m[38;2;140;134;127m[48;2;167;162;155m▀[0m[38;2;148;142;134m[48;2;111;105;99m▀[0m[38;2;109;102;94m[48;2;100;94;87m▀[0m[38;2;130;115;99m[48;2;112;104;96m▀[0m[38;2;127;110;92m[48;2;142;134;125m▀[0m[38;2;169;144;118m[48;2;157;147;135m▀[0m[38;2;180;161;139m[48;2;149;138;125m▀[0m[38;2;106;93;79m[48;2;152;136;119m▀[0m[38;2;22;16;11m[48;2;59;55;51m▀[0m[38;2;18;15;11m▄[0m[38;2;104;100;93m[48;2;49;45;40m▀[0m[38;2;61;54;45m[48;2;25;21;17m▀[0m[38;2;192;174;150m[48;2;123;109;91m▀[0m[38;2;207;188;164m[48;2;56;43;29m▀[0m[38;2;118;106;92m[48;2;26;17;7m▀[0m[38;2;68;62;56m[48;2;41;31;21m▀[0m[38;2;51;41;31m[48;2;40;29;20m▀[0m[38;2;18;13;9m[48;2;14;11;8m▀[0m [38;2;11;9;7m▄[0m[38;2;46;41;36m▀[0m[38;2;19;17;14m[48;2;16;14;12m▀[0m
 [38;2;12;11;8m[48;2;11;11;8m▀[0m[38;2;13;12;9m[48;2;12;11;8m▀[0m[38;2;145;139;128m[48;2;144;138;130m▀[0m[38;2;145;137;126m[48;2;167;159;149m▀[0m[38;2;149;143;135m[48;2;95;87;77m▀[0m[38;2;146;137;126m[48;2;141;134;124m▀[0m[38;2;114;106;97m[48;2;140;131;122m▀[0m[38;2;140;132;123m[48;2;147;139;129m▀[0m[38;2;171;163;153m[48;2;172;165;155m▀[0m[38;2;160;150;139m[48;2;151;144;134m▀[0m[38;2;148;141;132m[48;2;101;94;86m▀[0m[38;2;107;100;92m[48;2;106;99;91m▀[0m[38;2;131;124;114m[48;2;117;110;102m▀[0m[38;2;148;141;132m[48;2;144;136;127m▀[0m[38;2;152;144;135m[48;2;151;144;136m▀[0m[38;2;102;97;90m[48;2;105;97;89m▀[0m[38;2;106;99;91m[48;2;128;121;113m▀[0m[38;2;134;127;119m[48;2;133;125;116m▀[0m[38;2;147;140;131m[48;2;150;142;133m▀[0m[38;2;158;151;143m[48;2;153;144;135m▀[0m[38;2;148;140;130m[48;2;145;138;131m▀[0m[38;2;133;125;117m[48;2;54;48;43m▀[0m[38;2;119;111;101m[48;2;25;21;17m▀[0m[38;2;20;15;9m[48;2;18;14;10m▀[0m[38;2;55;50;46m[48;2;19;17;15m▀[0m[38;2;89;84;76m[48;2;115;103;92m▀[0m[38;2;92;87;82m[48;2;117;109;100m▀[0m[38;2;56;48;40m[48;2;153;147;138m▀[0m[38;2;27;19;11m[48;2;77;74;71m▀[0m[38;2;28;19;10m[48;2;21;19;15m▀[0m[38;2;26;18;12m[48;2;18;15;12m▀[0m  [38;2;27;21;16m[48;2;24;18;13m▀[0m[38;2;17;14;10m[48;2;28;24;20m▀[0m[38;2;31;27;23m[48;2;32;28;25m▀[0m
 [38;2;12;11;8m[48;2;12;11;8m▀[0m[38;2;14;13;10m[48;2;21;19;15m▀[0m[38;2;155;148;140m[48;2;167;161;152m▀[0m[38;2;131;124;114m[48;2;138;131;122m▀[0m[38;2;124;115;106m[48;2;150;142;132m▀[0m[38;2;140;131;120m[48;2;139;133;124m▀[0m[38;2;158;149;138m[48;2;133;124;115m▀[0m[38;2;174;166;157m[48;2;188;175;159m▀[0m[38;2;163;154;143m[48;2;140;134;126m▀[0m[38;2;81;75;69m[48;2;140;133;125m▀[0m[38;2;106;100;92m[48;2;121;114;105m▀[0m[38;2;110;103;95m[48;2;126;120;113m▀[0m[38;2;162;153;143m[48;2;136;130;121m▀[0m[38;2;161;152;142m[48;2;146;137;127m▀[0m[38;2;152;143;134m[48;2;146;138;127m▀[0m[38;2;134;126;117m[48;2;125;114;104m▀[0m[38;2;148;132;116m[48;2;191;161;128m▀[0m[38;2;154;138;120m[48;2;115;92;69m▀[0m[38;2;155;146;136m[48;2;105;84;62m▀[0m[38;2;144;136;128m[48;2;84;71;57m▀[0m[38;2;40;36;31m[48;2;22;18;14m▀[0m[38;2;13;9;6m[48;2;11;8;5m▀[0m[38;2;21;16;11m▀[0m [38;2;19;16;14m▄[0m[38;2;50;43;37m[48;2;52;46;39m▀[0m[38;2;123;111;97m[48;2;35;31;27m▀[0m[38;2;107;99;90m[48;2;50;46;42m▀[0m[38;2;26;24;21m[48;2;69;58;47m▀[0m[38;2;24;19;14m▄[0m[38;2;76;67;58m[48;2;27;24;21m▀[0m[38;2;101;91;78m[48;2;85;79;71m▀[0m[38;2;31;25;20m[48;2;24;19;13m▀[0m[38;2;17;13;10m[48;2;34;29;23m▀[0m[38;2;27;23;18m[48;2;28;24;20m▀[0m[38;2;11;10;8m[48;2;15;13;10m▀[0m
 [38;2;11;10;7m▀[0m[38;2;22;20;16m[48;2;12;12;9m▀[0m[38;2;166;159;150m[48;2;107;103;97m▀[0m[38;2;156;148;138m[48;2;147;140;131m▀[0m[38;2;157;150;139m[48;2;177;171;162m▀[0m[38;2;174;167;159m[48;2;156;147;136m▀[0m[38;2;156;149;139m[48;2;181;174;165m▀[0m[38;2;163;149;133m[48;2;150;141;130m▀[0m[38;2;121;113;104m[48;2;90;82;73m▀[0m[38;2;123;115;106m[48;2;78;71;64m▀[0m[38;2;85;80;73m[48;2;85;76;67m▀[0m[38;2;124;117;108m[48;2;134;124;114m▀[0m[38;2;130;122;114m[48;2;153;143;132m▀[0m[38;2;140;133;125m[48;2;130;121;112m▀[0m[38;2;161;154;145m[48;2;124;118;109m▀[0m[38;2;145;133;119m[48;2;138;131;122m▀[0m[38;2;125;101;77m[48;2;104;93;81m▀[0m[38;2;112;89;65m[48;2;134;111;87m▀[0m[38;2;158;134;107m[48;2;152;136;115m▀[0m[38;2;91;79;66m[48;2;68;62;55m▀[0m[38;2;17;13;9m[48;2;21;16;11m▀[0m[38;2;18;16;13m▄[0m[38;2;38;34;30m▄[0m[38;2;30;27;23m[48;2;110;96;82m▀[0m[38;2;98;89;79m[48;2;112;101;90m▀[0m[38;2;62;56;49m[48;2;59;54;49m▀[0m[38;2;56;50;44m▄[0m[38;2;78;72;65m[48;2;73;65;57m▀[0m[38;2;33;31;28m[48;2;52;47;41m▀[0m[38;2;69;63;57m[48;2;54;48;41m▀[0m[38;2;13;11;8m[48;2;14;11;8m▀[0m[38;2;12;10;7m▄[0m[38;2;29;23;17m[48;2;32;27;22m▀[0m[38;2;25;21;16m[48;2;30;26;22m▀[0m[38;2;15;13;10m[48;2;18;16;13m▀[0m[38;2;31;28;25m[48;2;28;25;21m▀[0m
   [38;2;54;52;48m▀[0m[38;2;168;162;154m[48;2;94;90;84m▀[0m[38;2;157;147;135m[48;2;38;34;29m▀[0m[38;2;114;104;93m[48;2;27;22;15m▀[0m[38;2;164;155;145m[48;2;140;129;116m▀[0m[38;2;114;108;100m[48;2;56;49;41m▀[0m[38;2;37;32;27m[48;2;33;26;19m▀[0m[38;2;134;127;118m[48;2;63;58;54m▀[0m[38;2;36;29;23m[48;2;54;49;44m▀[0m[38;2;117;111;102m[48;2;106;100;93m▀[0m[38;2;99;93;85m[48;2;92;84;74m▀[0m[38;2;108;102;94m[48;2;102;98;91m▀[0m[38;2;111;105;97m[48;2;76;71;64m▀[0m[38;2;37;32;28m[48;2;15;11;7m▀[0m[38;2;13;10;7m▄[0m[38;2;15;12;9m▀[0m[38;2;39;33;27m[48;2;31;26;21m▀[0m[38;2;41;36;30m▀[0m[38;2;12;9;6m[48;2;13;12;11m▀[0m[38;2;19;18;18m[48;2;11;10;9m▀[0m[38;2;21;19;17m[48;2;16;14;11m▀[0m[38;2;53;45;37m[48;2;29;26;22m▀[0m[38;2;106;93;80m[48;2;101;95;88m▀[0m[38;2;60;54;47m[48;2;61;57;52m▀[0m[38;2;81;74;67m[48;2;35;30;25m▀[0m[38;2;53;45;37m[48;2;22;18;13m▀[0m[38;2;20;15;10m[48;2;20;15;11m▀[0m[38;2;25;19;13m[48;2;22;17;12m▀[0m[38;2;18;14;9m[48;2;11;9;6m▀[0m[38;2;31;26;21m[48;2;48;43;38m▀[0m[38;2;39;33;27m[48;2;36;32;27m▀[0m[38;2;25;22;19m[48;2;35;29;23m▀[0m[38;2;29;25;21m[48;2;33;27;22m▀[0m
    [38;2;62;58;53m[48;2;15;14;11m▀[0m[38;2;93;87;79m[48;2;150;142;132m▀[0m[38;2;17;14;10m[48;2;108;102;93m▀[0m[38;2;84;79;73m[48;2;128;119;109m▀[0m[38;2;52;44;35m[48;2;160;153;143m▀[0m[38;2;17;13;10m[48;2;132;127;120m▀[0m[38;2;138;131;122m[48;2;162;156;147m▀[0m[38;2;126;120;111m[48;2;126;121;113m▀[0m[38;2;60;56;50m[48;2;123;118;110m▀[0m[38;2;42;38;35m[48;2;123;114;105m▀[0m[38;2;90;84;77m[48;2;83;76;68m▀[0m[38;2;98;87;74m[48;2;121;111;95m▀[0m[38;2;29;23;18m[48;2;104;91;73m▀[0m[38;2;49;42;35m▄[0m[38;2;19;17;14m[48;2;68;64;59m▀[0m[38;2;17;14;12m[48;2;43;38;32m▀[0m[38;2;66;61;55m[48;2;146;140;132m▀[0m[38;2;118;114;107m[48;2;169;163;156m▀[0m[38;2;49;46;42m[48;2;59;56;52m▀[0m[38;2;26;23;19m[48;2;17;13;10m▀[0m[38;2;38;33;29m[48;2;60;53;46m▀[0m[38;2;92;86;79m[48;2;106;96;85m▀[0m[38;2;122;110;97m[48;2;29;25;21m▀[0m[38;2;32;26;21m[48;2;14;11;7m▀[0m[38;2;18;13;8m[48;2;11;8;6m▀[0m[38;2;21;15;10m[48;2;12;9;7m▀[0m[38;2;17;13;10m[48;2;22;18;13m▀[0m[38;2;28;23;18m[48;2;33;27;22m▀[0m[38;2;40;34;28m[48;2;36;31;26m▀[0m[38;2;27;24;20m[48;2;30;25;20m▀[0m[38;2;22;18;15m[48;2;33;29;25m▀[0m[38;2;14;13;11m▀[0m
     [38;2;98;95;89m▀[0m[38;2;144;137;127m[48;2;115;108;99m▀[0m[38;2;139;130;122m[48;2;124;116;107m▀[0m[38;2;91;88;82m[48;2;85;80;73m▀[0m[38;2;96;92;86m[48;2;109;104;97m▀[0m[38;2;146;141;133m[48;2;131;124;115m▀[0m[38;2;151;145;136m[48;2;128;124;118m▀[0m[38;2;143;136;127m[48;2;69;66;61m▀[0m[38;2;145;138;129m[48;2;24;21;18m▀[0m[38;2;49;41;33m[48;2;54;47;38m▀[0m[38;2;154;150;143m[48;2;63;57;50m▀[0m[38;2;65;58;50m[48;2;109;100;90m▀[0m[38;2;170;150;128m[48;2;121;105;87m▀[0m[38;2;151;134;116m[48;2;150;134;117m▀[0m[38;2;134;117;99m[48;2;110;104;96m▀[0m[38;2;139;132;122m[48;2;61;58;53m▀[0m[38;2;114;110;104m[48;2;22;20;18m▀[0m[38;2;19;16;12m▀[0m[38;2;23;20;17m▄[0m[38;2;25;24;21m[48;2;11;9;7m▀[0m[38;2;84;79;73m[48;2;79;74;67m▀[0m[38;2;44;41;38m[48;2;34;31;29m▀[0m[38;2;11;10;8m[48;2;40;33;27m▀[0m[38;2;11;8;6m[48;2;27;21;16m▀[0m[38;2;31;25;20m[48;2;25;19;13m▀[0m[38;2;18;14;10m[48;2;18;15;12m▀[0m[38;2;53;47;42m[48;2;31;27;22m▀[0m[38;2;31;25;20m[48;2;11;8;6m▀[0m[38;2;22;17;12m[48;2;15;12;9m▀[0m[38;2;14;11;8m▀[0m
      [38;2;84;81;76m▀[0m[38;2;102;95;88m[48;2;21;20;18m▀[0m[38;2;79;75;69m[48;2;25;24;22m▀[0m[38;2;110;105;98m[48;2;93;87;81m▀[0m[38;2;123;116;106m[48;2;153;146;138m▀[0m[38;2;175;171;164m[48;2;168;163;154m▀[0m[38;2;57;53;48m[48;2;139;134;126m▀[0m[38;2;78;75;69m[48;2;79;74;69m▀[0m[38;2;68;61;54m[48;2;36;32;26m▀[0m[38;2;28;23;16m[48;2;31;22;13m▀[0m[38;2;78;71;62m[48;2;91;83;74m▀[0m[38;2;33;29;25m[48;2;111;99;86m▀[0m[38;2;121;116;108m[48;2;107;99;89m▀[0m[38;2;84;80;76m[48;2;56;51;46m▀[0m[38;2;13;12;11m[48;2;13;10;8m▀[0m[38;2;21;17;13m▄[0m[38;2;18;15;12m[48;2;86;73;59m▀[0m[38;2;43;38;33m[48;2;102;93;83m▀[0m[38;2;81;73;65m[48;2;69;62;55m▀[0m[38;2;63;57;52m[48;2;25;18;12m▀[0m[38;2;24;20;17m[48;2;30;21;12m▀[0m[38;2;26;21;16m[48;2;38;31;25m▀[0m[38;2;25;19;14m[48;2;38;33;29m▀[0m[38;2;18;12;7m[48;2;28;23;19m▀[0m[38;2;26;20;15m[48;2;29;24;19m▀[0m[38;2;12;9;7m[48;2;36;30;24m▀[0m[38;2;23;19;15m▀[0m[38;2;13;11;9m▀[0m
        [38;2;33;32;30m▀[0m[38;2;115;109;99m[48;2;16;15;14m▀[0m[38;2;139;131;121m[48;2;134;129;121m▀[0m[38;2;78;75;70m[48;2;108;106;102m▀[0m[38;2;180;177;170m[48;2;130;127;121m▀[0m[38;2;49;47;44m[48;2;18;17;17m▀[0m[38;2;13;9;5m▄[0m[38;2;22;16;10m[48;2;16;10;5m▀[0m[38;2;39;36;32m▀[0m[38;2;75;67;57m[48;2;37;33;28m▀[0m[38;2;100;93;84m[48;2;17;13;9m▀[0m[38;2;119;109;99m[48;2;32;31;30m▀[0m[38;2;63;57;50m[48;2;32;31;29m▀[0m[38;2;32;28;24m▀[0m[38;2;65;58;50m[48;2;17;14;12m▀[0m[38;2;58;50;41m[48;2;39;32;26m▀[0m[38;2;26;18;10m[48;2;32;24;16m▀[0m[38;2;30;21;12m[48;2;29;23;18m▀[0m[38;2;18;13;8m[48;2;41;33;27m▀[0m[38;2;32;27;22m[48;2;30;22;15m▀[0m[38;2;23;18;13m[48;2;36;30;25m▀[0m[38;2;36;29;24m[48;2;39;35;30m▀[0m[38;2;33;28;23m[48;2;13;11;9m▀[0m[38;2;14;12;9m▀[0m
          [38;2;15;15;13m▀[0m[38;2;18;18;17m▀[0m [38;2;29;28;27m▀[0m[38;2;15;12;9m[48;2;17;16;14m▀[0m    [38;2;71;66;58m[48;2;83;78;70m▀[0m[38;2;47;41;36m▄[0m[38;2;12;10;8m[48;2;34;28;21m▀[0m[38;2;19;15;11m[48;2;22;16;11m▀[0m[38;2;20;15;11m[48;2;25;19;13m▀[0m[38;2;34;27;22m[48;2;18;14;11m▀[0m[38;2;39;30;22m▀[0m[38;2;46;36;26m[48;2;18;14;10m▀[0m[38;2;31;23;17m▀[0m[38;2;21;17;14m▀[0m
                 [38;2;38;35;32m▀[0m[38;2;23;20;17m▀[0m[38;2;16;13;10m▀[0m[38;2;15;12;9m▀[0m[38;2;20;15;11m▀[0m
