                        [38;2;173;142;99m▄[0m[38;2;178;147;104m▄[0m[38;2;180;150;106m▄[0m[38;2;180;150;107m▄[0m[38;2;180;152;110m▄[0m[38;2;179;152;110m▄[0m[38;2;178;154;112m▄[0m[38;2;176;153;112m▄[0m[38;2;173;150;110m▄[0m[38;2;169;146;107m▄[0m[38;2;165;142;104m▄[0m[38;2;161;138;100m▄[0m[38;2;155;131;95m▄[0m[38;2;149;127;91m▄[0m[38;2;142;122;88m▄[0m[38;2;132;114;83m▄[0m
                   [38;2;181;128;77m▄[0m[38;2;185;133;80m▄[0m[38;2;177;133;85m[48;2;188;136;83m▀[0m[38;2;183;141;92m[48;2;191;142;89m▀[0m[38;2;186;146;98m[48;2;192;145;93m▀[0m[38;2;188;150;102m[48;2;194;151;100m▀[0m[38;2;188;151;103m[48;2;193;149;98m▀[0m[38;2;188;151;103m[48;2;190;144;93m▀[0m[38;2;187;151;104m[48;2;190;147;96m▀[0m[38;2;187;154;108m[48;2;190;152;103m▀[0m[38;2;185;153;107m[48;2;189;152;104m▀[0m[38;2;185;156;112m[48;2;188;153;107m▀[0m[38;2;182;154;111m[48;2;185;153;107m▀[0m[38;2;179;150;107m[48;2;182;149;104m▀[0m[38;2;175;146;104m[48;2;178;142;97m▀[0m[38;2;172;144;103m[48;2;174;137;92m▀[0m[38;2;168;141;101m[48;2;170;136;92m▀[0m[38;2;163;136;96m[48;2;167;136;93m▀[0m[38;2;159;133;95m[48;2;164;134;93m▀[0m[38;2;154;130;93m[48;2;160;131;92m▀[0m[38;2;149;125;90m[48;2;155;128;90m▀[0m[38;2;141;118;84m[48;2;149;121;84m▀[0m[38;2;133;110;78m[48;2;141;111;74m▀[0m[38;2;122;100;69m[48;2;133;102;66m▀[0m[38;2;126;99;66m▄[0m[38;2;116;91;61m▄[0m
               [38;2;177;112;56m▄[0m[38;2;184;116;58m▄[0m[38;2;179;116;61m[48;2;187;118;58m▀[0m[38;2;185;123;67m[48;2;190;122;63m▀[0m[38;2;189;128;72m[48;2;193;126;68m▀[0m[38;2;192;135;79m[48;2;195;133;75m▀[0m[38;2;194;139;84m[48;2;197;137;79m▀[0m[38;2;195;142;87m[48;2;197;139;82m▀[0m[38;2;195;143;89m[48;2;197;139;83m▀[0m[38;2;195;144;90m[48;2;196;139;83m▀[0m[38;2;194;144;90m[48;2;195;140;84m▀[0m[38;2;193;143;90m[48;2;194;139;84m▀[0m[38;2;192;142;90m[48;2;192;139;84m▀[0m[38;2;191;145;94m[48;2;191;140;86m▀[0m[38;2;190;146;96m[48;2;190;141;89m▀[0m[38;2;188;147;98m[48;2;188;141;90m▀[0m[38;2;186;145;97m[48;2;185;138;87m▀[0m[38;2;183;142;94m[48;2;182;134;84m▀[0m[38;2;178;135;87m[48;2;178;128;78m▀[0m[38;2;175;132;85m[48;2;174;125;76m▀[0m[38;2;171;129;83m[48;2;171;123;74m▀[0m[38;2;169;130;86m[48;2;169;124;77m▀[0m[38;2;166;130;87m[48;2;166;124;79m▀[0m[38;2;162;129;87m[48;2;163;123;80m▀[0m[38;2;158;126;86m[48;2;159;124;82m▀[0m[38;2;152;120;81m[48;2;154;118;78m▀[0m[38;2;145;111;72m[48;2;147;109;68m▀[0m[38;2;137;100;62m[48;2;140;98;58m▀[0m[38;2;132;97;61m[48;2;134;93;54m▀[0m[38;2;125;92;58m[48;2;128;89;51m▀[0m[38;2;116;86;53m[48;2;121;83;47m▀[0m[38;2;105;76;46m[48;2;113;76;42m▀[0m[38;2;104;70;38m▄[0m[38;2;92;62;34m▄[0m
            [38;2;174;105;48m▄[0m[38;2;184;110;51m▄[0m[38;2;181;111;53m[48;2;188;113;52m▀[0m[38;2;186;114;54m[48;2;191;115;53m▀[0m[38;2;189;116;55m[48;2;193;117;54m▀[0m[38;2;191;117;56m[48;2;194;118;56m▀[0m[38;2;193;121;60m[48;2;195;119;56m▀[0m[38;2;195;124;63m[48;2;196;122;60m▀[0m[38;2;196;128;68m[48;2;197;123;61m▀[0m[38;2;197;132;73m[48;2;197;127;66m▀[0m[38;2;198;135;76m[48;2;198;131;70m▀[0m[38;2;197;135;77m[48;2;198;134;75m▀[0m[38;2;196;133;75m[48;2;196;130;71m▀[0m[38;2;195;133;75m[48;2;195;130;71m▀[0m[38;2;193;133;76m[48;2;193;129;71m▀[0m[38;2;192;134;78m[48;2;192;131;74m▀[0m[38;2;192;137;83m[48;2;191;130;74m▀[0m[38;2;190;136;82m[48;2;188;129;73m▀[0m[38;2;188;135;81m[48;2;186;126;71m▀[0m[38;2;185;133;81m[48;2;184;125;71m▀[0m[38;2;182;130;78m[48;2;181;123;70m▀[0m[38;2;178;124;72m[48;2;177;119;65m▀[0m[38;2;174;118;66m[48;2;173;114;61m▀[0m[38;2;170;116;66m[48;2;170;111;59m▀[0m[38;2;167;114;65m[48;2;167;109;58m▀[0m[38;2;164;114;66m[48;2;164;108;59m▀[0m[38;2;162;116;70m[48;2;161;109;62m▀[0m[38;2;159;118;74m[48;2;158;110;64m▀[0m[38;2;155;114;71m[48;2;154;107;62m▀[0m[38;2;148;103;61m[48;2;148;99;54m▀[0m[38;2;141;93;50m[48;2;141;91;47m▀[0m[38;2;135;88;47m[48;2;136;86;44m▀[0m[38;2;129;84;44m[48;2;131;81;40m▀[0m[38;2;123;79;41m[48;2;125;77;37m▀[0m[38;2;116;74;37m[48;2;119;73;35m▀[0m[38;2;109;70;35m[48;2;112;69;33m▀[0m[38;2;101;65;33m[48;2;105;65;31m▀[0m[38;2;91;59;31m[48;2;98;62;31m▀[0m[38;2;88;56;29m▄[0m[38;2;74;48;25m▄[0m
          [38;2;178;108;50m▄[0m[38;2;177;107;49m[48;2;187;114;54m▀[0m[38;2;185;111;51m[48;2;191;117;56m▀[0m[38;2;189;114;52m[48;2;194;118;55m▀[0m[38;2;192;115;53m[48;2;195;118;55m▀[0m[38;2;194;116;53m[48;2;197;118;54m▀[0m[38;2;195;117;53m[48;2;197;118;54m▀[0m[38;2;196;118;54m[48;2;198;119;54m▀[0m[38;2;197;119;55m[48;2;198;118;54m▀[0m[38;2;197;120;56m[48;2;198;119;55m▀[0m[38;2;197;121;58m[48;2;198;120;56m▀[0m[38;2;197;124;61m[48;2;198;122;59m▀[0m[38;2;197;126;64m[48;2;197;122;59m▀[0m[38;2;197;129;68m[48;2;196;123;61m▀[0m[38;2;196;127;67m[48;2;195;122;61m▀[0m[38;2;194;126;66m[48;2;194;123;62m▀[0m[38;2;193;126;67m[48;2;192;122;62m▀[0m[38;2;191;125;66m[48;2;191;122;63m▀[0m[38;2;189;123;65m[48;2;189;121;62m▀[0m[38;2;188;124;67m[48;2;186;119;61m▀[0m[38;2;184;120;63m[48;2;183;116;58m▀[0m[38;2;182;118;62m[48;2;181;115;58m▀[0m[38;2;179;116;60m[48;2;178;111;55m▀[0m[38;2;176;113;59m[48;2;175;108;52m▀[0m[38;2;172;108;54m[48;2;171;104;49m▀[0m[38;2;169;106;52m[48;2;168;102;48m▀[0m[38;2;166;104;52m[48;2;165;100;47m▀[0m[38;2;163;104;53m[48;2;162;99;47m▀[0m[38;2;160;104;54m[48;2;159;99;48m▀[0m[38;2;156;103;55m[48;2;155;98;49m▀[0m[38;2;153;101;55m[48;2;152;97;50m▀[0m[38;2;148;95;50m[48;2;147;92;45m▀[0m[38;2;142;90;45m[48;2;142;88;43m▀[0m[38;2;137;85;41m[48;2;137;84;40m▀[0m[38;2;132;80;38m[48;2;132;80;36m▀[0m[38;2;126;76;35m[48;2;127;76;35m▀[0m[38;2;120;72;33m[48;2;122;73;33m▀[0m[38;2;115;69;32m[48;2;116;70;32m▀[0m[38;2;108;65;30m[48;2;110;66;30m▀[0m[38;2;101;62;29m[48;2;104;62;28m▀[0m[38;2;94;58;28m[48;2;97;58;27m▀[0m[38;2;84;52;26m[48;2;89;54;25m▀[0m[38;2;71;45;22m[48;2;79;48;23m▀[0m[38;2;66;41;19m▄[0m
        [38;2;177;110;53m▄[0m[38;2;178;109;52m[48;2;187;118;59m▀[0m[38;2;187;116;56m[48;2;192;122;62m▀[0m[38;2;192;120;60m[48;2;196;126;65m▀[0m[38;2;196;125;64m[48;2;200;131;70m▀[0m[38;2;198;124;61m[48;2;201;130;68m▀[0m[38;2;198;123;59m[48;2;201;128;66m▀[0m[38;2;199;121;56m[48;2;200;124;60m▀[0m[38;2;199;121;57m[48;2;200;124;59m▀[0m[38;2;199;121;57m[48;2;201;124;60m▀[0m[38;2;199;120;55m[48;2;200;122;57m▀[0m[38;2;198;119;54m[48;2;199;120;55m▀[0m[38;2;198;119;55m[48;2;198;118;54m▀[0m[38;2;197;120;57m[48;2;197;118;54m▀[0m[38;2;196;120;57m[48;2;196;118;54m▀[0m[38;2;195;120;57m[48;2;195;117;54m▀[0m[38;2;194;119;57m[48;2;193;116;53m▀[0m[38;2;192;118;56m[48;2;191;115;53m▀[0m[38;2;190;116;55m[48;2;190;114;52m▀[0m[38;2;189;117;57m[48;2;188;113;52m▀[0m[38;2;187;115;56m[48;2;186;112;51m▀[0m[38;2;184;113;53m[48;2;183;110;50m▀[0m[38;2;182;111;52m[48;2;181;108;49m▀[0m[38;2;179;109;51m[48;2;178;107;49m▀[0m[38;2;177;108;51m[48;2;176;105;48m▀[0m[38;2;174;105;48m[48;2;173;104;47m▀[0m[38;2;170;102;47m[48;2;171;103;48m▀[0m[38;2;167;100;46m[48;2;168;102;48m▀[0m[38;2;164;98;45m[48;2;164;99;46m▀[0m[38;2;161;97;44m[48;2;161;97;44m▀[0m[38;2;158;95;44m[48;2;157;94;43m▀[0m[38;2;154;94;44m[48;2;154;92;42m▀[0m[38;2;151;93;44m[48;2;150;90;41m▀[0m[38;2;146;89;42m[48;2;146;88;40m▀[0m[38;2;142;86;40m[48;2;142;85;39m▀[0m[38;2;137;83;38m[48;2;138;82;38m▀[0m[38;2;133;80;36m[48;2;133;80;37m▀[0m[38;2;128;77;35m[48;2;129;78;36m▀[0m[38;2;123;74;34m[48;2;124;77;37m▀[0m[38;2;118;71;33m[48;2;119;73;35m▀[0m[38;2;112;67;31m[48;2;113;69;32m▀[0m[38;2;106;63;29m[48;2;107;65;30m▀[0m[38;2;99;59;27m[48;2;101;61;28m▀[0m[38;2;92;55;25m[48;2;94;56;26m▀[0m[38;2;83;50;23m[48;2;86;52;23m▀[0m[38;2;73;44;20m[48;2;78;46;21m▀[0m[38;2;60;36;16m[48;2;67;40;18m▀[0m[38;2;53;31;14m▄[0m
       [38;2;173;107;52m[48;2;183;116;58m▀[0m[38;2;185;116;58m[48;2;190;123;64m▀[0m[38;2;191;122;62m[48;2;195;127;68m▀[0m[38;2;196;126;66m[48;2;198;131;70m▀[0m[38;2;199;131;70m[48;2;201;135;74m▀[0m[38;2;202;134;73m[48;2;202;134;73m▀[0m[38;2;202;133;71m[48;2;204;135;73m▀[0m[38;2;203;131;68m[48;2;205;138;77m▀[0m[38;2;202;128;65m[48;2;205;136;74m▀[0m[38;2;202;128;65m[48;2;205;136;74m▀[0m[38;2;202;129;66m[48;2;204;135;73m▀[0m[38;2;201;127;63m[48;2;203;133;71m▀[0m[38;2;200;123;59m[48;2;202;130;68m▀[0m[38;2;198;121;57m[48;2;200;128;66m▀[0m[38;2;197;118;54m[48;2;198;124;62m▀[0m[38;2;195;117;54m[48;2;196;122;59m▀[0m[38;2;194;116;53m[48;2;195;120;58m▀[0m[38;2;193;116;54m[48;2;193;119;57m▀[0m[38;2;191;115;53m[48;2;192;118;57m▀[0m[38;2;189;114;52m[48;2;190;117;57m▀[0m[38;2;187;112;51m[48;2;188;116;56m▀[0m[38;2;185;111;51m[48;2;185;113;54m▀[0m[38;2;183;110;50m[48;2;183;112;53m▀[0m[38;2;181;109;50m[48;2;181;112;54m▀[0m[38;2;178;108;50m[48;2;179;112;55m▀[0m[38;2;176;106;49m[48;2;177;111;55m▀[0m[38;2;173;106;50m[48;2;174;110;55m▀[0m[38;2;171;106;52m[48;2;172;111;57m▀[0m[38;2;168;105;52m[48;2;169;109;57m▀[0m[38;2;165;102;50m[48;2;166;107;56m▀[0m[38;2;161;99;47m[48;2;162;103;52m▀[0m[38;2;158;96;45m[48;2;158;99;49m▀[0m[38;2;154;93;43m[48;2;154;95;46m▀[0m[38;2;150;90;41m[48;2;150;92;44m▀[0m[38;2;146;88;40m[48;2;146;91;44m▀[0m[38;2;142;86;40m[48;2;143;89;43m▀[0m[38;2;138;84;40m[48;2;139;87;43m▀[0m[38;2;134;82;39m[48;2;135;86;44m▀[0m[38;2;130;80;39m[48;2;131;84;44m▀[0m[38;2;125;78;38m[48;2;126;82;43m▀[0m[38;2;120;75;37m[48;2;121;79;41m▀[0m[38;2;114;71;35m[48;2;116;75;40m▀[0m[38;2;108;67;32m[48;2;110;72;38m▀[0m[38;2;102;63;30m[48;2;104;67;35m▀[0m[38;2;96;59;28m[48;2;98;63;33m▀[0m[38;2;88;54;26m[48;2;90;58;30m▀[0m[38;2;80;49;23m[48;2;83;52;26m▀[0m[38;2;71;43;20m[48;2;74;46;23m▀[0m[38;2;61;37;17m[48;2;65;40;20m▀[0m[38;2;44;27;12m[48;2;53;33;16m▀[0m
     [38;2;174;115;62m▄[0m[38;2;180;118;63m[48;2;186;125;69m▀[0m[38;2;189;124;67m[48;2;193;132;75m▀[0m[38;2;194;128;69m[48;2;197;136;78m▀[0m[38;2;197;131;71m[48;2;200;137;78m▀[0m[38;2;201;136;76m[48;2;202;139;79m▀[0m[38;2;203;137;77m[48;2;204;141;82m▀[0m[38;2;203;136;75m[48;2;205;142;82m▀[0m[38;2;205;139;79m[48;2;208;148;89m▀[0m[38;2;207;143;83m[48;2;209;153;95m▀[0m[38;2;208;146;86m[48;2;211;157;99m▀[0m[38;2;207;145;85m[48;2;210;155;97m▀[0m[38;2;206;142;81m[48;2;208;151;93m▀[0m[38;2;205;142;82m[48;2;208;152;93m▀[0m[38;2;205;142;82m[48;2;208;154;96m▀[0m[38;2;203;140;80m[48;2;207;154;97m▀[0m[38;2;201;135;75m[48;2;205;149;92m▀[0m[38;2;198;129;69m[48;2;201;141;82m▀[0m[38;2;196;127;67m[48;2;198;134;75m▀[0m[38;2;194;123;63m[48;2;195;128;69m▀[0m[38;2;192;123;63m[48;2;193;129;70m▀[0m[38;2;191;124;65m[48;2;193;132;75m▀[0m[38;2;189;122;64m[48;2;191;131;75m▀[0m[38;2;186;119;61m[48;2;188;128;72m▀[0m[38;2;184;116;59m[48;2;186;125;69m▀[0m[38;2;182;117;61m[48;2;183;124;69m▀[0m[38;2;180;118;62m[48;2;181;123;69m▀[0m[38;2;178;117;62m[48;2;178;122;69m▀[0m[38;2;175;116;63m[48;2;176;122;70m▀[0m[38;2;173;115;63m[48;2;174;122;72m▀[0m[38;2;170;114;63m[48;2;170;117;67m▀[0m[38;2;166;111;61m[48;2;167;114;65m▀[0m[38;2;163;107;58m[48;2;163;112;64m▀[0m[38;2;159;103;55m[48;2;160;109;62m▀[0m[38;2;155;99;51m[48;2;156;107;60m▀[0m[38;2;151;98;51m[48;2;153;106;61m▀[0m[38;2;148;96;51m[48;2;150;105;62m▀[0m[38;2;144;96;52m[48;2;146;104;63m▀[0m[38;2;140;92;49m[48;2;142;101;61m▀[0m[38;2;136;91;51m[48;2;138;99;60m▀[0m[38;2;132;89;50m[48;2;133;95;57m▀[0m[38;2;127;86;48m[48;2;128;92;55m▀[0m[38;2;122;83;47m[48;2;123;88;53m▀[0m[38;2;117;81;47m[48;2;118;86;53m▀[0m[38;2;111;76;43m[48;2;113;81;49m▀[0m[38;2;106;73;42m[48;2;107;77;47m▀[0m[38;2;99;68;39m[48;2;101;72;44m▀[0m[38;2;92;61;33m[48;2;94;67;40m▀[0m[38;2;85;55;30m[48;2;86;58;33m▀[0m[38;2;76;49;25m[48;2;78;51;28m▀[0m[38;2;67;43;22m[48;2;69;46;24m▀[0m[38;2;57;36;18m[48;2;60;40;21m▀[0m[38;2;43;27;13m[48;2;49;32;17m▀[0m[38;2;36;23;12m▄[0m
    [38;2;176;122;71m▄[0m[38;2;181;123;68m[48;2;186;129;75m▀[0m[38;2;190;131;75m[48;2;192;135;79m▀[0m[38;2;195;136;79m[48;2;197;139;83m▀[0m[38;2;199;139;82m[48;2;201;145;88m▀[0m[38;2;202;143;84m[48;2;204;150;93m▀[0m[38;2;203;143;84m[48;2;205;149;92m▀[0m[38;2;205;146;87m[48;2;206;148;90m▀[0m[38;2;206;146;87m[48;2;206;146;87m▀[0m[38;2;208;152;94m[48;2;208;152;94m▀[0m[38;2;210;157;100m[48;2;210;159;103m▀[0m[38;2;211;161;105m[48;2;212;165;110m▀[0m[38;2;210;158;101m[48;2;211;163;108m▀[0m[38;2;209;157;99m[48;2;210;162;107m▀[0m[38;2;209;158;101m[48;2;209;162;106m▀[0m[38;2;209;161;106m[48;2;211;168;114m▀[0m[38;2;209;164;110m[48;2;212;174;122m▀[0m[38;2;208;163;109m[48;2;211;175;123m▀[0m[38;2;204;154;99m[48;2;208;168;115m▀[0m[38;2;201;146;90m[48;2;203;158;105m▀[0m[38;2;197;140;84m[48;2;201;155;102m▀[0m[38;2;196;140;84m[48;2;198;151;98m▀[0m[38;2;195;141;86m[48;2;196;149;97m▀[0m[38;2;193;140;86m[48;2;194;149;97m▀[0m[38;2;190;137;83m[48;2;192;146;94m▀[0m[38;2;187;132;79m[48;2;187;138;86m▀[0m[38;2;184;130;77m[48;2;184;135;83m▀[0m[38;2;181;127;75m[48;2;182;133;83m▀[0m[38;2;179;126;75m[48;2;179;131;80m▀[0m[38;2;177;128;78m[48;2;178;134;85m▀[0m[38;2;175;128;79m[48;2;176;134;87m▀[0m[38;2;171;122;74m[48;2;172;129;82m▀[0m[38;2;167;119;72m[48;2;168;127;81m▀[0m[38;2;165;119;73m[48;2;166;127;83m▀[0m[38;2;161;117;71m[48;2;162;125;81m▀[0m[38;2;158;115;71m[48;2;159;122;80m▀[0m[38;2;155;114;71m[48;2;156;122;81m▀[0m[38;2;151;112;71m[48;2;152;118;78m▀[0m[38;2;148;112;72m[48;2;148;116;78m▀[0m[38;2;143;107;68m[48;2;144;113;75m▀[0m[38;2;138;104;66m[48;2;139;108;72m▀[0m[38;2;134;100;64m[48;2;134;105;69m▀[0m[38;2;129;96;61m[48;2;130;103;69m▀[0m[38;2;124;92;58m[48;2;125;98;66m▀[0m[38;2;119;89;57m[48;2;119;92;61m▀[0m[38;2;113;84;53m[48;2;114;88;58m▀[0m[38;2;108;81;51m[48;2;108;85;56m▀[0m[38;2;102;77;49m[48;2;103;82;55m▀[0m[38;2;95;71;45m[48;2;96;77;52m▀[0m[38;2;87;63;38m[48;2;88;67;44m▀[0m[38;2;79;55;32m[48;2;81;60;38m▀[0m[38;2;71;49;28m[48;2;72;53;33m▀[0m[38;2;62;43;25m[48;2;64;47;29m▀[0m[38;2;52;36;20m[48;2;54;38;23m▀[0m[38;2;39;26;14m[48;2;42;30;18m▀[0m[38;2;37;26;16m▄[0m
   [38;2;177;136;89m▄[0m[38;2;183;134;84m[48;2;188;147;97m▀[0m[38;2;190;138;84m[48;2;195;151;100m▀[0m[38;2;194;139;84m[48;2;198;151;98m▀[0m[38;2;198;143;88m[48;2;201;155;101m▀[0m[38;2;202;148;92m[48;2;204;157;103m▀[0m[38;2;204;151;95m[48;2;205;156;101m▀[0m[38;2;205;151;94m[48;2;205;153;97m▀[0m[38;2;206;152;95m[48;2;206;154;98m▀[0m[38;2;206;151;94m[48;2;207;156;100m▀[0m[38;2;208;156;100m[48;2;209;162;107m▀[0m[38;2;210;161;106m[48;2;210;165;111m▀[0m[38;2;211;166;111m[48;2;212;171;118m▀[0m[38;2;211;165;111m[48;2;212;174;122m▀[0m[38;2;210;166;112m[48;2;212;176;125m▀[0m[38;2;210;168;115m[48;2;212;178;127m▀[0m[38;2;211;174;122m[48;2;213;182;132m▀[0m[38;2;213;181;131m[48;2;213;186;137m▀[0m[38;2;212;182;133m[48;2;212;186;138m▀[0m[38;2;209;175;125m[48;2;209;179;131m▀[0m[38;2;205;168;118m[48;2;206;174;125m▀[0m[38;2;202;163;112m[48;2;203;169;120m▀[0m[38;2;200;160;109m[48;2;201;169;120m▀[0m[38;2;197;155;105m[48;2;198;164;115m▀[0m[38;2;195;154;104m[48;2;196;162;114m▀[0m[38;2;192;151;101m[48;2;193;159;111m▀[0m[38;2;188;145;95m[48;2;190;154;107m▀[0m[38;2;185;140;91m[48;2;187;150;102m▀[0m[38;2;182;137;88m[48;2;183;145;98m▀[0m[38;2;180;137;89m[48;2;181;146;100m▀[0m[38;2;178;138;92m[48;2;179;145;101m▀[0m[38;2;175;137;91m[48;2;176;142;98m▀[0m[38;2;172;134;89m[48;2;173;141;97m▀[0m[38;2;169;132;88m[48;2;169;137;95m▀[0m[38;2;166;131;88m[48;2;166;137;96m▀[0m[38;2;163;130;89m[48;2;164;137;98m▀[0m[38;2;160;130;90m[48;2;161;137;99m▀[0m[38;2;157;129;90m[48;2;157;135;98m▀[0m[38;2;153;125;87m[48;2;153;131;94m▀[0m[38;2;148;120;83m[48;2;149;126;91m▀[0m[38;2;144;117;81m[48;2;144;122;88m▀[0m[38;2;140;115;80m[48;2;140;119;86m▀[0m[38;2;135;112;78m[48;2;135;115;82m▀[0m[38;2;130;107;75m[48;2;130;109;78m▀[0m[38;2;125;101;70m[48;2;125;104;74m▀[0m[38;2;119;95;65m[48;2;119;99;71m▀[0m[38;2;114;92;63m[48;2;114;95;68m▀[0m[38;2;108;88;61m[48;2;108;90;64m▀[0m[38;2;102;83;58m[48;2;102;85;60m▀[0m[38;2;96;78;54m[48;2;96;79;56m▀[0m[38;2;89;72;50m[48;2;89;73;51m▀[0m[38;2;82;66;45m[48;2;82;67;47m▀[0m[38;2;74;58;38m[48;2;74;59;40m▀[0m[38;2;65;50;33m[48;2;65;52;35m▀[0m[38;2;56;42;27m[48;2;56;44;30m▀[0m[38;2;45;34;21m[48;2;46;36;24m▀[0m[38;2;38;28;18m[48;2;38;30;20m▀[0m[38;2;38;30;20m▄[0m
  [38;2;173;147;106m▄[0m[38;2;182;146;99m[48;2;187;156;111m▀[0m[38;2;192;156;108m[48;2;194;163;116m▀[0m[38;2;198;162;113m[48;2;200;168;120m▀[0m[38;2;201;161;110m[48;2;203;171;123m▀[0m[38;2;203;162;110m[48;2;206;172;123m▀[0m[38;2;205;163;111m[48;2;207;172;122m▀[0m[38;2;206;163;109m[48;2;207;168;116m▀[0m[38;2;205;157;103m[48;2;205;161;107m▀[0m[38;2;205;156;100m[48;2;205;157;103m▀[0m[38;2;207;159;104m[48;2;205;157;103m▀[0m[38;2;209;165;111m[48;2;208;167;114m▀[0m[38;2;210;168;115m[48;2;211;175;124m▀[0m[38;2;213;179;128m[48;2;213;183;133m▀[0m[38;2;213;182;131m[48;2;214;187;138m▀[0m[38;2;213;183;133m[48;2;213;188;140m▀[0m[38;2;213;186;137m[48;2;213;189;141m▀[0m[38;2;213;187;138m[48;2;212;188;141m▀[0m[38;2;212;188;140m[48;2;210;187;140m▀[0m[38;2;211;187;139m[48;2;209;186;139m▀[0m[38;2;208;182;135m[48;2;207;184;137m▀[0m[38;2;205;178;130m[48;2;205;180;134m▀[0m[38;2;203;175;128m[48;2;203;178;132m▀[0m[38;2;202;174;128m[48;2;201;177;132m▀[0m[38;2;199;172;126m[48;2;199;175;130m▀[0m[38;2;196;168;122m[48;2;196;173;128m▀[0m[38;2;193;163;117m[48;2;193;169;125m▀[0m[38;2;191;162;117m[48;2;191;166;123m▀[0m[38;2;187;157;112m[48;2;187;162;119m▀[0m[38;2;184;151;106m[48;2;184;156;113m▀[0m[38;2;182;152;108m[48;2;181;154;111m▀[0m[38;2;179;150;107m[48;2;178;153;112m▀[0m[38;2;176;147;105m[48;2;175;151;111m▀[0m[38;2;173;146;104m[48;2;172;149;109m▀[0m[38;2;169;142;101m[48;2;169;146;107m▀[0m[38;2;167;143;104m[48;2;166;146;108m▀[0m[38;2;164;142;104m[48;2;163;144;107m▀[0m[38;2;161;141;104m[48;2;160;142;106m▀[0m[38;2;157;137;101m[48;2;156;138;103m▀[0m[38;2;153;134;99m[48;2;151;134;101m▀[0m[38;2;149;130;96m[48;2;147;130;98m▀[0m[38;2;144;126;93m[48;2;143;126;94m▀[0m[38;2;139;121;89m[48;2;138;121;90m▀[0m[38;2;134;116;84m[48;2;133;115;85m▀[0m[38;2;129;109;79m[48;2;128;111;82m▀[0m[38;2;124;106;77m[48;2;123;108;79m▀[0m[38;2;119;102;74m[48;2;118;104;77m▀[0m[38;2;113;97;71m[48;2;112;98;73m▀[0m[38;2;108;93;67m[48;2;106;93;68m▀[0m[38;2;102;87;63m[48;2;100;86;63m▀[0m[38;2;95;81;58m[48;2;94;80;58m▀[0m[38;2;88;74;52m[48;2;87;74;53m▀[0m[38;2;81;66;47m[48;2;80;67;48m▀[0m[38;2;73;60;42m[48;2;73;61;44m▀[0m[38;2;65;53;37m[48;2;65;54;39m▀[0m[38;2;57;46;32m[48;2;56;48;34m▀[0m[38;2;47;38;26m[48;2;47;40;28m▀[0m[38;2;39;31;21m[48;2;39;33;24m▀[0m[38;2;39;31;22m[48;2;39;33;24m▀[0m[38;2;39;33;23m▄[0m
  [38;2;179;156;114m[48;2;182;160;119m▀[0m[38;2;190;164;120m[48;2;191;168;125m▀[0m[38;2;196;170;124m[48;2;197;174;130m▀[0m[38;2;201;174;128m[48;2;201;177;132m▀[0m[38;2;204;176;129m[48;2;204;179;133m▀[0m[38;2;206;177;129m[48;2;206;181;134m▀[0m[38;2;208;178;130m[48;2;208;182;135m▀[0m[38;2;208;174;125m[48;2;208;181;133m▀[0m[38;2;206;168;117m[48;2;207;176;127m▀[0m[38;2;205;164;111m[48;2;206;171;121m▀[0m[38;2;206;165;113m[48;2;207;174;124m▀[0m[38;2;208;172;121m[48;2;209;178;129m▀[0m[38;2;211;180;131m[48;2;210;181;133m▀[0m[38;2;212;185;137m[48;2;211;186;138m▀[0m[38;2;212;188;140m[48;2;210;187;140m▀[0m[38;2;212;188;141m[48;2;209;186;139m▀[0m[38;2;211;187;140m[48;2;208;184;138m▀[0m[38;2;210;186;139m[48;2;207;183;137m▀[0m[38;2;208;185;138m[48;2;206;182;136m▀[0m[38;2;207;183;137m[48;2;204;180;134m▀[0m[38;2;205;182;137m[48;2;203;180;135m▀[0m[38;2;203;180;134m[48;2;201;178;133m▀[0m[38;2;201;177;132m[48;2;199;176;131m▀[0m[38;2;199;176;131m[48;2;197;174;130m▀[0m[38;2;197;174;129m[48;2;194;172;128m▀[0m[38;2;194;171;127m[48;2;192;169;126m▀[0m[38;2;192;168;125m[48;2;189;167;124m▀[0m[38;2;189;166;123m[48;2;186;164;121m▀[0m[38;2;186;162;119m[48;2;184;161;119m▀[0m[38;2;182;158;116m[48;2;181;159;118m▀[0m[38;2;180;156;114m[48;2;178;156;116m▀[0m[38;2;177;154;114m[48;2;175;154;115m▀[0m[38;2;174;152;113m[48;2;172;152;113m▀[0m[38;2;171;150;111m[48;2;169;150;112m▀[0m[38;2;168;147;109m[48;2;166;147;109m▀[0m[38;2;165;145;109m[48;2;162;144;108m▀[0m[38;2;161;143;107m[48;2;159;141;106m▀[0m[38;2;157;140;105m[48;2;155;137;102m▀[0m[38;2;153;136;102m[48;2;151;133;99m▀[0m[38;2;149;133;99m[48;2;147;130;97m▀[0m[38;2;145;129;97m[48;2;143;126;94m▀[0m[38;2;141;125;93m[48;2;138;123;92m▀[0m[38;2;136;121;90m[48;2;134;119;89m▀[0m[38;2;131;116;87m[48;2;129;115;86m▀[0m[38;2;126;112;84m[48;2;124;111;83m▀[0m[38;2;121;107;80m[48;2;119;106;79m▀[0m[38;2;116;103;77m[48;2;114;101;76m▀[0m[38;2;111;98;73m[48;2;109;96;72m▀[0m[38;2;105;93;69m[48;2;103;92;68m▀[0m[38;2;99;87;65m[48;2;97;86;65m▀[0m[38;2;93;81;60m[48;2;91;81;60m▀[0m[38;2;86;75;55m[48;2;85;75;56m▀[0m[38;2;79;69;50m[48;2;78;69;51m▀[0m[38;2;72;63;47m[48;2;71;63;47m▀[0m[38;2;64;56;41m[48;2;63;56;42m▀[0m[38;2;56;49;36m[48;2;55;49;36m▀[0m[38;2;47;41;30m[48;2;46;40;30m▀[0m[38;2;40;35;25m[48;2;40;35;26m▀[0m[38;2;40;35;25m[48;2;40;35;26m▀[0m[38;2;40;34;25m[48;2;40;35;26m▀[0m
 [38;2;165;146;110m[48;2;169;150;112m▀[0m[38;2;182;162;121m[48;2;182;162;121m▀[0m[38;2;190;168;126m[48;2;189;168;126m▀[0m[38;2;196;173;130m[48;2;194;173;129m▀[0m[38;2;200;177;132m[48;2;198;176;132m▀[0m[38;2;203;180;134m[48;2;201;178;133m▀[0m[38;2;205;182;136m[48;2;203;180;135m▀[0m[38;2;206;183;136m[48;2;205;182;136m▀[0m[38;2;207;183;137m[48;2;206;183;137m▀[0m[38;2;208;181;134m[48;2;206;183;137m▀[0m[38;2;207;180;132m[48;2;207;183;136m▀[0m[38;2;208;180;132m[48;2;207;183;136m▀[0m[38;2;208;183;135m[48;2;207;184;138m▀[0m[38;2;209;185;138m[48;2;207;183;137m▀[0m[38;2;209;185;139m[48;2;206;182;136m▀[0m[38;2;208;185;138m[48;2;205;181;135m▀[0m[38;2;207;183;137m[48;2;204;179;133m▀[0m[38;2;206;182;136m[48;2;203;178;132m▀[0m[38;2;204;180;134m[48;2;201;176;131m▀[0m[38;2;203;179;133m[48;2;200;176;130m▀[0m[38;2;201;177;132m[48;2;198;174;129m▀[0m[38;2;200;177;133m[48;2;197;175;130m▀[0m[38;2;198;176;132m[48;2;196;173;130m▀[0m[38;2;196;175;131m[48;2;194;172;129m▀[0m[38;2;194;173;129m[48;2;192;170;128m▀[0m[38;2;192;170;127m[48;2;190;168;126m▀[0m[38;2;190;168;125m[48;2;187;166;125m▀[0m[38;2;187;166;124m[48;2;185;164;123m▀[0m[38;2;185;164;122m[48;2;182;162;121m▀[0m[38;2;182;161;120m[48;2;179;159;119m▀[0m[38;2;179;159;118m[48;2;177;157;117m▀[0m[38;2;176;156;117m[48;2;174;154;116m▀[0m[38;2;173;154;115m[48;2;170;151;113m▀[0m[38;2;170;151;113m[48;2;167;147;110m▀[0m[38;2;167;148;111m[48;2;164;144;107m▀[0m[38;2;163;145;109m[48;2;160;141;105m▀[0m[38;2;160;142;106m[48;2;156;137;101m▀[0m[38;2;156;138;103m[48;2;153;134;100m▀[0m[38;2;152;134;100m[48;2;149;131;98m▀[0m[38;2;148;130;97m[48;2;145;127;94m▀[0m[38;2;144;127;94m[48;2;141;124;92m▀[0m[38;2;140;124;92m[48;2;137;120;89m▀[0m[38;2;136;120;90m[48;2;133;117;87m▀[0m[38;2;131;116;86m[48;2;128;113;84m▀[0m[38;2;127;112;84m[48;2;124;109;81m▀[0m[38;2;122;108;81m[48;2;119;105;78m▀[0m[38;2;117;104;78m[48;2;114;101;75m▀[0m[38;2;112;99;74m[48;2;109;96;72m▀[0m[38;2;106;95;71m[48;2;104;92;69m▀[0m[38;2;101;89;67m[48;2;98;87;65m▀[0m[38;2;95;84;63m[48;2;92;82;61m▀[0m[38;2;89;79;59m[48;2;86;76;57m▀[0m[38;2;83;73;55m[48;2;80;71;53m▀[0m[38;2;76;67;50m[48;2;73;65;49m▀[0m[38;2;69;61;46m[48;2;66;59;44m▀[0m[38;2;61;54;41m[48;2;59;52;39m▀[0m[38;2;53;47;35m[48;2;51;45;34m▀[0m[38;2;44;39;29m[48;2;42;38;28m▀[0m[38;2;40;35;26m[48;2;40;35;26m▀[0m[38;2;40;35;26m[48;2;40;35;26m▀[0m[38;2;40;35;26m[48;2;40;35;26m▀[0m[38;2;40;35;26m[48;2;40;35;26m▀[0m
 [38;2;169;149;111m[48;2;168;147;109m▀[0m[38;2;181;159;119m[48;2;178;156;115m▀[0m[38;2;187;166;124m[48;2;184;161;119m▀[0m[38;2;192;170;127m[48;2;189;165;122m▀[0m[38;2;195;172;128m[48;2;192;168;124m▀[0m[38;2;198;174;130m[48;2;195;170;126m▀[0m[38;2;200;177;132m[48;2;197;172;127m▀[0m[38;2;202;179;134m[48;2;198;174;129m▀[0m[38;2;203;180;135m[48;2;200;175;130m▀[0m[38;2;204;181;135m[48;2;200;176;130m▀[0m[38;2;204;181;136m[48;2;201;177;131m▀[0m[38;2;204;182;136m[48;2;201;176;130m▀[0m[38;2;204;181;135m[48;2;200;173;127m▀[0m[38;2;203;178;132m[48;2;199;170;124m▀[0m[38;2;202;176;130m[48;2;197;166;119m▀[0m[38;2;201;174;128m[48;2;196;165;119m▀[0m[38;2;199;172;125m[48;2;195;164;117m▀[0m[38;2;199;171;125m[48;2;195;165;119m▀[0m[38;2;198;171;126m[48;2;194;165;119m▀[0m[38;2;197;172;127m[48;2;193;166;121m▀[0m[38;2;195;171;126m[48;2;192;165;121m▀[0m[38;2;194;170;127m[48;2;191;166;123m▀[0m[38;2;193;170;127m[48;2;189;167;124m▀[0m[38;2;191;169;127m[48;2;188;166;124m▀[0m[38;2;189;167;125m[48;2;185;163;121m▀[0m[38;2;186;165;123m[48;2;183;160;118m▀[0m[38;2;184;163;121m[48;2;180;156;115m▀[0m[38;2;182;161;120m[48;2;178;155;114m▀[0m[38;2;179;158;118m[48;2;175;153;113m▀[0m[38;2;176;156;116m[48;2;173;151;112m▀[0m[38;2;173;153;114m[48;2;170;148;109m▀[0m[38;2;170;150;112m[48;2;166;143;104m▀[0m[38;2;167;146;109m[48;2;162;138;100m▀[0m[38;2;163;141;104m[48;2;158;133;95m▀[0m[38;2;160;138;102m[48;2;155;129;91m▀[0m[38;2;156;133;97m[48;2;151;125;88m▀[0m[38;2;152;131;95m[48;2;148;124;89m▀[0m[38;2;150;130;96m[48;2;146;124;90m▀[0m[38;2;146;127;94m[48;2;143;123;90m▀[0m[38;2;142;122;89m[48;2;138;118;86m▀[0m[38;2;137;119;87m[48;2;134;114;82m▀[0m[38;2;133;115;84m[48;2;130;110;79m▀[0m[38;2;130;113;83m[48;2;126;108;79m▀[0m[38;2;125;110;82m[48;2;122;106;78m▀[0m[38;2;121;107;79m[48;2;118;103;77m▀[0m[38;2;116;102;76m[48;2;113;99;73m▀[0m[38;2;111;98;73m[48;2;108;95;70m▀[0m[38;2;106;94;70m[48;2;103;91;67m▀[0m[38;2;101;89;67m[48;2;98;86;64m▀[0m[38;2;96;85;63m[48;2;93;82;61m▀[0m[38;2;90;79;59m[48;2;87;77;57m▀[0m[38;2;84;74;55m[48;2;81;71;53m▀[0m[38;2;78;69;51m[48;2;75;66;49m▀[0m[38;2;71;62;46m[48;2;68;59;44m▀[0m[38;2;64;56;42m[48;2;61;54;40m▀[0m[38;2;57;50;37m[48;2;54;47;35m▀[0m[38;2;49;43;32m[48;2;46;41;30m▀[0m[38;2;40;35;26m[48;2;40;35;26m▀[0m[38;2;40;35;26m[48;2;40;35;26m▀[0m[38;2;40;35;26m[48;2;40;35;26m▀[0m[38;2;40;35;26m[48;2;40;35;26m▀[0m[38;2;40;35;26m[48;2;40;35;26m▀[0m
 [38;2;166;144;106m[48;2;163;139;101m▀[0m[38;2;175;151;110m[48;2;171;145;104m▀[0m[38;2;180;154;111m[48;2;177;148;106m▀[0m[38;2;185;157;114m[48;2;180;149;105m▀[0m[38;2;188;161;117m[48;2;183;150;105m▀[0m[38;2;190;162;117m[48;2;185;150;104m▀[0m[38;2;192;163;118m[48;2;186;151;104m▀[0m[38;2;193;164;118m[48;2;187;152;105m▀[0m[38;2;194;163;116m[48;2;188;151;104m▀[0m[38;2;195;165;119m[48;2;188;152;104m▀[0m[38;2;196;167;121m[48;2;189;153;105m▀[0m[38;2;196;167;121m[48;2;190;156;109m▀[0m[38;2;195;164;118m[48;2;189;154;107m▀[0m[38;2;194;162;115m[48;2;189;153;105m▀[0m[38;2;192;159;112m[48;2;188;151;103m▀[0m[38;2;191;158;111m[48;2;187;150;103m▀[0m[38;2;190;155;108m[48;2;186;148;101m▀[0m[38;2;190;157;111m[48;2;185;149;102m▀[0m[38;2;190;160;114m[48;2;186;154;109m▀[0m[38;2;189;160;116m[48;2;186;157;113m▀[0m[38;2;189;163;119m[48;2;185;160;117m▀[0m[38;2;187;162;119m[48;2;184;159;116m▀[0m[38;2;186;163;121m[48;2;182;156;114m▀[0m[38;2;184;160;118m[48;2;179;152;110m▀[0m[38;2;181;157;116m[48;2;177;150;109m▀[0m[38;2;179;156;115m[48;2;175;150;109m▀[0m[38;2;176;152;111m[48;2;173;147;106m▀[0m[38;2;173;148;107m[48;2;170;143;103m▀[0m[38;2;171;146;106m[48;2;166;139;98m▀[0m[38;2;168;143;103m[48;2;162;132;91m▀[0m[38;2;165;139;100m[48;2;158;126;86m▀[0m[38;2;160;131;92m[48;2;155;122;82m▀[0m[38;2;157;128;90m[48;2;151;117;78m▀[0m[38;2;153;123;85m[48;2;147;112;73m▀[0m[38;2;149;119;81m[48;2;144;110;71m▀[0m[38;2;146;117;80m[48;2;142;108;71m▀[0m[38;2;144;117;82m[48;2;139;109;73m▀[0m[38;2;141;115;81m[48;2;136;107;72m▀[0m[38;2;138;115;82m[48;2;133;105;72m▀[0m[38;2;134;113;81m[48;2;130;106;74m▀[0m[38;2;130;109;78m[48;2;127;104;74m▀[0m[38;2;126;106;76m[48;2;123;102;72m▀[0m[38;2;122;104;75m[48;2;118;97;69m▀[0m[38;2;118;101;73m[48;2;114;95;68m▀[0m[38;2;114;98;72m[48;2;110;92;66m▀[0m[38;2;110;95;69m[48;2;105;88;63m▀[0m[38;2;105;91;66m[48;2;101;85;61m▀[0m[38;2;100;87;64m[48;2;96;80;58m▀[0m[38;2;94;81;59m[48;2;91;76;54m▀[0m[38;2;89;77;56m[48;2;85;72;52m▀[0m[38;2;84;73;54m[48;2;80;69;50m▀[0m[38;2;78;68;50m[48;2;74;64;46m▀[0m[38;2;71;62;45m[48;2;68;57;41m▀[0m[38;2;65;55;40m[48;2;61;51;36m▀[0m[38;2;58;50;36m[48;2;55;46;33m▀[0m[38;2;51;44;32m[48;2;48;40;29m▀[0m[38;2;43;38;28m[48;2;40;34;24m▀[0m[38;2;40;34;25m[48;2;39;33;24m▀[0m[38;2;40;34;25m[48;2;39;33;23m▀[0m[38;2;40;34;25m[48;2;39;33;23m▀[0m[38;2;40;34;25m[48;2;39;33;23m▀[0m[38;2;40;35;25m[48;2;39;33;24m▀[0m
 [38;2;160;134;96m[48;2;156;128;90m▀[0m[38;2;167;139;98m[48;2;163;133;93m▀[0m[38;2;172;141;99m[48;2;168;136;93m▀[0m[38;2;175;141;96m[48;2;171;134;90m▀[0m[38;2;177;139;93m[48;2;172;131;85m▀[0m[38;2;179;138;91m[48;2;173;128;80m▀[0m[38;2;180;139;91m[48;2;175;130;82m▀[0m[38;2;182;141;94m[48;2;177;133;85m▀[0m[38;2;182;140;92m[48;2;177;131;82m▀[0m[38;2;183;140;92m[48;2;177;131;82m▀[0m[38;2;183;141;93m[48;2;178;132;83m▀[0m[38;2;184;144;96m[48;2;178;134;85m▀[0m[38;2;184;144;97m[48;2;178;134;86m▀[0m[38;2;184;144;96m[48;2;179;136;88m▀[0m[38;2;184;146;98m[48;2;179;138;91m▀[0m[38;2;183;144;97m[48;2;178;138;91m▀[0m[38;2;181;142;95m[48;2;177;136;89m▀[0m[38;2;180;141;94m[48;2;177;137;91m▀[0m[38;2;181;148;103m[48;2;178;143;99m▀[0m[38;2;182;155;111m[48;2;179;150;107m▀[0m[38;2;183;159;117m[48;2;179;154;112m▀[0m[38;2;180;156;114m[48;2;176;150;109m▀[0m[38;2;178;151;109m[48;2;174;148;106m▀[0m[38;2;174;145;102m[48;2;171;141;100m▀[0m[38;2;172;144;102m[48;2;168;136;94m▀[0m[38;2;171;143;102m[48;2;165;134;92m▀[0m[38;2;168;141;101m[48;2;162;130;89m▀[0m[38;2;164;134;94m[48;2;159;125;84m▀[0m[38;2;161;128;87m[48;2;155;118;77m▀[0m[38;2;156;121;80m[48;2;151;111;70m▀[0m[38;2;153;116;76m[48;2;147;105;64m▀[0m[38;2;149;110;70m[48;2;144;101;61m▀[0m[38;2;146;108;68m[48;2;141;98;58m▀[0m[38;2;143;103;65m[48;2;137;93;54m▀[0m[38;2;140;103;65m[48;2;135;92;55m▀[0m[38;2;137;102;66m[48;2;132;92;56m▀[0m[38;2;134;100;64m[48;2;129;89;55m▀[0m[38;2;131;97;63m[48;2;126;88;55m▀[0m[38;2;127;95;61m[48;2;123;87;55m▀[0m[38;2;125;96;65m[48;2;120;87;56m▀[0m[38;2;122;96;66m[48;2;117;87;58m▀[0m[38;2;119;96;67m[48;2;114;87;59m▀[0m[38;2;114;91;63m[48;2;110;83;56m▀[0m[38;2;110;87;60m[48;2;105;80;53m▀[0m[38;2;105;84;58m[48;2;101;76;50m▀[0m[38;2;101;80;55m[48;2;96;74;49m▀[0m[38;2;96;77;53m[48;2;91;70;46m▀[0m[38;2;91;73;50m[48;2;87;66;44m▀[0m[38;2;86;69;48m[48;2;82;63;41m▀[0m[38;2;81;67;47m[48;2;77;61;41m▀[0m[38;2;76;64;45m[48;2;72;58;39m▀[0m[38;2;70;58;41m[48;2;66;52;35m▀[0m[38;2;64;52;36m[48;2;60;47;31m▀[0m[38;2;57;45;31m[48;2;53;41;27m▀[0m[38;2;50;40;27m[48;2;47;35;23m▀[0m[38;2;44;35;24m[48;2;40;31;20m▀[0m[38;2;39;32;22m[48;2;38;30;20m▀[0m[38;2;39;31;22m[48;2;38;29;19m▀[0m[38;2;39;31;21m[48;2;38;29;19m▀[0m[38;2;38;31;21m[48;2;38;29;18m▀[0m[38;2;38;30;21m[48;2;38;29;19m▀[0m[38;2;39;31;21m[48;2;38;30;20m▀[0m
 [38;2;150;119;80m[48;2;144;108;69m▀[0m[38;2;158;124;83m[48;2;152;113;72m▀[0m[38;2;163;127;84m[48;2;157;117;73m▀[0m[38;2;166;125;81m[48;2;160;115;70m▀[0m[38;2;167;124;77m[48;2;161;114;67m▀[0m[38;2;168;120;72m[48;2;163;112;64m▀[0m[38;2;169;121;72m[48;2;164;113;65m▀[0m[38;2;171;123;75m[48;2;166;114;65m▀[0m[38;2;171;121;72m[48;2;166;113;64m▀[0m[38;2;171;119;70m[48;2;166;111;61m▀[0m[38;2;171;120;70m[48;2;166;111;61m▀[0m[38;2;173;124;74m[48;2;167;114;64m▀[0m[38;2;173;124;75m[48;2;167;116;67m▀[0m[38;2;173;125;76m[48;2;167;117;68m▀[0m[38;2;173;127;79m[48;2;168;118;70m▀[0m[38;2;173;128;81m[48;2;167;118;70m▀[0m[38;2;173;130;84m[48;2;167;121;74m▀[0m[38;2;173;133;87m[48;2;167;124;77m▀[0m[38;2;173;137;92m[48;2;167;126;80m▀[0m[38;2;173;142;99m[48;2;167;129;85m▀[0m[38;2;173;143;101m[48;2;166;130;87m▀[0m[38;2;171;140;98m[48;2;164;128;85m▀[0m[38;2;169;138;96m[48;2;163;127;85m▀[0m[38;2;165;132;90m[48;2;160;123;81m▀[0m[38;2;163;128;86m[48;2;157;117;75m▀[0m[38;2;160;125;84m[48;2;154;113;71m▀[0m[38;2;156;118;76m[48;2;150;106;64m▀[0m[38;2;153;112;70m[48;2;147;102;60m▀[0m[38;2;150;108;67m[48;2;144;97;56m▀[0m[38;2;145;100;59m[48;2;140;92;51m▀[0m[38;2;142;95;54m[48;2;137;87;47m▀[0m[38;2;138;90;50m[48;2;134;83;45m▀[0m[38;2;136;88;50m[48;2;132;81;44m▀[0m[38;2;133;84;47m[48;2;129;77;42m▀[0m[38;2;130;82;46m[48;2;125;72;39m▀[0m[38;2;127;80;46m[48;2;123;70;39m▀[0m[38;2;124;78;46m[48;2;120;68;39m▀[0m[38;2;122;78;48m[48;2;117;68;40m▀[0m[38;2;119;79;49m[48;2;114;67;41m▀[0m[38;2;116;77;49m[48;2;111;66;41m▀[0m[38;2;112;76;49m[48;2;107;64;39m▀[0m[38;2;108;74;48m[48;2;104;63;39m▀[0m[38;2;104;72;46m[48;2;99;61;37m▀[0m[38;2;100;71;45m[48;2;96;61;37m▀[0m[38;2;96;68;43m[48;2;91;59;36m▀[0m[38;2;91;65;41m[48;2;87;57;33m▀[0m[38;2;87;63;40m[48;2;82;55;32m▀[0m[38;2;82;60;38m[48;2;78;53;31m▀[0m[38;2;78;58;37m[48;2;73;51;30m▀[0m[38;2;72;54;34m[48;2;68;47;28m▀[0m[38;2;67;50;32m[48;2;62;43;25m▀[0m[38;2;61;46;29m[48;2;57;40;24m▀[0m[38;2;56;42;27m[48;2;51;36;21m▀[0m[38;2;49;36;22m[48;2;45;32;19m▀[0m[38;2;43;31;19m[48;2;39;27;15m▀[0m[38;2;37;27;17m[48;2;37;25;14m▀[0m[38;2;37;27;17m[48;2;37;25;14m▀[0m[38;2;37;27;16m[48;2;37;25;14m▀[0m[38;2;37;27;16m[48;2;37;25;14m▀[0m[38;2;37;27;16m[48;2;37;25;14m▀[0m[38;2;38;28;17m[48;2;37;26;15m▀[0m[38;2;38;28;17m[48;2;37;27;16m▀[0m
 [38;2;137;96;56m[48;2;130;85;45m▀[0m[38;2;145;101;59m[48;2;138;90;47m▀[0m[38;2;150;104;60m[48;2;144;93;49m▀[0m[38;2;153;103;58m[48;2;147;93;48m▀[0m[38;2;155;103;55m[48;2;149;94;47m▀[0m[38;2;157;103;55m[48;2;151;93;45m▀[0m[38;2;158;103;54m[48;2;153;94;45m▀[0m[38;2;159;103;54m[48;2;154;95;45m▀[0m[38;2;160;103;53m[48;2;154;94;45m▀[0m[38;2;160;102;52m[48;2;155;94;44m▀[0m[38;2;161;103;52m[48;2;155;95;45m▀[0m[38;2;161;105;55m[48;2;156;97;47m▀[0m[38;2;162;106;56m[48;2;156;98;48m▀[0m[38;2;162;107;58m[48;2;156;97;48m▀[0m[38;2;162;108;60m[48;2;155;98;48m▀[0m[38;2;161;109;61m[48;2;156;101;52m▀[0m[38;2;161;110;63m[48;2;156;102;55m▀[0m[38;2;161;113;66m[48;2;156;106;60m▀[0m[38;2;161;116;71m[48;2;155;107;62m▀[0m[38;2;161;119;74m[48;2;155;110;66m▀[0m[38;2;161;122;79m[48;2;155;113;69m▀[0m[38;2;159;120;77m[48;2;153;111;68m▀[0m[38;2;156;116;74m[48;2;150;106;63m▀[0m[38;2;153;111;68m[48;2;147;101;57m▀[0m[38;2;150;106;63m[48;2;144;94;50m▀[0m[38;2;147;102;59m[48;2;141;90;47m▀[0m[38;2;144;97;54m[48;2;139;88;45m▀[0m[38;2;141;93;51m[48;2;137;85;44m▀[0m[38;2;139;89;49m[48;2;134;81;41m▀[0m[38;2;136;85;46m[48;2;131;77;39m▀[0m[38;2;133;79;41m[48;2;128;72;36m▀[0m[38;2;130;76;39m[48;2;126;69;35m▀[0m[38;2;127;72;38m[48;2;123;65;33m▀[0m[38;2;124;68;36m[48;2;120;61;32m▀[0m[38;2;122;64;35m[48;2;118;57;30m▀[0m[38;2;119;62;34m[48;2;115;53;30m▀[0m[38;2;116;59;33m[48;2;112;51;30m▀[0m[38;2;113;57;33m[48;2;109;49;29m▀[0m[38;2;110;57;34m[48;2;106;47;29m▀[0m[38;2;107;56;34m[48;2;103;46;28m▀[0m[38;2;103;54;33m[48;2;99;45;27m▀[0m[38;2;99;53;31m[48;2;95;44;26m▀[0m[38;2;95;51;30m[48;2;91;43;24m▀[0m[38;2;91;51;30m[48;2;86;43;24m▀[0m[38;2;87;51;29m[48;2;82;43;23m▀[0m[38;2;82;49;27m[48;2;78;42;22m▀[0m[38;2;78;47;26m[48;2;73;42;22m▀[0m[38;2;73;46;25m[48;2;69;41;22m▀[0m[38;2;68;44;25m[48;2;64;39;20m▀[0m[38;2;63;41;23m[48;2;59;37;19m▀[0m[38;2;58;38;21m[48;2;54;34;17m▀[0m[38;2;53;35;19m[48;2;48;30;15m▀[0m[38;2;47;31;17m[48;2;43;26;13m▀[0m[38;2;41;27;15m[48;2;37;23;11m▀[0m[38;2;36;23;12m[48;2;36;22;11m▀[0m[38;2;36;23;12m[48;2;36;22;10m▀[0m[38;2;36;23;12m[48;2;36;22;10m▀[0m[38;2;36;23;12m[48;2;36;22;11m▀[0m[38;2;36;24;13m[48;2;36;22;11m▀[0m[38;2;36;24;12m[48;2;36;23;12m▀[0m[38;2;37;24;13m[48;2;36;23;12m▀[0m[38;2;37;25;14m[48;2;36;23;12m▀[0m
 [38;2;123;77;37m[48;2;116;70;32m▀[0m[38;2;132;81;39m[48;2;126;76;35m▀[0m[38;2;138;85;40m[48;2;132;79;36m▀[0m[38;2;141;86;41m[48;2;137;82;37m▀[0m[38;2;144;88;41m[48;2;140;84;38m▀[0m[38;2;146;88;41m[48;2;142;85;39m▀[0m[38;2;148;89;41m[48;2;144;86;39m▀[0m[38;2;149;89;41m[48;2;145;87;40m▀[0m[38;2;150;90;41m[48;2;146;88;41m▀[0m[38;2;151;90;41m[48;2;147;89;42m▀[0m[38;2;151;90;41m[48;2;147;89;41m▀[0m[38;2;151;91;42m[48;2;147;89;41m▀[0m[38;2;151;91;42m[48;2;147;89;41m▀[0m[38;2;151;91;42m[48;2;147;88;40m▀[0m[38;2;150;91;42m[48;2;146;88;40m▀[0m[38;2;151;93;45m[48;2;146;88;41m▀[0m[38;2;151;96;48m[48;2;146;89;42m▀[0m[38;2;151;98;51m[48;2;145;91;44m▀[0m[38;2;150;100;54m[48;2;145;91;46m▀[0m[38;2;150;102;57m[48;2;144;93;48m▀[0m[38;2;149;104;60m[48;2;143;92;48m▀[0m[38;2;147;101;57m[48;2;141;90;46m▀[0m[38;2;144;96;52m[48;2;138;86;42m▀[0m[38;2;141;90;46m[48;2;136;84;41m▀[0m[38;2;139;86;43m[48;2;134;81;38m▀[0m[38;2;136;83;40m[48;2;132;79;37m▀[0m[38;2;134;80;38m[48;2;130;76;35m▀[0m[38;2;131;78;37m[48;2;127;74;34m▀[0m[38;2;129;75;36m[48;2;125;71;33m▀[0m[38;2;127;72;35m[48;2;123;68;32m▀[0m[38;2;124;68;33m[48;2;121;64;31m▀[0m[38;2;122;64;32m[48;2;118;60;30m▀[0m[38;2;119;59;30m[48;2;116;56;29m▀[0m[38;2;117;55;29m[48;2;113;51;28m▀[0m[38;2;114;51;28m[48;2;111;46;26m▀[0m[38;2;112;47;27m[48;2;108;42;25m▀[0m[38;2;109;43;26m[48;2;105;38;24m▀[0m[38;2;106;41;26m[48;2;102;35;23m▀[0m[38;2;102;39;25m[48;2;99;34;22m▀[0m[38;2;99;38;24m[48;2;95;33;22m▀[0m[38;2;95;37;23m[48;2;91;32;21m▀[0m[38;2;91;37;22m[48;2;87;32;20m▀[0m[38;2;87;37;21m[48;2;83;33;20m▀[0m[38;2;83;37;21m[48;2;79;34;19m▀[0m[38;2;78;38;20m[48;2;74;34;18m▀[0m[38;2;74;37;19m[48;2;70;34;18m▀[0m[38;2;69;37;19m[48;2;65;34;17m▀[0m[38;2;65;36;18m[48;2;61;33;16m▀[0m[38;2;60;34;17m[48;2;56;31;15m▀[0m[38;2;55;33;16m[48;2;51;29;14m▀[0m[38;2;50;30;15m[48;2;46;27;12m▀[0m[38;2;44;27;13m[48;2;40;24;11m▀[0m[38;2;39;23;11m[48;2;36;21;9m▀[0m[38;2;36;21;10m[48;2;36;21;9m▀[0m[38;2;36;21;10m[48;2;36;21;9m▀[0m[38;2;36;21;10m[48;2;36;21;9m▀[0m[38;2;36;21;10m[48;2;36;21;9m▀[0m[38;2;36;22;10m[48;2;36;21;9m▀[0m[38;2;36;22;10m[48;2;36;21;10m▀[0m[38;2;36;22;11m[48;2;36;22;10m▀[0m[38;2;36;22;11m[48;2;36;22;10m▀[0m[38;2;36;22;11m[48;2;36;22;10m▀[0m
 [38;2;109;65;30m[48;2;100;60;28m▀[0m[38;2;121;73;33m[48;2;116;71;34m▀[0m[38;2;128;77;35m[48;2;123;76;37m▀[0m[38;2;132;80;37m[48;2;129;81;40m▀[0m[38;2;136;83;39m[48;2;133;85;43m▀[0m[38;2;139;85;41m[48;2;136;87;45m▀[0m[38;2;141;86;41m[48;2;138;89;46m▀[0m[38;2;142;87;41m[48;2;139;88;45m▀[0m[38;2;143;87;42m[48;2;140;88;44m▀[0m[38;2;144;90;44m[48;2;142;93;49m▀[0m[38;2;145;92;46m[48;2;143;96;53m▀[0m[38;2;145;90;44m[48;2;142;94;50m▀[0m[38;2;144;89;43m[48;2;142;91;47m▀[0m[38;2;144;88;42m[48;2;141;89;44m▀[0m[38;2;143;86;39m[48;2;139;86;41m▀[0m[38;2;142;85;39m[48;2;138;84;40m▀[0m[38;2;141;85;39m[48;2;137;83;38m▀[0m[38;2;140;85;39m[48;2;136;82;37m▀[0m[38;2;139;84;39m[48;2;135;81;37m▀[0m[38;2;138;84;39m[48;2;134;80;36m▀[0m[38;2;137;84;40m[48;2;132;79;36m▀[0m[38;2;135;82;39m[48;2;131;78;36m▀[0m[38;2;133;80;37m[48;2;130;78;36m▀[0m[38;2;132;79;36m[48;2;128;76;35m▀[0m[38;2;130;77;35m[48;2;126;75;35m▀[0m[38;2;128;75;35m[48;2;124;75;35m▀[0m[38;2;126;74;34m[48;2;122;73;35m▀[0m[38;2;124;72;34m[48;2;120;72;35m▀[0m[38;2;122;70;33m[48;2;118;70;35m▀[0m[38;2;119;67;32m[48;2;116;67;35m▀[0m[38;2;117;63;31m[48;2;114;63;33m▀[0m[38;2;115;59;30m[48;2;111;58;30m▀[0m[38;2;112;54;29m[48;2;108;53;28m▀[0m[38;2;110;49;27m[48;2;106;49;27m▀[0m[38;2;107;44;25m[48;2;103;44;25m▀[0m[38;2;104;40;24m[48;2;100;40;24m▀[0m[38;2;101;36;23m[48;2;97;36;22m▀[0m[38;2;98;33;22m[48;2;94;33;21m▀[0m[38;2;95;31;21m[48;2;91;31;20m▀[0m[38;2;91;30;20m[48;2;87;30;20m▀[0m[38;2;87;30;20m[48;2;83;30;19m▀[0m[38;2;83;30;19m[48;2;79;30;18m▀[0m[38;2;79;31;18m[48;2;75;30;18m▀[0m[38;2;75;32;18m[48;2;71;31;17m▀[0m[38;2;71;32;17m[48;2;67;31;17m▀[0m[38;2;66;32;16m[48;2;62;31;16m▀[0m[38;2;61;31;16m[48;2;58;30;15m▀[0m[38;2;57;30;15m[48;2;53;29;14m▀[0m[38;2;52;29;13m[48;2;48;27;13m▀[0m[38;2;47;27;12m[48;2;43;25;12m▀[0m[38;2;42;24;11m[48;2;38;22;10m▀[0m[38;2;36;21;10m[48;2;36;21;10m▀[0m[38;2;36;21;10m[48;2;36;22;10m▀[0m[38;2;36;21;10m[48;2;36;22;11m▀[0m[38;2;36;21;10m[48;2;36;22;10m▀[0m[38;2;36;21;10m[48;2;36;22;10m▀[0m[38;2;36;21;9m[48;2;36;22;10m▀[0m[38;2;36;21;9m[48;2;36;21;10m▀[0m[38;2;36;21;9m[48;2;36;21;10m▀[0m[38;2;36;21;9m[48;2;36;21;10m▀[0m[38;2;36;21;10m[48;2;36;21;9m▀[0m[38;2;36;21;10m[48;2;36;21;9m▀[0m
  [38;2;110;69;35m[48;2;104;70;38m▀[0m[38;2;119;76;38m[48;2;114;77;43m▀[0m[38;2;125;81;43m[48;2;121;84;48m▀[0m[38;2;129;85;46m[48;2;126;89;52m▀[0m[38;2;133;89;50m[48;2;130;93;56m▀[0m[38;2;135;92;51m[48;2;132;96;59m▀[0m[38;2;136;93;52m[48;2;134;98;60m▀[0m[38;2;138;93;52m[48;2;135;98;60m▀[0m[38;2;139;97;56m[48;2;137;101;63m▀[0m[38;2;141;100;60m[48;2;138;103;65m▀[0m[38;2;140;98;57m[48;2;138;101;63m▀[0m[38;2;139;93;51m[48;2;137;98;59m▀[0m[38;2;138;90;47m[48;2;136;95;56m▀[0m[38;2;137;88;46m[48;2;134;91;51m▀[0m[38;2;135;86;43m[48;2;132;86;46m▀[0m[38;2;134;83;40m[48;2;131;83;42m▀[0m[38;2;133;81;38m[48;2;130;82;42m▀[0m[38;2;131;80;37m[48;2;128;81;41m▀[0m[38;2;130;79;37m[48;2;127;80;40m▀[0m[38;2;129;78;36m[48;2;126;80;41m▀[0m[38;2;128;78;37m[48;2;125;81;42m▀[0m[38;2;126;78;38m[48;2;124;81;43m▀[0m[38;2;125;77;38m[48;2;122;79;41m▀[0m[38;2;123;77;38m[48;2;120;78;41m▀[0m[38;2;121;76;39m[48;2;118;77;41m▀[0m[38;2;119;75;38m[48;2;116;76;41m▀[0m[38;2;117;73;37m[48;2;114;73;39m▀[0m[38;2;115;70;36m[48;2;112;71;38m▀[0m[38;2;113;67;35m[48;2;109;67;36m▀[0m[38;2;110;63;33m[48;2;106;64;34m▀[0m[38;2;107;58;30m[48;2;104;60;32m▀[0m[38;2;104;53;28m[48;2;101;56;30m▀[0m[38;2;102;49;26m[48;2;98;52;28m▀[0m[38;2;99;45;25m[48;2;95;48;26m▀[0m[38;2;96;42;24m[48;2;92;45;26m▀[0m[38;2;93;38;23m[48;2;89;42;24m▀[0m[38;2;90;36;22m[48;2;85;39;22m▀[0m[38;2;86;34;21m[48;2;82;37;21m▀[0m[38;2;83;32;20m[48;2;78;36;21m▀[0m[38;2;79;32;19m[48;2;75;35;20m▀[0m[38;2;75;32;19m[48;2;71;34;20m▀[0m[38;2;71;32;19m[48;2;67;34;20m▀[0m[38;2;67;32;18m[48;2;63;33;19m▀[0m[38;2;63;32;18m[48;2;59;33;18m▀[0m[38;2;58;31;17m[48;2;54;31;17m▀[0m[38;2;54;30;16m[48;2;50;30;16m▀[0m[38;2;49;29;15m[48;2;45;28;16m▀[0m[38;2;44;26;13m[48;2;40;26;14m▀[0m[38;2;39;23;12m[48;2;36;23;13m▀[0m[38;2;36;22;11m[48;2;36;23;12m▀[0m[38;2;36;23;11m[48;2;36;24;12m▀[0m[38;2;36;23;12m[48;2;36;24;13m▀[0m[38;2;36;23;12m[48;2;37;25;14m▀[0m[38;2;36;23;12m[48;2;36;24;13m▀[0m[38;2;36;23;11m[48;2;36;24;13m▀[0m[38;2;36;22;11m[48;2;36;24;13m▀[0m[38;2;36;22;10m[48;2;36;23;11m▀[0m[38;2;36;22;10m[48;2;36;22;11m▀[0m[38;2;36;22;10m[48;2;36;22;11m▀[0m[38;2;36;21;10m[48;2;36;22;10m▀[0m
  [38;2;95;67;40m▀[0m[38;2;109;77;46m[48;2;102;76;48m▀[0m[38;2;116;85;52m[48;2;111;84;54m▀[0m[38;2;122;91;57m[48;2;117;90;59m▀[0m[38;2;126;96;62m[48;2;122;95;64m▀[0m[38;2;129;99;65m[48;2;124;97;64m▀[0m[38;2;131;101;66m[48;2;126;98;65m▀[0m[38;2;133;101;66m[48;2;128;100;67m▀[0m[38;2;134;104;68m[48;2;129;101;68m▀[0m[38;2;135;105;70m[48;2;130;102;68m▀[0m[38;2;135;104;69m[48;2;131;102;68m▀[0m[38;2;134;101;65m[48;2;130;100;65m▀[0m[38;2;133;99;63m[48;2;129;98;63m▀[0m[38;2;131;94;56m[48;2;128;95;59m▀[0m[38;2;130;89;51m[48;2;127;92;57m▀[0m[38;2;128;86;48m[48;2;126;90;55m▀[0m[38;2;126;83;44m[48;2;124;87;51m▀[0m[38;2;126;84;46m[48;2;122;85;49m▀[0m[38;2;124;83;45m[48;2;122;85;50m▀[0m[38;2;124;83;46m[48;2;120;84;49m▀[0m[38;2;122;83;47m[48;2;119;85;51m▀[0m[38;2;121;84;48m[48;2;118;86;53m▀[0m[38;2;119;81;46m[48;2;116;83;50m▀[0m[38;2;117;79;44m[48;2;114;81;48m▀[0m[38;2;115;78;45m[48;2;112;79;47m▀[0m[38;2;113;78;45m[48;2;110;78;47m▀[0m[38;2;111;75;43m[48;2;108;76;46m▀[0m[38;2;108;72;40m[48;2;105;72;42m▀[0m[38;2;105;68;37m[48;2;102;70;41m▀[0m[38;2;103;65;35m[48;2;100;68;41m▀[0m[38;2;100;62;34m[48;2;96;64;37m▀[0m[38;2;97;58;32m[48;2;93;60;35m▀[0m[38;2;94;55;31m[48;2;91;58;34m▀[0m[38;2;91;52;29m[48;2;87;54;31m▀[0m[38;2;89;50;29m[48;2;84;53;31m▀[0m[38;2;85;46;27m[48;2;81;49;29m▀[0m[38;2;81;43;24m[48;2;78;47;27m▀[0m[38;2;78;40;22m[48;2;74;43;24m▀[0m[38;2;74;39;22m[48;2;70;41;23m▀[0m[38;2;71;38;22m[48;2;67;40;24m▀[0m[38;2;67;38;22m[48;2;63;40;25m▀[0m[38;2;63;37;22m[48;2;59;38;24m▀[0m[38;2;59;35;21m[48;2;55;36;22m▀[0m[38;2;55;33;19m[48;2;51;34;20m▀[0m[38;2;50;32;19m[48;2;46;32;20m▀[0m[38;2;46;30;18m[48;2;42;29;18m▀[0m[38;2;41;28;17m[48;2;37;26;16m▀[0m[38;2;37;25;15m[48;2;37;26;16m▀[0m[38;2;37;25;14m[48;2;37;26;16m▀[0m[38;2;37;24;14m[48;2;37;26;15m▀[0m[38;2;37;24;14m[48;2;37;26;15m▀[0m[38;2;37;25;14m[48;2;37;26;15m▀[0m[38;2;37;25;15m[48;2;37;26;15m▀[0m[38;2;37;25;14m[48;2;37;26;15m▀[0m[38;2;37;24;13m[48;2;37;25;14m▀[0m[38;2;37;25;14m[48;2;37;25;14m▀[0m[38;2;36;24;13m[48;2;37;25;14m▀[0m[38;2;36;23;12m[48;2;37;25;14m▀[0m[38;2;36;23;12m[48;2;37;25;14m▀[0m[38;2;36;23;11m▀[0m
   [38;2;93;72;48m▀[0m[38;2;105;83;56m[48;2;97;79;55m▀[0m[38;2;112;89;61m[48;2;105;86;60m▀[0m[38;2;116;94;65m[48;2;111;92;65m▀[0m[38;2;120;96;66m[48;2;114;95;67m▀[0m[38;2;122;98;68m[48;2;117;98;70m▀[0m[38;2;124;101;70m[48;2;119;100;71m▀[0m[38;2;125;102;70m[48;2;120;100;71m▀[0m[38;2;125;100;68m[48;2;121;98;68m▀[0m[38;2;126;99;66m[48;2;121;97;67m▀[0m[38;2;126;99;67m[48;2;121;97;66m▀[0m[38;2;125;98;66m[48;2;121;97;66m▀[0m[38;2;125;96;63m[48;2;120;95;64m▀[0m[38;2;124;94;61m[48;2;120;94;63m▀[0m[38;2;123;93;59m[48;2;119;95;64m▀[0m[38;2;121;91;58m[48;2;119;95;65m▀[0m[38;2;120;89;56m[48;2;117;92;62m▀[0m[38;2;119;88;55m[48;2;115;90;59m▀[0m[38;2;118;87;55m[48;2;114;88;58m▀[0m[38;2;117;88;57m[48;2;113;89;60m▀[0m[38;2;115;87;56m[48;2;112;89;61m▀[0m[38;2;113;85;55m[48;2;110;88;60m▀[0m[38;2;111;84;54m[48;2;108;86;59m▀[0m[38;2;109;82;53m[48;2;106;84;57m▀[0m[38;2;107;80;51m[48;2;104;82;55m▀[0m[38;2;105;79;50m[48;2;101;80;54m▀[0m[38;2;102;77;49m[48;2;99;79;53m▀[0m[38;2;99;74;47m[48;2;96;75;50m▀[0m[38;2;96;70;44m[48;2;93;72;48m▀[0m[38;2;94;67;42m[48;2;91;71;48m▀[0m[38;2;91;64;40m[48;2;87;67;45m▀[0m[38;2;88;62;38m[48;2;84;64;42m▀[0m[38;2;84;58;35m[48;2;80;59;38m▀[0m[38;2;81;54;33m[48;2;77;55;35m▀[0m[38;2;77;51;31m[48;2;73;52;32m▀[0m[38;2;74;48;29m[48;2;69;49;30m▀[0m[38;2;70;44;26m[48;2;66;46;28m▀[0m[38;2;66;42;25m[48;2;62;43;26m▀[0m[38;2;63;41;25m[48;2;58;41;25m▀[0m[38;2;59;40;25m[48;2;55;40;25m▀[0m[38;2;55;39;24m[48;2;51;38;25m▀[0m[38;2;51;36;23m[48;2;46;35;23m▀[0m[38;2;46;33;21m[48;2;42;32;21m▀[0m[38;2;42;30;19m[48;2;38;29;19m▀[0m[38;2;38;27;17m[48;2;38;29;18m▀[0m[38;2;37;27;17m[48;2;38;28;18m▀[0m[38;2;37;27;17m[48;2;38;28;18m▀[0m[38;2;38;28;18m[48;2;38;29;19m▀[0m[38;2;38;28;18m[48;2;38;30;20m▀[0m[38;2;38;28;17m[48;2;38;29;19m▀[0m[38;2;37;27;16m[48;2;38;29;18m▀[0m[38;2;37;27;16m[48;2;38;28;17m▀[0m[38;2;37;26;16m[48;2;37;27;16m▀[0m[38;2;37;26;15m[48;2;37;26;16m▀[0m[38;2;37;26;15m[48;2;37;26;15m▀[0m[38;2;37;25;14m[48;2;37;26;15m▀[0m[38;2;37;25;15m[48;2;37;26;16m▀[0m[38;2;37;26;15m▀[0m
    [38;2;86;72;52m▀[0m[38;2;97;81;58m[48;2;88;75;54m▀[0m[38;2;103;87;62m[48;2;95;81;58m▀[0m[38;2;108;92;66m[48;2;101;86;62m▀[0m[38;2;111;95;68m[48;2;104;89;65m▀[0m[38;2;113;96;69m[48;2;107;91;66m▀[0m[38;2;115;96;69m[48;2;109;93;67m▀[0m[38;2;116;96;68m[48;2;110;94;68m▀[0m[38;2;116;95;66m[48;2;111;94;68m▀[0m[38;2;116;94;65m[48;2;111;94;68m▀[0m[38;2;116;95;66m[48;2;111;94;67m▀[0m[38;2;116;94;65m[48;2;111;92;65m▀[0m[38;2;116;94;66m[48;2;111;92;66m▀[0m[38;2;116;96;68m[48;2;111;93;67m▀[0m[38;2;115;96;68m[48;2;110;92;66m▀[0m[38;2;113;93;65m[48;2;109;91;65m▀[0m[38;2;112;90;62m[48;2;107;89;63m▀[0m[38;2;110;88;60m[48;2;105;86;60m▀[0m[38;2;109;88;60m[48;2;104;86;61m▀[0m[38;2;107;87;60m[48;2;103;86;61m▀[0m[38;2;106;87;61m[48;2;101;85;61m▀[0m[38;2;104;86;61m[48;2;100;84;60m▀[0m[38;2;102;84;59m[48;2;97;81;57m▀[0m[38;2;99;81;56m[48;2;95;78;55m▀[0m[38;2;97;80;56m[48;2;93;78;55m▀[0m[38;2;95;77;54m[48;2;90;75;54m▀[0m[38;2;92;76;54m[48;2;88;74;53m▀[0m[38;2;90;74;52m[48;2;85;72;52m▀[0m[38;2;87;71;50m[48;2;82;70;50m▀[0m[38;2;84;68;48m[48;2;79;67;48m▀[0m[38;2;80;64;44m[48;2;76;64;46m▀[0m[38;2;77;61;41m[48;2;73;61;43m▀[0m[38;2;73;56;37m[48;2;69;57;40m▀[0m[38;2;69;53;35m[48;2;65;53;37m▀[0m[38;2;66;50;33m[48;2;61;50;35m▀[0m[38;2;62;47;31m[48;2;57;46;32m▀[0m[38;2;58;44;29m[48;2;53;43;29m▀[0m[38;2;54;41;27m[48;2;50;40;28m▀[0m[38;2;50;39;26m[48;2;46;37;26m▀[0m[38;2;46;36;24m[48;2;41;33;23m▀[0m[38;2;42;33;23m[48;2;39;32;23m▀[0m[38;2;39;31;22m[48;2;39;32;23m▀[0m[38;2;39;31;21m[48;2;39;32;22m▀[0m[38;2;38;30;20m[48;2;39;32;22m▀[0m[38;2;38;30;20m[48;2;39;31;22m▀[0m[38;2;38;29;19m[48;2;39;31;21m▀[0m[38;2;38;30;20m[48;2;39;31;22m▀[0m[38;2;39;31;21m[48;2;39;32;22m▀[0m[38;2;39;31;21m[48;2;39;32;22m▀[0m[38;2;38;30;20m[48;2;39;31;22m▀[0m[38;2;38;29;19m[48;2;39;31;21m▀[0m[38;2;38;28;18m[48;2;38;30;20m▀[0m[38;2;37;27;17m[48;2;38;29;19m▀[0m[38;2;37;27;16m[48;2;38;29;18m▀[0m[38;2;37;27;17m[48;2;38;29;19m▀[0m[38;2;38;28;18m▀[0m
     [38;2;74;64;47m▀[0m[38;2;86;74;53m[48;2;75;66;49m▀[0m[38;2;93;80;58m[48;2;84;73;54m▀[0m[38;2;97;83;61m[48;2;89;78;58m▀[0m[38;2;100;86;63m[48;2;93;81;60m▀[0m[38;2;102;88;64m[48;2;95;83;61m▀[0m[38;2;104;90;66m[48;2;97;85;63m▀[0m[38;2;105;92;67m[48;2;99;86;64m▀[0m[38;2;106;92;67m[48;2;99;87;64m▀[0m[38;2;106;91;67m[48;2;100;86;63m▀[0m[38;2;106;90;65m[48;2;100;86;63m▀[0m[38;2;105;90;65m[48;2;100;86;63m▀[0m[38;2;105;89;64m[48;2;99;84;61m▀[0m[38;2;104;89;64m[48;2;99;85;62m▀[0m[38;2;103;88;64m[48;2;98;84;62m▀[0m[38;2;102;87;62m[48;2;97;84;61m▀[0m[38;2;101;85;61m[48;2;96;83;61m▀[0m[38;2;100;85;61m[48;2;95;83;61m▀[0m[38;2;98;84;61m[48;2;93;82;61m▀[0m[38;2;97;83;61m[48;2;91;80;60m▀[0m[38;2;95;81;59m[48;2;89;78;58m▀[0m[38;2;92;78;56m[48;2;87;76;56m▀[0m[38;2;90;75;54m[48;2;85;73;53m▀[0m[38;2;88;75;54m[48;2;82;71;52m▀[0m[38;2;85;73;52m[48;2;80;69;50m▀[0m[38;2;83;71;52m[48;2;77;67;49m▀[0m[38;2;80;69;51m[48;2;75;65;48m▀[0m[38;2;77;67;49m[48;2;72;63;47m▀[0m[38;2;74;65;47m[48;2;69;61;45m▀[0m[38;2;71;62;45m[48;2;66;58;43m▀[0m[38;2;68;59;43m[48;2;62;55;41m▀[0m[38;2;64;55;40m[48;2;59;51;38m▀[0m[38;2;60;51;37m[48;2;55;48;35m▀[0m[38;2;57;48;34m[48;2;51;44;32m▀[0m[38;2;53;44;32m[48;2;47;41;30m▀[0m[38;2;49;41;29m[48;2;43;38;28m▀[0m[38;2;45;38;27m[48;2;40;35;25m▀[0m[38;2;40;34;25m[48;2;40;35;26m▀[0m[38;2;39;33;24m[48;2;40;34;25m▀[0m[38;2;39;33;24m[48;2;40;34;25m▀[0m[38;2;39;33;24m[48;2;40;34;25m▀[0m[38;2;39;33;24m[48;2;40;34;25m▀[0m[38;2;39;33;23m[48;2;40;34;25m▀[0m[38;2;39;33;23m[48;2;39;34;24m▀[0m[38;2;39;32;23m[48;2;39;33;23m▀[0m[38;2;39;33;23m[48;2;39;33;23m▀[0m[38;2;39;32;23m[48;2;39;32;23m▀[0m[38;2;39;32;22m[48;2;39;32;23m▀[0m[38;2;39;32;23m[48;2;39;32;23m▀[0m[38;2;39;32;23m[48;2;39;33;23m▀[0m[38;2;39;32;22m[48;2;39;32;23m▀[0m[38;2;39;31;21m[48;2;39;33;23m▀[0m[38;2;38;30;20m[48;2;39;33;23m▀[0m[38;2;39;31;21m▀[0m
       [38;2;72;64;48m[48;2;56;49;37m▀[0m[38;2;80;71;53m[48;2;68;61;45m▀[0m[38;2;84;74;55m[48;2;75;66;50m▀[0m[38;2;88;77;57m[48;2;79;70;52m▀[0m[38;2;90;79;59m[48;2;82;72;54m▀[0m[38;2;92;81;60m[48;2;84;74;55m▀[0m[38;2;93;81;60m[48;2;85;75;56m▀[0m[38;2;93;82;61m[48;2;86;76;57m▀[0m[38;2;94;82;61m[48;2;87;77;57m▀[0m[38;2;93;81;60m[48;2;87;76;57m▀[0m[38;2;93;80;59m[48;2;86;76;56m▀[0m[38;2;92;80;59m[48;2;86;76;56m▀[0m[38;2;92;80;59m[48;2;85;75;56m▀[0m[38;2;91;80;59m[48;2;85;75;56m▀[0m[38;2;90;79;59m[48;2;84;74;56m▀[0m[38;2;89;79;59m[48;2;82;73;55m▀[0m[38;2;87;77;58m[48;2;81;72;54m▀[0m[38;2;86;76;57m[48;2;79;70;52m▀[0m[38;2;84;74;55m[48;2;77;69;51m▀[0m[38;2;81;71;53m[48;2;75;67;50m▀[0m[38;2;79;69;51m[48;2;73;64;48m▀[0m[38;2;76;66;48m[48;2;70;62;46m▀[0m[38;2;74;64;47m[48;2;68;59;43m▀[0m[38;2;71;62;46m[48;2;65;57;42m▀[0m[38;2;69;60;45m[48;2;63;55;41m▀[0m[38;2;66;58;43m[48;2;60;53;40m▀[0m[38;2;63;56;42m[48;2;57;50;38m▀[0m[38;2;60;53;40m[48;2;54;47;35m▀[0m[38;2;56;50;37m[48;2;50;45;33m▀[0m[38;2;53;47;35m[48;2;47;41;31m▀[0m[38;2;49;43;32m[48;2;43;38;28m▀[0m[38;2;45;40;30m[48;2;40;35;26m▀[0m[38;2;41;37;27m[48;2;40;35;26m▀[0m[38;2;40;35;26m[48;2;40;35;26m▀[0m[38;2;40;35;26m[48;2;40;35;26m▀[0m[38;2;40;35;26m[48;2;40;35;26m▀[0m[38;2;40;35;26m[48;2;40;35;26m▀[0m[38;2;40;35;26m[48;2;40;35;26m▀[0m[38;2;40;35;26m[48;2;40;35;26m▀[0m[38;2;40;35;26m[48;2;40;35;26m▀[0m[38;2;40;35;26m[48;2;40;35;26m▀[0m[38;2;40;34;25m[48;2;40;35;26m▀[0m[38;2;39;34;25m[48;2;40;35;26m▀[0m[38;2;39;33;24m[48;2;39;34;24m▀[0m[38;2;39;32;23m[48;2;39;33;23m▀[0m[38;2;39;32;22m[48;2;39;33;23m▀[0m[38;2;39;33;23m[48;2;39;33;24m▀[0m[38;2;39;33;24m[48;2;40;34;25m▀[0m[38;2;40;34;25m[48;2;40;35;26m▀[0m[38;2;40;34;25m[48;2;40;35;26m▀[0m
        [38;2;53;47;35m▀[0m[38;2;63;56;42m[48;2;48;43;32m▀[0m[38;2;69;61;46m[48;2;57;51;38m▀[0m[38;2;73;64;48m[48;2;63;56;42m▀[0m[38;2;75;67;50m[48;2;66;59;44m▀[0m[38;2;77;69;51m[48;2;68;61;45m▀[0m[38;2;78;70;52m[48;2;70;62;47m▀[0m[38;2;79;70;53m[48;2;71;63;47m▀[0m[38;2;80;71;53m[48;2;72;64;48m▀[0m[38;2;80;70;53m[48;2;72;64;48m▀[0m[38;2;79;70;52m[48;2;72;64;47m▀[0m[38;2;79;70;52m[48;2;71;63;47m▀[0m[38;2;78;69;52m[48;2;70;62;46m▀[0m[38;2;77;68;51m[48;2;69;60;44m▀[0m[38;2;75;66;49m[48;2;68;58;43m▀[0m[38;2;74;65;48m[48;2;66;57;42m▀[0m[38;2;72;64;47m[48;2;65;57;42m▀[0m[38;2;71;63;47m[48;2;63;56;41m▀[0m[38;2;69;61;46m[48;2;62;54;40m▀[0m[38;2;66;59;44m[48;2;60;53;39m▀[0m[38;2;64;57;42m[48;2;57;51;38m▀[0m[38;2;62;54;41m[48;2;55;49;36m▀[0m[38;2;59;52;39m[48;2;52;46;35m▀[0m[38;2;56;50;37m[48;2;49;44;33m▀[0m[38;2;53;47;35m[48;2;46;41;30m▀[0m[38;2;50;44;33m[48;2;43;38;28m▀[0m[38;2;47;41;31m[48;2;40;35;26m▀[0m[38;2;44;38;28m[48;2;40;35;26m▀[0m[38;2;40;35;26m[48;2;40;35;26m▀[0m[38;2;40;35;26m[48;2;40;35;26m▀[0m[38;2;40;35;26m[48;2;40;35;26m▀[0m[38;2;40;35;26m[48;2;40;35;26m▀[0m[38;2;40;35;26m[48;2;40;35;25m▀[0m[38;2;40;35;26m[48;2;40;35;26m▀[0m[38;2;40;35;26m[48;2;40;35;26m▀[0m[38;2;40;35;26m[48;2;40;35;26m▀[0m[38;2;40;35;26m[48;2;40;35;26m▀[0m[38;2;40;35;26m[48;2;40;35;26m▀[0m[38;2;40;35;26m[48;2;40;35;26m▀[0m[38;2;40;35;26m[48;2;40;35;26m▀[0m[38;2;40;35;26m[48;2;40;35;26m▀[0m[38;2;40;35;26m[48;2;40;35;26m▀[0m[38;2;40;35;26m[48;2;40;35;26m▀[0m[38;2;40;34;25m[48;2;40;35;26m▀[0m[38;2;40;34;25m[48;2;40;35;26m▀[0m[38;2;40;35;25m[48;2;40;35;26m▀[0m[38;2;40;35;26m[48;2;40;35;26m▀[0m[38;2;40;35;26m▀[0m
          [38;2;42;37;28m▀[0m[38;2;50;45;33m[48;2;40;35;26m▀[0m[38;2;55;49;36m[48;2;42;37;27m▀[0m[38;2;58;51;38m[48;2;47;41;30m▀[0m[38;2;61;53;40m[48;2;50;43;32m▀[0m[38;2;62;55;41m[48;2;52;45;33m▀[0m[38;2;63;55;41m[48;2;53;46;33m▀[0m[38;2;63;55;41m[48;2;54;45;33m▀[0m[38;2;63;55;40m[48;2;54;45;32m▀[0m[38;2;63;54;39m[48;2;54;45;32m▀[0m[38;2;62;53;38m[48;2;53;44;30m▀[0m[38;2;61;51;36m[48;2;52;41;28m▀[0m[38;2;60;50;36m[48;2;51;41;28m▀[0m[38;2;59;49;35m[48;2;50;41;28m▀[0m[38;2;57;49;35m[48;2;49;41;28m▀[0m[38;2;56;48;35m[48;2;48;40;28m▀[0m[38;2;54;47;34m[48;2;46;38;27m▀[0m[38;2;52;45;33m[48;2;44;37;26m▀[0m[38;2;50;44;32m[48;2;42;35;25m▀[0m[38;2;48;42;31m[48;2;40;34;24m▀[0m[38;2;45;39;29m[48;2;39;34;24m▀[0m[38;2;42;37;27m[48;2;39;34;24m▀[0m[38;2;40;34;25m[48;2;39;34;24m▀[0m[38;2;40;34;25m[48;2;39;34;24m▀[0m[38;2;40;34;25m[48;2;39;33;24m▀[0m[38;2;40;34;25m[48;2;39;34;24m▀[0m[38;2;40;34;25m[48;2;39;34;24m▀[0m[38;2;40;34;25m[48;2;39;33;24m▀[0m[38;2;40;34;25m[48;2;39;33;23m▀[0m[38;2;39;34;24m[48;2;39;33;23m▀[0m[38;2;39;34;24m[48;2;39;33;23m▀[0m[38;2;40;34;25m[48;2;39;33;23m▀[0m[38;2;40;34;25m[48;2;39;33;23m▀[0m[38;2;40;34;25m[48;2;39;33;24m▀[0m[38;2;40;34;25m[48;2;39;33;24m▀[0m[38;2;40;35;25m[48;2;39;33;24m▀[0m[38;2;40;35;25m[48;2;40;34;25m▀[0m[38;2;40;35;26m[48;2;40;34;25m▀[0m[38;2;40;35;25m[48;2;40;34;25m▀[0m[38;2;40;35;26m[48;2;40;34;25m▀[0m[38;2;40;35;26m[48;2;40;34;25m▀[0m[38;2;40;35;26m[48;2;40;34;25m▀[0m[38;2;40;35;26m[48;2;40;34;25m▀[0m[38;2;40;35;26m▀[0m
            [38;2;40;34;25m▀[0m[38;2;39;34;24m▀[0m[38;2;39;33;24m[48;2;39;32;22m▀[0m[38;2;41;34;24m[48;2;39;31;21m▀[0m[38;2;43;35;25m[48;2;38;30;20m▀[0m[38;2;44;35;24m[48;2;38;29;18m▀[0m[38;2;44;35;24m[48;2;38;28;17m▀[0m[38;2;44;35;23m[48;2;37;27;17m▀[0m[38;2;44;34;22m[48;2;37;27;16m▀[0m[38;2;43;33;21m[48;2;37;27;16m▀[0m[38;2;43;33;22m[48;2;38;28;17m▀[0m[38;2;42;33;22m[48;2;38;28;18m▀[0m[38;2;41;33;22m[48;2;38;29;19m▀[0m[38;2;39;31;21m[48;2;38;29;18m▀[0m[38;2;39;31;21m[48;2;38;28;18m▀[0m[38;2;38;31;21m[48;2;38;28;18m▀[0m[38;2;39;31;21m[48;2;38;29;18m▀[0m[38;2;39;32;22m[48;2;38;29;19m▀[0m[38;2;39;32;22m[48;2;38;30;20m▀[0m[38;2;39;32;23m[48;2;39;31;21m▀[0m[38;2;39;32;23m[48;2;39;31;21m▀[0m[38;2;39;32;23m[48;2;39;31;21m▀[0m[38;2;39;32;23m[48;2;39;31;22m▀[0m[38;2;39;33;23m[48;2;39;31;21m▀[0m[38;2;39;32;23m[48;2;39;31;21m▀[0m[38;2;39;32;22m[48;2;39;31;21m▀[0m[38;2;39;32;22m[48;2;38;30;20m▀[0m[38;2;39;32;22m[48;2;38;30;20m▀[0m[38;2;39;31;22m[48;2;38;30;20m▀[0m[38;2;39;31;21m[48;2;38;29;19m▀[0m[38;2;39;31;21m[48;2;38;29;18m▀[0m[38;2;39;31;21m[48;2;38;29;19m▀[0m[38;2;39;31;22m[48;2;38;30;20m▀[0m[38;2;39;32;22m[48;2;38;30;20m▀[0m[38;2;39;33;23m[48;2;39;31;21m▀[0m[38;2;39;33;24m[48;2;39;32;22m▀[0m[38;2;39;33;24m[48;2;39;32;22m▀[0m[38;2;39;33;23m[48;2;39;31;21m▀[0m[38;2;39;33;23m▀[0m[38;2;39;33;23m▀[0m
               [38;2;38;29;19m▀[0m[38;2;38;28;18m▀[0m[38;2;37;27;17m[48;2;37;26;15m▀[0m[38;2;37;26;15m[48;2;37;24;13m▀[0m[38;2;37;26;15m[48;2;37;24;13m▀[0m[38;2;37;25;14m[48;2;36;24;13m▀[0m[38;2;37;25;14m[48;2;36;24;13m▀[0m[38;2;37;25;15m[48;2;36;24;12m▀[0m[38;2;37;26;15m[48;2;36;24;13m▀[0m[38;2;37;26;16m[48;2;36;24;13m▀[0m[38;2;37;26;15m[48;2;37;24;13m▀[0m[38;2;37;27;16m[48;2;37;25;14m▀[0m[38;2;37;26;16m[48;2;37;25;14m▀[0m[38;2;37;26;16m[48;2;37;26;15m▀[0m[38;2;38;28;17m[48;2;37;26;15m▀[0m[38;2;38;28;18m[48;2;37;26;15m▀[0m[38;2;38;29;18m[48;2;37;26;16m▀[0m[38;2;38;28;18m[48;2;37;27;16m▀[0m[38;2;38;29;19m[48;2;37;27;16m▀[0m[38;2;38;30;20m[48;2;38;28;17m▀[0m[38;2;38;29;19m[48;2;38;28;17m▀[0m[38;2;38;29;19m[48;2;38;28;17m▀[0m[38;2;38;29;19m[48;2;37;27;17m▀[0m[38;2;38;29;18m[48;2;37;27;16m▀[0m[38;2;38;28;18m[48;2;37;26;15m▀[0m[38;2;37;27;17m[48;2;37;25;14m▀[0m[38;2;37;27;16m[48;2;37;25;14m▀[0m[38;2;37;27;16m[48;2;37;25;14m▀[0m[38;2;38;28;17m[48;2;37;26;15m▀[0m[38;2;38;28;18m[48;2;37;26;16m▀[0m[38;2;38;29;18m[48;2;37;27;16m▀[0m[38;2;38;29;19m[48;2;37;27;16m▀[0m[38;2;38;30;20m▀[0m[38;2;38;30;20m▀[0m
                   [38;2;36;23;12m▀[0m[38;2;36;24;12m▀[0m[38;2;36;23;12m[48;2;36;22;10m▀[0m[38;2;36;22;11m[48;2;36;22;10m▀[0m[38;2;36;22;11m[48;2;36;22;10m▀[0m[38;2;36;22;11m[48;2;36;22;10m▀[0m[38;2;36;23;12m[48;2;36;22;10m▀[0m[38;2;36;24;12m[48;2;36;23;11m▀[0m[38;2;37;24;13m[48;2;36;23;11m▀[0m[38;2;37;24;13m[48;2;36;23;12m▀[0m[38;2;36;24;13m[48;2;36;23;11m▀[0m[38;2;36;24;13m[48;2;36;23;11m▀[0m[38;2;37;25;13m[48;2;36;23;12m▀[0m[38;2;36;24;13m[48;2;36;23;12m▀[0m[38;2;37;25;14m[48;2;36;23;12m▀[0m[38;2;37;26;15m[48;2;36;24;12m▀[0m[38;2;37;26;15m[48;2;36;24;12m▀[0m[38;2;37;26;15m[48;2;36;24;13m▀[0m[38;2;37;26;15m[48;2;36;24;12m▀[0m[38;2;37;24;13m[48;2;36;23;12m▀[0m[38;2;36;24;13m[48;2;36;23;11m▀[0m[38;2;36;23;12m[48;2;36;23;12m▀[0m[38;2;36;23;12m[48;2;36;23;11m▀[0m[38;2;36;23;12m[48;2;36;23;11m▀[0m[38;2;36;24;13m▀[0m[38;2;36;24;13m▀[0m
                        [38;2;36;21;10m▀[0m[38;2;36;21;10m▀[0m[38;2;36;22;10m▀[0m[38;2;36;22;10m▀[0m[38;2;36;22;10m▀[0m[38;2;36;22;10m▀[0m[38;2;36;22;10m▀[0m[38;2;36;22;10m▀[0m[38;2;36;22;10m▀[0m[38;2;36;22;10m▀[0m[38;2;36;22;11m▀[0m[38;2;36;22;11m▀[0m[38;2;36;23;11m▀[0m[38;2;36;23;11m▀[0m[38;2;36;22;11m▀[0m[38;2;36;22;11m▀[0m
