              [38;2;180;143;97m▄[0m[38;2;185;151;105m▄[0m[38;2;187;154;108m▄[0m[38;2;186;155;110m▄[0m[38;2;184;154;110m▄[0m[38;2;182;157;114m▄[0m[38;2;176;150;108m▄[0m[38;2;171;147;107m▄[0m[38;2;164;140;101m▄[0m[38;2;156;132;95m▄[0m[38;2;147;125;91m▄[0m[38;2;133;113;81m▄[0m
          [38;2;184;117;59m▄[0m[38;2;172;118;67m[48;2;189;122;63m▀[0m[38;2;186;133;80m[48;2;194;130;72m▀[0m[38;2;190;137;84m[48;2;197;139;82m▀[0m[38;2;193;145;92m[48;2;197;142;86m▀[0m[38;2;195;152;101m[48;2;196;142;87m▀[0m[38;2;192;146;94m[48;2;194;141;86m▀[0m[38;2;192;151;101m[48;2;192;142;88m▀[0m[38;2;190;152;104m[48;2;190;144;92m▀[0m[38;2;187;153;107m[48;2;187;142;92m▀[0m[38;2;182;149;104m[48;2;181;134;84m▀[0m[38;2;175;138;92m[48;2;175;128;80m▀[0m[38;2;170;136;93m[48;2;171;127;80m▀[0m[38;2;164;134;94m[48;2;166;127;83m▀[0m[38;2;157;130;92m[48;2;161;127;85m▀[0m[38;2;147;119;82m[48;2;152;118;78m▀[0m[38;2;135;103;67m[48;2;140;100;60m▀[0m[38;2;123;96;64m[48;2;130;92;54m▀[0m[38;2;102;80;53m[48;2;119;83;48m▀[0m[38;2;104;71;40m▄[0m
       [38;2;181;109;50m▄[0m[38;2;178;108;51m[48;2;190;114;52m▀[0m[38;2;187;114;53m[48;2;194;116;53m▀[0m[38;2;192;117;55m[48;2;196;117;54m▀[0m[38;2;194;120;58m[48;2;197;119;55m▀[0m[38;2;196;125;64m[48;2;197;121;57m▀[0m[38;2;198;131;71m[48;2;198;124;62m▀[0m[38;2;198;135;76m[48;2;198;128;67m▀[0m[38;2;196;133;74m[48;2;196;128;68m▀[0m[38;2;194;132;75m[48;2;194;128;69m▀[0m[38;2;193;136;80m[48;2;190;125;67m▀[0m[38;2;190;135;81m[48;2;188;125;69m▀[0m[38;2;186;132;79m[48;2;183;119;63m▀[0m[38;2;181;127;75m[48;2;179;116;61m▀[0m[38;2;174;118;66m[48;2;173;109;55m▀[0m[38;2;169;114;64m[48;2;167;106;53m▀[0m[38;2;164;113;64m[48;2;163;104;54m▀[0m[38;2;160;116;71m[48;2;157;104;56m▀[0m[38;2;152;109;66m[48;2;151;100;54m▀[0m[38;2;141;92;49m[48;2;143;91;46m▀[0m[38;2;132;85;44m[48;2;134;82;39m▀[0m[38;2;123;78;39m[48;2;125;75;34m▀[0m[38;2;112;70;35m[48;2;116;70;32m▀[0m[38;2;100;63;32m[48;2;105;64;30m▀[0m[38;2;82;54;29m[48;2;93;58;28m▀[0m[38;2;77;48;24m▄[0m
     [38;2;181;112;55m▄[0m[38;2;182;111;53m[48;2;192;122;61m▀[0m[38;2;192;119;58m[48;2;198;129;68m▀[0m[38;2;196;121;59m[48;2;201;131;69m▀[0m[38;2;198;120;56m[48;2;201;126;63m▀[0m[38;2;199;120;56m[48;2;201;124;60m▀[0m[38;2;198;119;54m[48;2;200;123;59m▀[0m[38;2;198;119;55m[48;2;198;119;55m▀[0m[38;2;198;122;58m[48;2;197;118;54m▀[0m[38;2;196;122;59m[48;2;195;117;54m▀[0m[38;2;194;121;59m[48;2;192;115;53m▀[0m[38;2;192;119;58m[48;2;190;114;52m▀[0m[38;2;189;119;60m[48;2;187;112;52m▀[0m[38;2;185;115;57m[48;2;183;110;50m▀[0m[38;2;181;112;54m[48;2;179;107;49m▀[0m[38;2;176;108;52m[48;2;175;105;48m▀[0m[38;2;171;103;47m[48;2;171;104;48m▀[0m[38;2;166;100;46m[48;2;166;101;47m▀[0m[38;2;161;97;45m[48;2;160;96;44m▀[0m[38;2;156;96;46m[48;2;154;92;42m▀[0m[38;2;150;93;46m[48;2;148;89;41m▀[0m[38;2;142;87;42m[48;2;142;85;39m▀[0m[38;2;135;81;37m[48;2;135;81;37m▀[0m[38;2;127;76;35m[48;2;128;78;37m▀[0m[38;2;118;71;32m[48;2;120;74;35m▀[0m[38;2;109;65;29m[48;2;111;67;32m▀[0m[38;2;98;59;27m[48;2;101;61;28m▀[0m[38;2;85;51;24m[48;2;89;54;25m▀[0m[38;2;68;41;19m[48;2;76;45;21m▀[0m[38;2;57;34;15m▄[0m
    [38;2;176;110;55m[48;2;187;123;67m▀[0m[38;2;190;121;62m[48;2;196;131;72m▀[0m[38;2;197;129;69m[48;2;200;135;75m▀[0m[38;2;201;134;73m[48;2;204;139;79m▀[0m[38;2;203;134;72m[48;2;206;143;82m▀[0m[38;2;204;135;73m[48;2;208;150;90m▀[0m[38;2;204;135;72m[48;2;208;150;90m▀[0m[38;2;203;132;70m[48;2;207;146;87m▀[0m[38;2;201;127;65m[48;2;206;148;89m▀[0m[38;2;198;123;60m[48;2;203;141;82m▀[0m[38;2;195;119;57m[48;2;198;131;71m▀[0m[38;2;192;117;56m[48;2;194;124;64m▀[0m[38;2;190;116;55m[48;2;192;126;68m▀[0m[38;2;186;114;54m[48;2;188;123;66m▀[0m[38;2;183;111;52m[48;2;184;119;63m▀[0m[38;2;179;111;54m[48;2;181;120;65m▀[0m[38;2;175;109;53m[48;2;177;118;64m▀[0m[38;2;172;109;56m[48;2;173;118;67m▀[0m[38;2;167;107;55m[48;2;168;113;63m▀[0m[38;2;161;101;50m[48;2;162;109;60m▀[0m[38;2;155;95;45m[48;2;156;102;55m▀[0m[38;2;148;90;42m[48;2;150;101;55m▀[0m[38;2;142;88;42m[48;2;145;99;56m▀[0m[38;2;136;86;43m[48;2;138;95;55m▀[0m[38;2;129;83;43m[48;2;131;91;53m▀[0m[38;2;121;78;40m[48;2;123;85;49m▀[0m[38;2;113;73;38m[48;2;115;81;48m▀[0m[38;2;103;66;34m[48;2;106;74;44m▀[0m[38;2;92;59;30m[48;2;95;66;38m▀[0m[38;2;80;49;24m[48;2;83;54;29m▀[0m[38;2;65;40;19m[48;2;69;45;23m▀[0m[38;2;43;26;12m[48;2;53;33;17m▀[0m
  [38;2;168;122;75m▄[0m[38;2;180;121;66m[48;2;187;133;79m▀[0m[38;2;193;133;76m[48;2;195;138;82m▀[0m[38;2;199;138;80m[48;2;201;146;89m▀[0m[38;2;203;142;84m[48;2;204;149;92m▀[0m[38;2;205;145;86m[48;2;205;148;91m▀[0m[38;2;208;150;92m[48;2;207;153;96m▀[0m[38;2;211;159;102m[48;2;210;163;107m▀[0m[38;2;210;157;100m[48;2;210;163;108m▀[0m[38;2;209;157;100m[48;2;210;165;111m▀[0m[38;2;210;163;108m[48;2;212;175;124m▀[0m[38;2;208;164;110m[48;2;212;180;130m▀[0m[38;2;202;150;94m[48;2;206;168;117m▀[0m[38;2;197;141;84m[48;2;201;159;108m▀[0m[38;2;195;141;86m[48;2;197;154;102m▀[0m[38;2;192;140;86m[48;2;193;151;101m▀[0m[38;2;186;132;78m[48;2;187;141;91m▀[0m[38;2;182;128;75m[48;2;182;135;85m▀[0m[38;2;178;125;74m[48;2;179;134;86m▀[0m[38;2;175;129;80m[48;2;175;135;89m▀[0m[38;2;168;120;72m[48;2;170;130;85m▀[0m[38;2;164;119;73m[48;2;165;129;86m▀[0m[38;2;158;115;71m[48;2;161;128;87m▀[0m[38;2;153;114;72m[48;2;155;126;87m▀[0m[38;2;147;112;72m[48;2;148;119;81m▀[0m[38;2;140;105;66m[48;2;141;113;77m▀[0m[38;2;133;99;63m[48;2;134;108;75m▀[0m[38;2;124;93;59m[48;2;125;101;69m▀[0m[38;2;116;87;55m[48;2;116;92;62m▀[0m[38;2;107;80;51m[48;2;108;86;59m▀[0m[38;2;97;74;48m[48;2;98;79;54m▀[0m[38;2;85;60;36m[48;2;87;69;47m▀[0m[38;2;72;50;28m[48;2;74;57;37m▀[0m[38;2;57;39;22m[48;2;60;45;28m▀[0m[38;2;37;25;13m[48;2;42;31;19m▀[0m[38;2;37;27;17m▄[0m
  [38;2;182;141;93m[48;2;188;156;110m▀[0m[38;2;195;154;104m[48;2;198;166;118m▀[0m[38;2;200;153;100m[48;2;204;170;121m▀[0m[38;2;204;157;102m[48;2;207;170;119m▀[0m[38;2;204;153;97m[48;2;205;161;107m▀[0m[38;2;206;154;98m[48;2;204;154;98m▀[0m[38;2;208;161;106m[48;2;207;164;111m▀[0m[38;2;211;169;116m[48;2;211;178;128m▀[0m[38;2;213;177;125m[48;2;213;187;138m▀[0m[38;2;213;181;131m[48;2;213;189;141m▀[0m[38;2;213;184;136m[48;2;211;188;140m▀[0m[38;2;212;187;139m[48;2;209;186;139m▀[0m[38;2;207;177;129m[48;2;206;182;135m▀[0m[38;2;202;170;122m[48;2;202;178;132m▀[0m[38;2;199;168;120m[48;2;199;175;130m▀[0m[38;2;194;161;113m[48;2;195;170;126m▀[0m[38;2;190;158;111m[48;2;190;166;122m▀[0m[38;2;184;147;100m[48;2;185;157;113m▀[0m[38;2;181;148;103m[48;2;180;153;110m▀[0m[38;2;176;143;99m[48;2;175;151;110m▀[0m[38;2;170;139;96m[48;2;170;147;108m▀[0m[38;2;166;139;99m[48;2;166;145;108m▀[0m[38;2;162;139;101m[48;2;160;142;106m▀[0m[38;2;156;134;98m[48;2;154;137;102m▀[0m[38;2;149;127;93m[48;2;147;130;97m▀[0m[38;2;142;122;89m[48;2;140;123;92m▀[0m[38;2;133;113;81m[48;2;131;114;84m▀[0m[38;2;125;105;75m[48;2;124;108;79m▀[0m[38;2;116;98;70m[48;2;115;101;75m▀[0m[38;2;107;91;65m[48;2;106;92;67m▀[0m[38;2;97;82;58m[48;2;96;82;59m▀[0m[38;2;86;71;50m[48;2;85;71;51m▀[0m[38;2;74;59;40m[48;2;73;61;44m▀[0m[38;2;61;48;33m[48;2;60;51;36m▀[0m[38;2;45;35;24m[48;2;45;38;27m▀[0m[38;2;38;30;20m[48;2;39;33;24m▀[0m
 [38;2;174;153;113m[48;2;178;158;118m▀[0m[38;2;192;167;123m[48;2;191;169;127m▀[0m[38;2;200;175;130m[48;2;199;176;131m▀[0m[38;2;205;178;131m[48;2;203;180;135m▀[0m[38;2;207;179;131m[48;2;206;182;136m▀[0m[38;2;207;174;124m[48;2;207;182;135m▀[0m[38;2;205;166;114m[48;2;207;179;131m▀[0m[38;2;208;174;124m[48;2;208;182;135m▀[0m[38;2;211;184;135m[48;2;208;185;138m▀[0m[38;2;211;187;140m[48;2;207;184;138m▀[0m[38;2;210;186;139m[48;2;205;182;136m▀[0m[38;2;208;184;138m[48;2;203;179;134m▀[0m[38;2;205;182;136m[48;2;201;177;131m▀[0m[38;2;202;180;134m[48;2;199;176;132m▀[0m[38;2;199;176;131m[48;2;195;174;130m▀[0m[38;2;195;172;128m[48;2;192;170;127m▀[0m[38;2;191;168;125m[48;2;188;166;124m▀[0m[38;2;187;164;121m[48;2;184;163;122m▀[0m[38;2;182;159;117m[48;2;179;159;119m▀[0m[38;2;178;155;114m[48;2;175;155;116m▀[0m[38;2;173;152;113m[48;2;170;151;113m▀[0m[38;2;168;148;110m[48;2;164;146;109m▀[0m[38;2;163;144;108m[48;2;159;140;105m▀[0m[38;2;157;139;104m[48;2;152;135;101m▀[0m[38;2;150;133;100m[48;2;146;129;96m▀[0m[38;2;144;128;95m[48;2;139;123;92m▀[0m[38;2;137;121;91m[48;2;132;117;87m▀[0m[38;2;129;115;86m[48;2;125;111;83m▀[0m[38;2;121;107;80m[48;2;117;104;78m▀[0m[38;2;112;100;74m[48;2;109;97;72m▀[0m[38;2;103;92;68m[48;2;100;89;66m▀[0m[38;2;94;82;61m[48;2;90;80;60m▀[0m[38;2;83;73;54m[48;2;80;71;53m▀[0m[38;2;72;63;47m[48;2;69;61;46m▀[0m[38;2;59;52;39m[48;2;56;50;37m▀[0m[38;2;45;39;29m[48;2;42;38;28m▀[0m[38;2;40;35;26m[48;2;40;35;26m▀[0m[38;2;40;35;26m[48;2;40;35;26m▀[0m
 [38;2;177;157;117m[48;2;174;152;112m▀[0m[38;2;189;168;126m[48;2;184;160;117m▀[0m[38;2;195;173;129m[48;2;190;166;122m▀[0m[38;2;200;177;132m[48;2;194;169;124m▀[0m[38;2;203;180;135m[48;2;196;170;125m▀[0m[38;2;204;181;136m[48;2;198;172;126m▀[0m[38;2;205;182;136m[48;2;199;174;128m▀[0m[38;2;205;182;136m[48;2;198;170;124m▀[0m[38;2;203;179;133m[48;2;196;166;119m▀[0m[38;2;202;176;129m[48;2;194;163;116m▀[0m[38;2;200;173;127m[48;2;193;163;117m▀[0m[38;2;198;173;128m[48;2;192;164;118m▀[0m[38;2;196;172;128m[48;2;190;165;121m▀[0m[38;2;194;171;128m[48;2;189;166;123m▀[0m[38;2;191;170;127m[48;2;186;164;122m▀[0m[38;2;187;166;124m[48;2;182;159;118m▀[0m[38;2;184;163;122m[48;2;177;154;113m▀[0m[38;2;179;159;119m[48;2;173;150;111m▀[0m[38;2;175;155;115m[48;2;169;147;108m▀[0m[38;2;170;150;112m[48;2;162;137;98m▀[0m[38;2;164;143;106m[48;2;156;130;91m▀[0m[38;2;158;137;101m[48;2;151;124;86m▀[0m[38;2;153;132;97m[48;2;146;122;87m▀[0m[38;2;148;129;96m[48;2;141;120;87m▀[0m[38;2;141;122;90m[48;2;135;115;84m▀[0m[38;2;134;116;86m[48;2;128;109;78m▀[0m[38;2;128;112;83m[48;2;122;106;78m▀[0m[38;2;120;106;79m[48;2;115;101;75m▀[0m[38;2;113;99;74m[48;2;108;94;70m▀[0m[38;2;104;93;69m[48;2;99;87;64m▀[0m[38;2;96;85;63m[48;2;91;80;59m▀[0m[38;2;86;76;57m[48;2;81;72;53m▀[0m[38;2;76;67;50m[48;2;71;62;46m▀[0m[38;2;65;57;43m[48;2;60;53;39m▀[0m[38;2;53;47;35m[48;2;49;43;32m▀[0m[38;2;40;35;26m[48;2;40;35;26m▀[0m[38;2;40;35;26m[48;2;40;35;26m▀[0m[38;2;40;35;26m[48;2;40;35;26m▀[0m
 [38;2;169;144;104m[48;2;163;135;96m▀[0m[38;2;178;149;107m[48;2;171;139;96m▀[0m[38;2;182;150;106m[48;2;174;135;90m▀[0m[38;2;185;151;105m[48;2;176;133;85m▀[0m[38;2;187;152;105m[48;2;179;137;90m▀[0m[38;2;188;152;104m[48;2;179;136;88m▀[0m[38;2;189;154;107m[48;2;180;137;89m▀[0m[38;2;190;155;108m[48;2;180;138;90m▀[0m[38;2;188;152;105m[48;2;181;141;93m▀[0m[38;2;187;150;103m[48;2;180;141;94m▀[0m[38;2;185;149;102m[48;2;178;139;93m▀[0m[38;2;186;156;111m[48;2;180;149;105m▀[0m[38;2;186;161;118m[48;2;180;157;115m▀[0m[38;2;182;158;115m[48;2;177;152;111m▀[0m[38;2;178;152;110m[48;2;172;144;102m▀[0m[38;2;175;151;110m[48;2;168;139;97m▀[0m[38;2;171;146;105m[48;2;163;132;91m▀[0m[38;2;166;138;98m[48;2;157;121;81m▀[0m[38;2;159;128;87m[48;2;151;112;72m▀[0m[38;2;154;120;81m[48;2;145;103;63m▀[0m[38;2;148;113;74m[48;2;139;97;58m▀[0m[38;2;143;109;71m[48;2;136;97;61m▀[0m[38;2;139;109;74m[48;2;130;93;59m▀[0m[38;2;133;105;71m[48;2;125;91;58m▀[0m[38;2;129;106;75m[48;2;121;91;61m▀[0m[38;2;123;102;73m[48;2;116;91;63m▀[0m[38;2;116;96;69m[48;2;109;84;57m▀[0m[38;2;109;92;66m[48;2;101;79;53m▀[0m[38;2;101;85;61m[48;2;94;73;49m▀[0m[38;2;93;78;56m[48;2;86;67;45m▀[0m[38;2;85;72;52m[48;2;78;63;44m▀[0m[38;2;76;65;48m[48;2;69;57;40m▀[0m[38;2;66;55;40m[48;2;59;47;32m▀[0m[38;2;55;46;33m[48;2;48;38;25m▀[0m[38;2;43;37;27m[48;2;39;31;21m▀[0m[38;2;39;33;24m[48;2;38;30;20m▀[0m[38;2;39;33;23m[48;2;38;30;20m▀[0m[38;2;39;33;23m[48;2;38;30;20m▀[0m
 [38;2;154;120;80m[48;2;143;102;61m▀[0m[38;2;162;125;82m[48;2;152;106;62m▀[0m[38;2;166;123;77m[48;2;156;105;58m▀[0m[38;2;167;118;70m[48;2;159;105;57m▀[0m[38;2;170;121;73m[48;2;160;105;56m▀[0m[38;2;170;118;68m[48;2;161;104;54m▀[0m[38;2;170;119;70m[48;2;162;105;55m▀[0m[38;2;171;122;74m[48;2;162;107;58m▀[0m[38;2;172;125;77m[48;2;163;110;61m▀[0m[38;2;171;126;79m[48;2;162;111;63m▀[0m[38;2;172;132;86m[48;2;162;114;68m▀[0m[38;2;172;138;95m[48;2;162;120;75m▀[0m[38;2;171;141;99m[48;2;162;125;82m▀[0m[38;2;168;137;95m[48;2;158;120;77m▀[0m[38;2;163;130;88m[48;2;154;112;70m▀[0m[38;2;159;124;83m[48;2;149;104;62m▀[0m[38;2;153;112;70m[48;2;144;96;55m▀[0m[38;2;148;105;64m[48;2;139;91;50m▀[0m[38;2;141;94;53m[48;2;134;83;44m▀[0m[38;2;136;88;49m[48;2;129;75;39m▀[0m[38;2;132;83;46m[48;2;125;69;37m▀[0m[38;2;127;78;44m[48;2;120;64;35m▀[0m[38;2;123;76;44m[48;2;116;60;34m▀[0m[38;2;119;77;48m[48;2;111;58;35m▀[0m[38;2;113;74;47m[48;2;106;57;35m▀[0m[38;2;107;72;46m[48;2;99;54;32m▀[0m[38;2;101;69;44m[48;2;93;52;31m▀[0m[38;2;94;65;41m[48;2;86;51;30m▀[0m[38;2;86;61;39m[48;2;79;48;27m▀[0m[38;2;79;57;36m[48;2;71;46;26m▀[0m[38;2;71;52;32m[48;2;63;42;23m▀[0m[38;2;62;46;29m[48;2;55;37;20m▀[0m[38;2;52;39;24m[48;2;46;31;17m▀[0m[38;2;42;30;18m[48;2;36;24;13m▀[0m[38;2;37;27;16m[48;2;36;23;12m▀[0m[38;2;37;26;16m[48;2;36;24;13m▀[0m[38;2;37;26;16m[48;2;36;24;13m▀[0m[38;2;38;28;17m[48;2;37;25;14m▀[0m
 [38;2;132;84;43m[48;2;122;73;34m▀[0m[38;2;141;89;45m[48;2;133;80;36m▀[0m[38;2;146;91;44m[48;2;139;83;38m▀[0m[38;2;149;91;43m[48;2;142;85;39m▀[0m[38;2;151;92;43m[48;2;145;87;40m▀[0m[38;2;152;92;42m[48;2;146;89;41m▀[0m[38;2;153;93;43m[48;2;147;89;41m▀[0m[38;2;153;94;45m[48;2;147;89;41m▀[0m[38;2;153;94;45m[48;2;146;87;40m▀[0m[38;2;153;97;50m[48;2;145;88;41m▀[0m[38;2;153;101;55m[48;2;145;90;44m▀[0m[38;2;153;106;61m[48;2;144;92;47m▀[0m[38;2;153;110;67m[48;2;142;92;48m▀[0m[38;2;149;105;62m[48;2;139;87;43m▀[0m[38;2;144;94;51m[48;2;135;83;40m▀[0m[38;2;139;87;43m[48;2;132;79;37m▀[0m[38;2;135;83;41m[48;2;128;75;35m▀[0m[38;2;131;77;38m[48;2;124;71;33m▀[0m[38;2;127;71;35m[48;2;121;65;32m▀[0m[38;2;123;65;32m[48;2;117;59;30m▀[0m[38;2;119;58;30m[48;2;113;51;28m▀[0m[38;2;114;51;29m[48;2;109;44;26m▀[0m[38;2;110;46;28m[48;2;104;37;24m▀[0m[38;2;105;43;27m[48;2;99;33;22m▀[0m[38;2;99;41;26m[48;2;93;32;21m▀[0m[38;2;93;40;24m[48;2;87;32;20m▀[0m[38;2;86;40;23m[48;2;80;33;19m▀[0m[38;2;79;40;21m[48;2;73;34;18m▀[0m[38;2;72;40;21m[48;2;65;34;17m▀[0m[38;2;64;38;20m[48;2;58;32;15m▀[0m[38;2;56;34;18m[48;2;50;29;13m▀[0m[38;2;48;30;15m[48;2;41;24;11m▀[0m[38;2;39;24;11m[48;2;36;21;9m▀[0m[38;2;36;22;10m[48;2;36;21;9m▀[0m[38;2;36;22;10m[48;2;36;21;9m▀[0m[38;2;36;22;10m[48;2;36;21;9m▀[0m[38;2;36;23;11m[48;2;36;22;10m▀[0m[38;2;36;23;11m[48;2;36;22;10m▀[0m
 [38;2;113;68;32m[48;2;102;65;33m▀[0m[38;2;126;77;36m[48;2;119;77;41m▀[0m[38;2;133;83;42m[48;2;127;85;47m▀[0m[38;2;137;87;44m[48;2;132;91;52m▀[0m[38;2;139;88;44m[48;2;136;95;55m▀[0m[38;2;141;90;46m[48;2;138;97;57m▀[0m[38;2;143;94;50m[48;2;140;101;62m▀[0m[38;2;142;90;46m[48;2;138;94;54m▀[0m[38;2;140;86;41m[48;2;136;89;48m▀[0m[38;2;139;84;39m[48;2;134;85;43m▀[0m[38;2;137;82;37m[48;2;132;81;39m▀[0m[38;2;136;81;37m[48;2;130;79;38m▀[0m[38;2;134;80;37m[48;2;128;78;37m▀[0m[38;2;131;78;36m[48;2;126;78;39m▀[0m[38;2;128;76;35m[48;2;123;77;38m▀[0m[38;2;125;75;35m[48;2;120;76;39m▀[0m[38;2;122;72;34m[48;2;117;74;38m▀[0m[38;2;119;69;34m[48;2;113;70;36m▀[0m[38;2;115;64;33m[48;2;109;65;34m▀[0m[38;2;111;57;29m[48;2;105;57;30m▀[0m[38;2;107;49;27m[48;2;100;50;27m▀[0m[38;2;102;42;24m[48;2;96;44;25m▀[0m[38;2;98;36;22m[48;2;91;39;23m▀[0m[38;2;92;32;21m[48;2;85;35;21m▀[0m[38;2;86;30;19m[48;2;80;33;20m▀[0m[38;2;80;30;18m[48;2;74;33;19m▀[0m[38;2;73;31;18m[48;2;67;33;19m▀[0m[38;2;67;31;17m[48;2;60;32;18m▀[0m[38;2;59;31;15m[48;2;53;30;16m▀[0m[38;2;51;28;14m[48;2;45;27;14m▀[0m[38;2;43;25;12m[48;2;37;23;11m▀[0m[38;2;36;21;10m[48;2;36;22;11m▀[0m[38;2;36;22;10m[48;2;36;23;12m▀[0m[38;2;36;22;10m[48;2;36;23;12m▀[0m[38;2;36;21;10m[48;2;36;23;12m▀[0m[38;2;36;21;10m[48;2;36;22;11m▀[0m[38;2;36;21;9m[48;2;36;22;10m▀[0m[38;2;36;21;9m[48;2;36;21;10m▀[0m
  [38;2;111;78;47m[48;2;100;76;49m▀[0m[38;2;121;89;56m[48;2;113;88;59m▀[0m[38;2;128;97;63m[48;2;120;95;65m▀[0m[38;2;131;101;66m[48;2;124;99;67m▀[0m[38;2;134;103;67m[48;2;127;101;69m▀[0m[38;2;135;105;70m[48;2;127;100;67m▀[0m[38;2;134;101;65m[48;2;127;99;66m▀[0m[38;2;132;95;58m[48;2;126;96;62m▀[0m[38;2;129;88;50m[48;2;125;93;59m▀[0m[38;2;126;83;44m[48;2;123;89;55m▀[0m[38;2;125;83;45m[48;2;120;87;52m▀[0m[38;2;123;83;46m[48;2;118;86;52m▀[0m[38;2;122;84;48m[48;2;117;86;53m▀[0m[38;2;118;80;45m[48;2;114;84;52m▀[0m[38;2;115;78;44m[48;2;110;81;50m▀[0m[38;2;112;76;44m[48;2;107;78;49m▀[0m[38;2;108;71;40m[48;2;103;75;46m▀[0m[38;2;103;65;35m[48;2;98;70;42m▀[0m[38;2;99;60;33m[48;2;93;64;39m▀[0m[38;2;94;55;30m[48;2;89;60;36m▀[0m[38;2;90;51;29m[48;2;83;55;32m▀[0m[38;2;84;46;26m[48;2;78;50;29m▀[0m[38;2;78;40;22m[48;2;72;44;25m▀[0m[38;2;73;38;22m[48;2;66;41;23m▀[0m[38;2;67;38;22m[48;2;61;40;24m▀[0m[38;2;61;36;21m[48;2;54;37;23m▀[0m[38;2;54;33;19m[48;2;47;33;20m▀[0m[38;2;47;30;18m[48;2;39;28;17m▀[0m[38;2;39;26;16m[48;2;37;26;16m▀[0m[38;2;37;24;14m[48;2;37;27;16m▀[0m[38;2;37;24;13m[48;2;37;27;16m▀[0m[38;2;37;25;14m[48;2;37;26;15m▀[0m[38;2;37;25;14m[48;2;37;26;15m▀[0m[38;2;37;25;14m[48;2;37;25;14m▀[0m[38;2;36;24;13m[48;2;37;25;14m▀[0m[38;2;36;23;12m[48;2;37;25;14m▀[0m
  [38;2;80;65;46m▀[0m[38;2;102;84;59m[48;2;88;75;54m▀[0m[38;2;111;92;66m[48;2;99;84;60m▀[0m[38;2;116;97;69m[48;2;106;90;66m▀[0m[38;2;119;99;70m[48;2;109;92;66m▀[0m[38;2;119;97;67m[48;2;111;94;67m▀[0m[38;2;120;96;66m[48;2;112;94;67m▀[0m[38;2;119;95;65m[48;2;112;93;65m▀[0m[38;2;119;94;64m[48;2;111;92;65m▀[0m[38;2;118;95;66m[48;2;111;93;66m▀[0m[38;2;115;91;61m[48;2;109;90;63m▀[0m[38;2;113;88;58m[48;2;106;86;59m▀[0m[38;2;111;89;60m[48;2;104;86;60m▀[0m[38;2;109;87;59m[48;2;102;85;61m▀[0m[38;2;105;84;57m[48;2;98;81;57m▀[0m[38;2;102;81;55m[48;2;94;78;55m▀[0m[38;2;98;78;53m[48;2;91;75;53m▀[0m[38;2;93;73;49m[48;2;87;73;52m▀[0m[38;2;89;70;47m[48;2;82;69;50m▀[0m[38;2;83;64;43m[48;2;77;64;45m▀[0m[38;2;77;57;37m[48;2;71;58;41m▀[0m[38;2;71;51;32m[48;2;65;52;36m▀[0m[38;2;65;46;29m[48;2;59;47;32m▀[0m[38;2;59;42;25m[48;2;53;42;28m▀[0m[38;2;53;39;25m[48;2;46;37;26m▀[0m[38;2;47;35;23m[48;2;39;32;22m▀[0m[38;2;40;31;20m[48;2;39;32;22m▀[0m[38;2;38;29;19m[48;2;39;31;21m▀[0m[38;2;38;28;18m[48;2;39;31;21m▀[0m[38;2;38;29;19m[48;2;39;31;21m▀[0m[38;2;38;30;20m[48;2;39;31;21m▀[0m[38;2;38;28;18m[48;2;39;31;21m▀[0m[38;2;37;27;16m[48;2;38;30;20m▀[0m[38;2;37;26;15m[48;2;38;28;18m▀[0m[38;2;37;26;15m[48;2;38;29;18m▀[0m[38;2;37;27;17m▀[0m
    [38;2;85;74;54m[48;2;64;57;43m▀[0m[38;2;94;81;60m[48;2;79;70;52m▀[0m[38;2;98;85;62m[48;2;86;76;56m▀[0m[38;2;101;88;65m[48;2;90;79;59m▀[0m[38;2;103;89;65m[48;2;92;81;60m▀[0m[38;2;103;89;65m[48;2;93;81;60m▀[0m[38;2;103;88;64m[48;2;93;81;59m▀[0m[38;2;102;87;63m[48;2;92;80;58m▀[0m[38;2;100;86;62m[48;2;91;80;59m▀[0m[38;2;98;84;61m[48;2;89;79;59m▀[0m[38;2;96;83;61m[48;2;87;77;58m▀[0m[38;2;94;82;60m[48;2;85;75;56m▀[0m[38;2;90;77;56m[48;2;81;71;53m▀[0m[38;2;86;73;53m[48;2;77;67;49m▀[0m[38;2;82;70;51m[48;2;73;63;46m▀[0m[38;2;78;68;50m[48;2;69;60;44m▀[0m[38;2;74;64;47m[48;2;65;57;43m▀[0m[38;2;69;60;44m[48;2;60;53;40m▀[0m[38;2;63;55;41m[48;2;54;48;36m▀[0m[38;2;57;49;35m[48;2;48;42;32m▀[0m[38;2;51;43;31m[48;2;42;37;27m▀[0m[38;2;45;38;28m[48;2;40;35;26m▀[0m[38;2;40;34;25m[48;2;40;35;26m▀[0m[38;2;39;33;24m[48;2;40;35;26m▀[0m[38;2;39;34;24m[48;2;40;35;26m▀[0m[38;2;39;33;24m[48;2;40;35;26m▀[0m[38;2;39;33;23m[48;2;40;34;25m▀[0m[38;2;39;32;23m[48;2;39;33;23m▀[0m[38;2;39;32;22m[48;2;39;32;22m▀[0m[38;2;39;32;22m[48;2;39;33;23m▀[0m[38;2;39;32;22m[48;2;39;34;24m▀[0m[38;2;39;31;21m[48;2;40;34;25m▀[0m
     [38;2;59;53;39m▀[0m[38;2;71;63;47m[48;2;51;45;33m▀[0m[38;2;76;68;50m[48;2;60;54;40m▀[0m[38;2;80;70;53m[48;2;65;58;43m▀[0m[38;2;81;72;54m[48;2;68;60;45m▀[0m[38;2;82;72;54m[48;2;69;61;46m▀[0m[38;2;81;72;53m[48;2;69;61;46m▀[0m[38;2;81;71;53m[48;2;68;60;44m▀[0m[38;2;79;70;52m[48;2;67;57;42m▀[0m[38;2;77;68;50m[48;2;65;55;40m▀[0m[38;2;74;65;49m[48;2;62;54;40m▀[0m[38;2;71;63;47m[48;2;60;52;39m▀[0m[38;2;67;59;44m[48;2;56;50;37m▀[0m[38;2;63;55;41m[48;2;53;47;35m▀[0m[38;2;59;52;39m[48;2;48;43;32m▀[0m[38;2;54;48;36m[48;2;43;38;28m▀[0m[38;2;49;44;32m[48;2;40;35;25m▀[0m[38;2;44;39;29m[48;2;40;35;26m▀[0m[38;2;40;35;26m[48;2;40;35;26m▀[0m[38;2;40;35;26m[48;2;40;34;25m▀[0m[38;2;40;35;26m[48;2;40;34;25m▀[0m[38;2;40;35;26m[48;2;40;35;26m▀[0m[38;2;40;35;26m[48;2;40;35;26m▀[0m[38;2;40;35;26m[48;2;40;35;26m▀[0m[38;2;40;35;26m[48;2;40;35;26m▀[0m[38;2;40;35;26m[48;2;40;35;26m▀[0m[38;2;40;34;25m[48;2;40;35;26m▀[0m[38;2;39;33;24m[48;2;40;35;26m▀[0m[38;2;40;34;25m[48;2;40;35;26m▀[0m[38;2;40;35;26m▀[0m
       [38;2;40;35;26m▀[0m[38;2;48;42;31m[48;2;39;33;24m▀[0m[38;2;52;46;33m[48;2;39;32;23m▀[0m[38;2;54;47;34m[48;2;39;31;21m▀[0m[38;2;55;46;33m[48;2;39;30;19m▀[0m[38;2;54;45;32m[48;2;39;29;19m▀[0m[38;2;53;42;29m[48;2;38;28;18m▀[0m[38;2;51;41;28m[48;2;38;29;19m▀[0m[38;2;50;41;29m[48;2;38;30;20m▀[0m[38;2;47;39;28m[48;2;38;30;20m▀[0m[38;2;44;37;26m[48;2;38;30;20m▀[0m[38;2;40;34;25m[48;2;38;30;20m▀[0m[38;2;40;34;25m[48;2;39;32;22m▀[0m[38;2;40;34;25m[48;2;39;32;22m▀[0m[38;2;39;33;24m[48;2;39;32;23m▀[0m[38;2;40;34;25m[48;2;39;32;22m▀[0m[38;2;39;33;24m[48;2;39;32;22m▀[0m[38;2;39;33;23m[48;2;39;31;21m▀[0m[38;2;39;33;24m[48;2;38;30;20m▀[0m[38;2;39;33;24m[48;2;38;30;20m▀[0m[38;2;39;33;24m[48;2;38;30;20m▀[0m[38;2;39;34;24m[48;2;39;31;21m▀[0m[38;2;40;34;25m[48;2;39;33;23m▀[0m[38;2;40;34;25m[48;2;39;32;23m▀[0m[38;2;40;34;25m[48;2;39;32;23m▀[0m[38;2;40;34;25m▀[0m
          [38;2;38;28;18m▀[0m[38;2;37;26;15m[48;2;36;24;13m▀[0m[38;2;37;25;14m[48;2;36;24;13m▀[0m[38;2;37;25;14m[48;2;36;23;12m▀[0m[38;2;37;25;15m[48;2;36;23;11m▀[0m[38;2;37;26;15m[48;2;36;23;12m▀[0m[38;2;37;26;15m[48;2;36;24;13m▀[0m[38;2;37;26;16m[48;2;37;25;14m▀[0m[38;2;38;28;17m[48;2;37;25;13m▀[0m[38;2;38;29;18m[48;2;37;25;14m▀[0m[38;2;38;28;18m[48;2;37;25;14m▀[0m[38;2;38;30;20m[48;2;37;27;16m▀[0m[38;2;38;29;19m[48;2;37;27;16m▀[0m[38;2;38;29;19m[48;2;37;26;15m▀[0m[38;2;38;28;18m[48;2;37;25;14m▀[0m[38;2;37;27;16m[48;2;36;24;12m▀[0m[38;2;37;27;16m[48;2;36;24;13m▀[0m[38;2;38;28;18m[48;2;36;24;13m▀[0m[38;2;38;29;18m[48;2;37;25;14m▀[0m[38;2;38;30;19m▀[0m
              [38;2;36;21;10m▀[0m[38;2;36;21;10m▀[0m[38;2;36;22;11m▀[0m[38;2;36;22;11m▀[0m[38;2;36;22;11m▀[0m[38;2;36;23;11m▀[0m[38;2;36;23;11m▀[0m[38;2;36;23;12m▀[0m[38;2;36;24;12m▀[0m[38;2;36;23;12m▀[0m[38;2;36;22;11m▀[0m[38;2;36;23;11m▀[0m
