      [38;2;30;32;32m▄[0m[38;2;67;69;67m▄[0m[38;2;90;89;84m▄[0m[38;2;90;91;88m▄[0m[38;2;79;82;81m▄[0m[38;2;62;64;63m▄[0m[38;2;34;37;38m▄[0m[38;2;9;11;12m▄[0m
   [38;2;52;50;45m▄[0m[38;2;27;28;26m[48;2;161;148;128m▀[0m[38;2;112;108;100m[48;2;165;158;140m▀[0m[38;2;148;139;124m[48;2;170;155;130m▀[0m[38;2;149;139;121m[48;2;164;152;129m▀[0m[38;2;143;134;117m[48;2;155;150;134m▀[0m[38;2;137;127;109m[48;2;154;146;127m▀[0m[38;2;127;120;108m[48;2;150;136;112m▀[0m[38;2;118;112;100m[48;2;143;133;114m▀[0m[38;2;103;98;89m[48;2;130;124;110m▀[0m[38;2;78;76;71m[48;2;113;109;97m▀[0m[38;2;34;35;33m[48;2;92;86;75m▀[0m[38;2;48;45;40m▄[0m
  [38;2;38;36;32m[48;2;150;145;139m▀[0m[38;2;173;160;139m[48;2;190;183;173m▀[0m[38;2;181;167;145m[48;2;191;183;173m▀[0m[38;2;173;166;148m[48;2;189;182;171m▀[0m[38;2;175;160;136m[48;2;186;178;165m▀[0m[38;2;175;163;142m[48;2;181;172;158m▀[0m[38;2;173;166;149m[48;2;177;170;159m▀[0m[38;2;168;157;138m[48;2;171;161;149m▀[0m[38;2;158;148;129m[48;2;164;155;144m▀[0m[38;2;150;140;123m[48;2;159;150;139m▀[0m[38;2;144;130;110m[48;2;150;141;131m▀[0m[38;2;130;120;104m[48;2;139;132;123m▀[0m[38;2;112;104;93m[48;2;123;116;109m▀[0m[38;2;87;81;72m[48;2;102;96;89m▀[0m[38;2;37;34;32m[48;2;70;66;63m▀[0m[38;2;13;13;12m▄[0m
 [38;2;69;66;61m[48;2;128;107;87m▀[0m[38;2;202;187;167m[48;2;191;154;119m▀[0m[38;2;206;191;170m[48;2;185;148;114m▀[0m[38;2;201;186;166m[48;2;183;148;110m▀[0m[38;2;197;179;158m[48;2;179;148;112m▀[0m[38;2;196;174;149m[48;2;170;139;104m▀[0m[38;2;195;169;141m[48;2;171;139;104m▀[0m[38;2;189;165;138m[48;2;161;127;92m▀[0m[38;2;177;158;138m[48;2;155;126;99m▀[0m[38;2;172;154;136m[48;2;155;124;94m▀[0m[38;2;168;147;124m[48;2;149;119;89m▀[0m[38;2;163;140;116m[48;2;137;110;83m▀[0m[38;2;150;133;115m[48;2;127;99;71m▀[0m[38;2;135;120;103m[48;2;121;93;66m▀[0m[38;2;114;102;89m[48;2;107;84;61m▀[0m[38;2;87;79;71m[48;2;84;66;50m▀[0m[38;2;35;32;30m[48;2;44;34;28m▀[0m
[38;2;12;11;9m[48;2;21;21;19m▀[0m[38;2;161;144;124m[48;2;215;206;191m▀[0m[38;2;175;155;130m[48;2;222;212;194m▀[0m[38;2;175;155;130m[48;2;217;208;192m▀[0m[38;2;176;152;122m[48;2;216;207;191m▀[0m[38;2;179;150;115m[48;2;217;206;186m▀[0m[38;2;172;147;116m[48;2;210;200;182m▀[0m[38;2;169;145;116m[48;2;205;196;177m▀[0m[38;2;165;141;112m[48;2;201;195;178m▀[0m[38;2;163;136;106m[48;2;199;190;172m▀[0m[38;2;155;131;102m[48;2;194;188;175m▀[0m[38;2;154;132;106m[48;2;185;180;168m▀[0m[38;2;140;122;101m[48;2;176;171;160m▀[0m[38;2;127;110;91m[48;2;167;164;157m▀[0m[38;2;115;98;81m[48;2;155;152;145m▀[0m[38;2;102;85;71m[48;2;136;134;130m▀[0m[38;2;81;69;60m[48;2;109;107;104m▀[0m[38;2;48;42;37m[48;2;68;67;67m▀[0m[38;2;12;12;13m▄[0m
[38;2;22;22;21m[48;2;12;11;10m▀[0m[38;2;214;217;217m[48;2;171;161;150m▀[0m[38;2;221;225;224m[48;2;189;176;163m▀[0m[38;2;216;220;219m[48;2;192;174;159m▀[0m[38;2;213;216;215m[48;2;190;177;166m▀[0m[38;2;212;216;216m[48;2;192;175;159m▀[0m[38;2;210;215;216m[48;2;190;169;150m▀[0m[38;2;209;211;208m[48;2;189;168;148m▀[0m[38;2;202;207;207m[48;2;188;166;146m▀[0m[38;2;197;202;203m[48;2;179;159;142m▀[0m[38;2;192;196;196m[48;2;177;157;141m▀[0m[38;2;186;190;191m[48;2;165;149;136m▀[0m[38;2;177;180;182m[48;2;163;150;141m▀[0m[38;2;166;169;170m[48;2;153;137;127m▀[0m[38;2;155;156;156m[48;2;144;134;130m▀[0m[38;2;136;137;140m[48;2;127;121;120m▀[0m[38;2;109;112;117m[48;2;102;101;103m▀[0m[38;2;66;70;74m[48;2;61;62;65m▀[0m[38;2;12;13;14m▀[0m
 [38;2;136;123;112m[48;2;73;71;68m▀[0m[38;2;197;175;156m[48;2;193;186;177m▀[0m[38;2;204;172;150m[48;2;196;182;168m▀[0m[38;2;206;177;152m[48;2;193;171;152m▀[0m[38;2;195;171;148m[48;2;193;175;155m▀[0m[38;2;184;161;142m[48;2;174;170;163m▀[0m[38;2;194;169;143m[48;2;179;157;140m▀[0m[38;2;192;165;134m[48;2;174;145;124m▀[0m[38;2;198;167;137m[48;2;176;142;119m▀[0m[38;2;165;148;136m[48;2;163;146;133m▀[0m[38;2;164;149;135m[48;2;161;152;145m▀[0m[38;2;158;133;112m[48;2;167;168;169m▀[0m[38;2;141;122;104m[48;2;149;147;147m▀[0m[38;2;124;108;95m[48;2;129;124;120m▀[0m[38;2;111;97;88m[48;2;107;101;97m▀[0m[38;2;88;77;72m[48;2;77;72;69m▀[0m[38;2;45;39;36m[48;2;24;23;22m▀[0m
 [38;2;12;12;11m▀[0m[38;2;161;153;142m[48;2;42;41;37m▀[0m[38;2;199;187;171m[48;2;168;157;139m▀[0m[38;2;200;190;178m[48;2;183;167;143m▀[0m[38;2;195;186;174m[48;2;182;163;136m▀[0m[38;2;188;180;170m[48;2;177;163;141m▀[0m[38;2;182;176;167m[48;2;177;158;134m▀[0m[38;2;187;180;172m[48;2;174;156;132m▀[0m[38;2;181;173;166m[48;2;171;153;132m▀[0m[38;2;176;169;164m[48;2;159;147;133m▀[0m[38;2;169;163;159m[48;2;151;139;127m▀[0m[38;2;159;153;150m[48;2;140;129;119m▀[0m[38;2;142;143;148m[48;2;122;112;103m▀[0m[38;2;125;130;137m[48;2;101;94;88m▀[0m[38;2;100;106;113m[48;2;71;67;64m▀[0m[38;2;60;64;68m[48;2;20;20;20m▀[0m
   [38;2;46;47;46m▀[0m[38;2;143;143;137m[48;2;22;24;24m▀[0m[38;2;151;149;139m[48;2;91;92;90m▀[0m[38;2;161;152;134m[48;2;126;124;119m▀[0m[38;2;166;153;137m[48;2;131;126;116m▀[0m[38;2;164;153;136m[48;2;127;122;114m▀[0m[38;2;155;148;139m[48;2;118;117;114m▀[0m[38;2;146;137;130m[48;2;105;108;108m▀[0m[38;2;132;128;123m[48;2;93;97;98m▀[0m[38;2;115;114;111m[48;2;78;80;81m▀[0m[38;2;97;95;92m[48;2;50;54;56m▀[0m[38;2;68;69;69m[48;2;16;18;19m▀[0m[38;2;24;25;26m▀[0m
      [38;2;19;22;24m▀[0m[38;2;46;53;57m▀[0m[38;2;61;69;72m▀[0m[38;2;62;69;73m▀[0m[38;2;55;60;62m▀[0m[38;2;35;41;45m▀[0m[38;2;16;20;23m▀[0m
