                        [38;2;8;9;11m▄[0m[38;2;8;9;11m▄[0m[38;2;8;9;12m▄[0m[38;2;8;10;13m▄[0m[38;2;8;10;14m▄[0m[38;2;8;10;15m▄[0m[38;2;8;11;15m▄[0m[38;2;8;11;15m▄[0m[38;2;7;11;15m▄[0m[38;2;7;10;14m▄[0m[38;2;7;10;13m▄[0m[38;2;7;9;12m▄[0m[38;2;6;8;11m▄[0m
               [38;2;8;9;11m▄[0m[38;2;8;9;11m▄[0m[38;2;9;10;11m▄[0m[38;2;8;10;12m▄[0m[38;2;8;9;11m[48;2;8;10;13m▀[0m[38;2;8;9;11m[48;2;8;11;14m▀[0m[38;2;8;10;12m[48;2;8;12;16m▀[0m[38;2;8;10;12m[48;2;7;15;20m▀[0m[38;2;8;10;14m[48;2;7;19;28m▀[0m[38;2;8;12;16m[48;2;9;27;38m▀[0m[38;2;8;13;18m[48;2;14;38;52m▀[0m[38;2;7;15;22m[48;2;35;67;79m▀[0m[38;2;7;18;26m[48;2;55;86;100m▀[0m[38;2;9;23;32m[48;2;131;152;162m▀[0m[38;2;9;25;35m[48;2;152;175;183m▀[0m[38;2;8;24;34m[48;2;71;107;124m▀[0m[38;2;8;24;35m[48;2;68;103;122m▀[0m[38;2;7;24;35m[48;2;74;99;114m▀[0m[38;2;7;22;33m[48;2;111;137;153m▀[0m[38;2;7;20;30m[48;2;51;75;91m▀[0m[38;2;6;18;27m[48;2;39;69;86m▀[0m[38;2;6;16;23m[48;2;39;66;80m▀[0m[38;2;6;14;21m[48;2;92;108;116m▀[0m[38;2;6;11;16m[48;2;8;29;42m▀[0m[38;2;7;10;14m[48;2;6;22;32m▀[0m[38;2;7;8;12m[48;2;6;17;25m▀[0m[38;2;6;12;18m▄[0m[38;2;6;9;13m▄[0m
           [38;2;8;9;11m▄[0m[38;2;8;9;11m▄[0m[38;2;8;9;11m[48;2;8;10;12m▀[0m[38;2;8;9;11m[48;2;9;10;12m▀[0m[38;2;9;10;12m[48;2;9;11;14m▀[0m[38;2;9;10;13m[48;2;10;12;15m▀[0m[38;2;9;11;13m[48;2;9;13;18m▀[0m[38;2;9;11;15m[48;2;9;20;27m▀[0m[38;2;8;14;19m[48;2;11;31;43m▀[0m[38;2;8;18;25m[48;2;16;49;66m▀[0m[38;2;9;26;37m[48;2;61;99;119m▀[0m[38;2;11;40;55m[48;2;107;134;151m▀[0m[38;2;28;66;85m[48;2;117;137;155m▀[0m[38;2;79;116;135m[48;2;164;177;186m▀[0m[38;2;148;171;182m[48;2;180;196;206m▀[0m[38;2;132;181;194m[48;2;174;198;211m▀[0m[38;2;156;189;203m[48;2;166;198;216m▀[0m[38;2;148;175;188m[48;2;156;180;191m▀[0m[38;2;126;145;156m[48;2;153;166;172m▀[0m[38;2;107;119;127m[48;2;132;144;153m▀[0m[38;2;140;153;162m[48;2;101;114;123m▀[0m[38;2;148;161;174m[48;2;38;51;55m▀[0m[38;2;143;155;165m[48;2;114;125;131m▀[0m[38;2;57;72;88m[48;2;76;108;120m▀[0m[38;2;86;98;110m[48;2;47;66;81m▀[0m[38;2;79;98;112m[48;2;125;157;181m▀[0m[38;2;101;154;172m[48;2;138;156;171m▀[0m[38;2;54;80;95m[48;2;124;135;146m▀[0m[38;2;68;115;130m[48;2;127;144;163m▀[0m[38;2;67;91;107m[48;2;37;51;67m▀[0m[38;2;19;39;51m[48;2;65;79;95m▀[0m[38;2;6;20;30m[48;2;38;57;70m▀[0m[38;2;5;13;20m[48;2;65;80;91m▀[0m[38;2;6;9;14m[48;2;16;32;41m▀[0m[38;2;7;8;11m[48;2;26;37;44m▀[0m[38;2;6;9;13m▄[0m
        [38;2;9;10;11m▄[0m[38;2;9;10;13m▄[0m[38;2;9;10;12m[48;2;9;10;13m▀[0m[38;2;9;10;13m[48;2;10;11;14m▀[0m[38;2;9;11;13m[48;2;10;12;15m▀[0m[38;2;9;11;14m[48;2;11;13;16m▀[0m[38;2;10;12;15m[48;2;9;14;19m▀[0m[38;2;10;13;17m[48;2;10;21;29m▀[0m[38;2;9;17;23m[48;2;13;38;51m▀[0m[38;2;13;30;40m[48;2;60;95;112m▀[0m[38;2;28;58;72m[48;2;158;177;193m▀[0m[38;2;97;149;160m[48;2;100;160;171m▀[0m[38;2;110;164;180m[48;2;22;112;117m▀[0m[38;2;156;185;199m[48;2;24;236;238m▀[0m[38;2;111;133;151m[48;2;93;148;159m▀[0m[38;2;155;171;184m[48;2;171;172;170m▀[0m[38;2;111;129;142m[48;2;151;154;155m▀[0m[38;2;106;123;133m[48;2;144;149;155m▀[0m[38;2;145;154;160m[48;2;73;76;77m▀[0m[38;2;138;185;192m[48;2;85;157;162m▀[0m[38;2;138;184;194m[48;2;130;170;177m▀[0m[38;2;203;224;228m[48;2;106;114;113m▀[0m[38;2;90;127;136m[48;2;42;78;94m▀[0m[38;2;186;182;177m[48;2;136;135;131m▀[0m[38;2;82;105;112m[48;2;10;18;25m▀[0m[38;2;61;73;83m[48;2;37;45;52m▀[0m[38;2;151;155;160m[48;2;101;105;109m▀[0m[38;2;129;134;159m[48;2;48;59;106m▀[0m[38;2;127;135;144m[48;2;48;57;71m▀[0m[38;2;94;109;122m[48;2;69;86;102m▀[0m[38;2;70;86;100m[48;2;17;37;48m▀[0m[38;2;89;106;118m[48;2;33;54;68m▀[0m[38;2;35;52;65m[48;2;75;98;112m▀[0m[38;2;27;43;52m[48;2;24;71;78m▀[0m[38;2;54;93;106m[48;2;27;134;142m▀[0m[38;2;88;108;119m[48;2;15;39;52m▀[0m[38;2;70;101;117m[48;2;49;78;92m▀[0m[38;2;31;60;75m[48;2;34;62;75m▀[0m[38;2;4;18;28m[48;2;22;39;50m▀[0m[38;2;5;10;16m[48;2;22;38;49m▀[0m[38;2;4;12;19m▄[0m[38;2;5;7;11m▄[0m
     [38;2;8;9;11m▄[0m[38;2;8;10;12m▄[0m[38;2;8;10;12m[48;2;9;10;13m▀[0m[38;2;9;10;13m[48;2;9;10;12m▀[0m[38;2;9;10;13m[48;2;10;11;14m▀[0m[38;2;9;11;13m[48;2;10;12;15m▀[0m[38;2;10;12;14m[48;2;10;13;17m▀[0m[38;2;11;13;17m[48;2;10;17;23m▀[0m[38;2;9;16;21m[48;2;11;29;39m▀[0m[38;2;11;26;35m[48;2;27;64;84m▀[0m[38;2;18;50;67m[48;2;123;159;180m▀[0m[38;2;98;136;155m[48;2;177;205;220m▀[0m[38;2;172;197;212m[48;2;154;174;187m▀[0m[38;2;167;184;195m[48;2;105;125;139m▀[0m[38;2;99;183;192m[48;2;91;162;169m▀[0m[38;2;30;92;95m[48;2;45;153;153m▀[0m[38;2;10;138;142m[48;2;35;87;89m▀[0m[38;2;47;94;101m[48;2;68;89;91m▀[0m[38;2;73;101;106m[48;2;101;110;112m▀[0m[38;2;76;92;101m[48;2;126;171;187m▀[0m[38;2;140;149;154m[48;2;144;174;192m▀[0m[38;2;122;130;138m[48;2;146;169;185m▀[0m[38;2;104;153;173m[48;2;149;160;177m▀[0m[38;2;109;133;155m[48;2;119;120;125m▀[0m[38;2;14;24;28m[48;2;17;24;27m▀[0m[38;2;8;28;34m[48;2;4;18;22m▀[0m[38;2;22;32;37m[48;2;15;25;30m▀[0m[38;2;18;23;28m[48;2;18;28;34m▀[0m[38;2;19;32;40m[48;2;17;31;38m▀[0m[38;2;21;40;52m[48;2;31;41;50m▀[0m[38;2;21;34;43m[48;2;38;47;54m▀[0m[38;2;28;41;53m[48;2;48;59;67m▀[0m[38;2;82;98;112m[48;2;54;67;73m▀[0m[38;2;43;59;70m[48;2;143;154;156m▀[0m[38;2;46;63;71m[48;2;173;203;205m▀[0m[38;2;39;55;65m[48;2;56;144;160m▀[0m[38;2;38;115;122m[48;2;56;232;236m▀[0m[38;2;39;64;77m[48;2;162;166;179m▀[0m[38;2;57;67;89m[48;2;199;165;215m▀[0m[38;2;27;56;73m[48;2;35;54;70m▀[0m[38;2;41;66;82m[48;2;26;52;67m▀[0m[38;2;17;40;54m[48;2;28;62;76m▀[0m[38;2;12;33;47m[48;2;18;43;58m▀[0m[38;2;9;31;44m[48;2;21;50;66m▀[0m[38;2;4;14;21m[48;2;23;49;63m▀[0m[38;2;5;8;11m[48;2;4;14;22m▀[0m[38;2;5;8;11m▄[0m
  [38;2;8;9;11m▄[0m[38;2;8;10;11m▄[0m[38;2;8;9;11m[48;2;8;10;12m▀[0m[38;2;8;10;12m[48;2;9;10;12m▀[0m[38;2;9;10;12m[48;2;9;10;13m▀[0m[38;2;9;10;12m[48;2;9;11;13m▀[0m[38;2;10;11;13m[48;2;10;11;14m▀[0m[38;2;10;12;14m[48;2;11;13;17m▀[0m[38;2;11;14;17m[48;2;11;18;23m▀[0m[38;2;11;17;23m[48;2;42;57;65m▀[0m[38;2;12;30;41m[48;2;59;91;107m▀[0m[38;2;33;71;93m[48;2;141;167;183m▀[0m[38;2;159;181;190m[48;2;167;181;187m▀[0m[38;2;153;162;180m[48;2;158;162;163m▀[0m[38;2;59;81;124m[48;2;44;52;56m▀[0m[38;2;94;106;126m[48;2;102;113;123m▀[0m[38;2;146;158;165m[48;2;64;98;123m▀[0m[38;2;132;171;179m[48;2;86;134;154m▀[0m[38;2;134;159;176m[48;2;166;170;177m▀[0m[38;2;118;147;165m[48;2;38;155;175m▀[0m[38;2;132;145;150m[48;2;95;162;171m▀[0m[38;2;115;124;129m[48;2;54;210;211m▀[0m[38;2;131;171;184m[48;2;127;136;134m▀[0m[38;2;138;160;171m[48;2;127;122;114m▀[0m[38;2;119;138;149m[48;2;139;142;144m▀[0m[38;2;146;129;184m[48;2;144;126;188m▀[0m[38;2;142;110;198m[48;2;71;53;118m▀[0m[38;2;80;136;138m[48;2;20;91;99m▀[0m[38;2;121;122;120m[48;2;59;80;86m▀[0m[38;2;119;120;119m[48;2;122;145;149m▀[0m[38;2;92;109;116m[48;2;85;164;168m▀[0m[38;2;51;117;131m[48;2;106;110;115m▀[0m[38;2;90;101;108m[48;2;101;119;126m▀[0m[38;2;168;186;187m[48;2;147;179;180m▀[0m[38;2;73;103;107m[48;2;121;184;186m▀[0m[38;2;172;181;182m[48;2;251;251;250m▀[0m[38;2;250;250;248m[48;2;203;206;205m▀[0m[38;2;118;156;168m[48;2;85;121;146m▀[0m[38;2;59;92;124m[48;2;50;124;151m▀[0m[38;2;88;100;121m[48;2;56;67;115m▀[0m[38;2;130;106;181m[48;2;127;79;205m▀[0m[38;2;183;123;233m[48;2;98;63;158m▀[0m[38;2;48;62;77m[48;2;65;83;102m▀[0m[38;2;40;94;108m[48;2;26;73;86m▀[0m[38;2;28;60;75m[48;2;20;38;51m▀[0m[38;2;22;40;52m[48;2;20;41;54m▀[0m[38;2;21;49;64m[48;2;37;62;74m▀[0m[38;2;13;45;63m[48;2;25;43;53m▀[0m[38;2;30;62;76m[48;2;34;58;69m▀[0m[38;2;4;15;24m[48;2;33;58;68m▀[0m[38;2;5;8;11m[48;2;10;19;27m▀[0m
 [38;2;8;9;11m[48;2;8;9;11m▀[0m[38;2;8;9;11m[48;2;8;9;11m▀[0m[38;2;8;10;12m[48;2;9;10;12m▀[0m[38;2;8;9;11m[48;2;9;10;12m▀[0m[38;2;9;10;13m[48;2;10;11;14m▀[0m[38;2;10;11;14m[48;2;10;12;14m▀[0m[38;2;11;12;15m[48;2;11;13;16m▀[0m[38;2;10;13;17m[48;2;10;16;20m▀[0m[38;2;10;16;21m[48;2;12;24;33m▀[0m[38;2;13;28;38m[48;2;28;58;75m▀[0m[38;2;94;118;132m[48;2;123;152;167m▀[0m[38;2;67;110;130m[48;2;99;140;164m▀[0m[38;2;87;135;149m[48;2;84;152;166m▀[0m[38;2;105;174;180m[48;2;149;168;173m▀[0m[38;2;162;165;170m[48;2;173;194;198m▀[0m[38;2;117;124;126m[48;2;86;201;205m▀[0m[38;2;135;151;160m[48;2;134;154;160m▀[0m[38;2;75;98;112m[48;2;126;139;152m▀[0m[38;2;82;108;127m[48;2;91;101;104m▀[0m[38;2;85;97;102m[48;2;48;61;70m▀[0m[38;2;78;128;140m[48;2;50;55;58m▀[0m[38;2;63;145;154m[48;2;37;55;57m▀[0m[38;2;15;115;120m[48;2;15;42;46m▀[0m[38;2;44;83;88m[48;2;21;36;44m▀[0m[38;2;70;77;79m[48;2;124;136;144m▀[0m[38;2;94;115;141m[48;2;91;116;140m▀[0m[38;2;91;105;129m[48;2;38;49;63m▀[0m[38;2;35;41;48m[48;2;60;78;87m▀[0m[38;2;36;45;50m[48;2;68;81;83m▀[0m[38;2;67;109;113m[48;2;146;182;187m▀[0m[38;2;202;230;230m[48;2;243;252;252m▀[0m[38;2;67;237;235m[48;2;73;249;246m▀[0m[38;2;71;116;121m[48;2;42;163;165m▀[0m[38;2;86;102;107m[48;2;56;72;71m▀[0m[38;2;52;92;96m[48;2;17;62;67m▀[0m[38;2;81;128;134m[48;2;54;100;102m▀[0m[38;2;177;191;195m[48;2;54;78;87m▀[0m[38;2;132;147;166m[48;2;86;97;135m▀[0m[38;2;63;88;108m[48;2;25;53;68m▀[0m[38;2;23;188;193m[48;2;18;161;164m▀[0m[38;2;36;49;75m[48;2;15;34;44m▀[0m[38;2;24;21;69m[48;2;21;35;50m▀[0m[38;2;39;36;76m[48;2;52;58;89m▀[0m[38;2;21;34;43m[48;2;13;19;26m▀[0m[38;2;18;68;79m[48;2;14;42;50m▀[0m[38;2;30;65;77m[48;2;17;59;68m▀[0m[38;2;37;70;84m[48;2;3;54;60m▀[0m[38;2;39;152;159m[48;2;23;68;78m▀[0m[38;2;14;30;40m[48;2;17;36;48m▀[0m[38;2;14;27;36m[48;2;13;32;43m▀[0m[38;2;13;24;32m[48;2;18;37;47m▀[0m[38;2;9;30;43m[48;2;23;41;52m▀[0m[38;2;11;17;23m[48;2;12;28;40m▀[0m[38;2;5;8;13m▄[0m
[38;2;8;9;11m▄[0m[38;2;8;9;11m[48;2;9;10;12m▀[0m[38;2;8;9;11m[48;2;9;10;12m▀[0m[38;2;9;10;12m[48;2;10;11;13m▀[0m[38;2;10;11;13m[48;2;10;11;14m▀[0m[38;2;10;12;14m[48;2;10;12;15m▀[0m[38;2;10;13;16m[48;2;11;13;17m▀[0m[38;2;11;14;18m[48;2;11;17;22m▀[0m[38;2;11;21;28m[48;2;13;30;41m▀[0m[38;2;51;73;84m[48;2;77;107;124m▀[0m[38;2;123;155;169m[48;2;148;173;181m▀[0m[38;2;172;196;202m[48;2;148;178;183m▀[0m[38;2;127;197;199m[48;2;102;205;205m▀[0m[38;2;146;175;175m[48;2;173;176;175m▀[0m[38;2;169;186;184m[48;2;168;175;179m▀[0m[38;2;105;191;197m[48;2;167;175;181m▀[0m[38;2;160;180;181m[48;2;131;151;160m▀[0m[38;2;96;173;176m[48;2;181;181;179m▀[0m[38;2;88;98;104m[48;2;57;59;60m▀[0m[38;2;84;110;117m[48;2;70;73;72m▀[0m[38;2;59;77;82m[48;2;67;89;92m▀[0m[38;2;41;50;51m[48;2;43;61;59m▀[0m[38;2;47;62;66m[48;2;119;118;116m▀[0m[38;2;42;48;52m[48;2;125;131;135m▀[0m[38;2;118;126;128m[48;2;63;70;77m▀[0m[38;2;97;104;111m[48;2;114;117;118m▀[0m[38;2;50;60;67m[48;2;92;96;96m▀[0m[38;2;44;52;58m[48;2;119;121;122m▀[0m[38;2;86;112;117m[48;2;136;182;185m▀[0m[38;2;75;126;131m[48;2;89;141;149m▀[0m[38;2;216;231;231m[48;2;196;212;215m▀[0m[38;2;251;251;251m[48;2;228;228;225m▀[0m[38;2;92;248;245m[48;2;62;116;113m▀[0m[38;2;39;238;236m[48;2;31;201;203m▀[0m[38;2;44;74;78m[48;2;55;106;112m▀[0m[38;2;56;75;76m[48;2;92;204;210m▀[0m[38;2;25;64;72m[48;2;23;51;53m▀[0m[38;2;26;51;55m[48;2;78;98;101m▀[0m[38;2;23;46;56m[48;2;16;34;37m▀[0m[38;2;16;36;42m[48;2;10;18;23m▀[0m[38;2;15;49;56m[48;2;9;20;27m▀[0m[38;2;10;22;29m[48;2;9;21;27m▀[0m[38;2;13;32;42m[48;2;25;96;101m▀[0m[38;2;14;24;33m[48;2;34;81;87m▀[0m[38;2;24;31;38m[48;2;13;25;33m▀[0m[38;2;13;24;30m[48;2;10;19;26m▀[0m[38;2;8;53;58m[48;2;14;32;39m▀[0m[38;2;6;48;54m[48;2;20;39;46m▀[0m[38;2;15;45;59m[48;2;42;63;77m▀[0m[38;2;13;36;48m[48;2;30;50;73m▀[0m[38;2;12;29;42m[48;2;97;71;136m▀[0m[38;2;12;29;40m[48;2;38;40;72m▀[0m[38;2;14;30;40m[48;2;14;35;48m▀[0m[38;2;21;46;62m[48;2;16;73;84m▀[0m[38;2;4;15;24m[48;2;8;26;38m▀[0m[38;2;5;10;16m▄[0m
[38;2;9;10;11m[48;2;9;10;11m▀[0m[38;2;9;11;13m[48;2;10;11;13m▀[0m[38;2;10;11;13m[48;2;10;11;13m▀[0m[38;2;10;11;13m[48;2;10;12;14m▀[0m[38;2;10;11;14m[48;2;10;12;15m▀[0m[38;2;11;13;16m[48;2;11;13;17m▀[0m[38;2;10;15;19m[48;2;11;18;24m▀[0m[38;2;11;22;30m[48;2;15;34;45m▀[0m[38;2;19;49;66m[48;2;72;117;135m▀[0m[38;2;143;181;195m[48;2;170;196;205m▀[0m[38;2;120;214;224m[48;2;147;162;169m▀[0m[38;2;171;192;199m[48;2;120;142;154m▀[0m[38;2;157;176;176m[48;2;91;146;159m▀[0m[38;2;200;192;182m[48;2;173;181;181m▀[0m[38;2;125;147;155m[48;2;111;135;153m▀[0m[38;2;141;154;163m[48;2;170;180;184m▀[0m[38;2;204;204;203m[48;2;184;184;182m▀[0m[38;2;171;175;180m[48;2;174;174;172m▀[0m[38;2;155;154;151m[48;2;181;184;186m▀[0m[38;2;166;161;154m[48;2;168;170;170m▀[0m[38;2;120;120;116m[48;2;161;163;164m▀[0m[38;2;86;91;93m[48;2;143;147;148m▀[0m[38;2;119;125;131m[48;2;160;165;171m▀[0m[38;2;57;61;65m[48;2;165;166;165m▀[0m[38;2;78;75;68m[48;2;120;134;160m▀[0m[38;2;148;135;121m[48;2;44;77;143m▀[0m[38;2;162;152;143m[48;2;85;89;95m▀[0m[38;2;126;134;137m[48;2;121;126;128m▀[0m[38;2;83;144;150m[48;2;122;156;165m▀[0m[38;2;71;133;143m[48;2;139;171;175m▀[0m[38;2;132;204;222m[48;2;124;152;167m▀[0m[38;2;99;109;110m[48;2;30;39;42m▀[0m[38;2;40;46;48m[48;2;31;38;40m▀[0m[38;2;23;85;95m[48;2;86;110;114m▀[0m[38;2;25;90;99m[48;2;101;164;170m▀[0m[38;2;33;133;151m[48;2;26;106;113m▀[0m[38;2;19;45;52m[48;2;35;94;100m▀[0m[38;2;15;56;63m[48;2;43;77;82m▀[0m[38;2;17;29;32m[48;2;14;25;30m▀[0m[38;2;13;18;21m[48;2;18;26;31m▀[0m[38;2;11;20;25m[48;2;13;25;32m▀[0m[38;2;11;28;34m[48;2;13;26;32m▀[0m[38;2;9;58;63m[48;2;11;24;29m▀[0m[38;2;15;44;52m[48;2;12;23;29m▀[0m[38;2;19;40;50m[48;2;9;22;30m▀[0m[38;2;15;29;39m[48;2;14;25;34m▀[0m[38;2;13;23;30m[48;2;11;18;25m▀[0m[38;2;13;23;31m[48;2;18;32;44m▀[0m[38;2;13;18;32m[48;2;27;34;57m▀[0m[38;2;23;18;60m[48;2;6;7;17m▀[0m[38;2;165;98;214m[48;2;11;17;36m▀[0m[38;2;24;36;65m[48;2;13;32;43m▀[0m[38;2;6;11;14m[48;2;6;14;18m▀[0m[38;2;17;48;56m[48;2;17;36;48m▀[0m[38;2;14;38;51m[48;2;18;45;61m▀[0m[38;2;17;65;72m[48;2;18;77;87m▀[0m[38;2;5;11;15m[48;2;3;11;17m▀[0m
[38;2;9;10;12m[48;2;9;10;13m▀[0m[38;2;10;11;13m[48;2;10;11;13m▀[0m[38;2;10;11;13m[48;2;10;12;14m▀[0m[38;2;11;12;15m[48;2;11;13;15m▀[0m[38;2;11;13;16m[48;2;11;14;17m▀[0m[38;2;11;15;20m[48;2;12;19;24m▀[0m[38;2;11;24;32m[48;2;18;37;49m▀[0m[38;2;26;55;71m[48;2;106;127;139m▀[0m[38;2;139;180;196m[48;2;143;185;195m▀[0m[38;2;139;190;205m[48;2;153;169;177m▀[0m[38;2;139;177;191m[48;2;182;183;182m▀[0m[38;2;79;194;198m[48;2;155;171;178m▀[0m[38;2;112;165;173m[48;2;139;145;150m▀[0m[38;2;155;172;184m[48;2;149;164;173m▀[0m[38;2;11;76;108m[48;2;137;152;164m▀[0m[38;2;156;172;182m[48;2;167;178;186m▀[0m[38;2;187;194;198m[48;2;179;186;192m▀[0m[38;2;186;191;195m[48;2;168;179;188m▀[0m[38;2;173;176;178m[48;2;218;223;224m▀[0m[38;2;131;133;130m[48;2;156;192;203m▀[0m[38;2;161;164;165m[48;2;101;160;179m▀[0m[38;2;140;143;145m[48;2;96;139;151m▀[0m[38;2;141;143;139m[48;2;120;136;141m▀[0m[38;2;75;191;191m[48;2;38;232;230m▀[0m[38;2;121;141;143m[48;2;32;186;184m▀[0m[38;2;113;124;135m[48;2;118;158;158m▀[0m[38;2;126;135;140m[48;2;123;123;118m▀[0m[38;2;120;122;121m[48;2;161;166;166m▀[0m[38;2;112;119;117m[48;2;122;190;190m▀[0m[38;2;82;121;127m[48;2;103;134;135m▀[0m[38;2;81;114;121m[48;2;52;76;81m▀[0m[38;2;15;26;30m[48;2;14;38;42m▀[0m[38;2;25;34;36m[48;2;12;45;48m▀[0m[38;2;18;68;70m[48;2;3;58;61m▀[0m[38;2;21;66;69m[48;2;16;97;98m▀[0m[38;2;14;46;53m[48;2;15;110;113m▀[0m[38;2;63;98;103m[48;2;65;111;113m▀[0m[38;2;115;236;233m[48;2;39;133;137m▀[0m[38;2;17;65;70m[48;2;34;88;94m▀[0m[38;2;19;35;43m[48;2;21;53;62m▀[0m[38;2;17;32;40m[48;2;14;63;69m▀[0m[38;2;38;77;82m[48;2;139;213;213m▀[0m[38;2;53;94;98m[48;2;208;250;250m▀[0m[38;2;53;77;81m[48;2;139;204;204m▀[0m[38;2;15;29;35m[48;2;22;41;47m▀[0m[38;2;16;27;36m[48;2;12;24;33m▀[0m[38;2;10;15;22m[48;2;12;23;31m▀[0m[38;2;18;30;40m[48;2;9;15;22m▀[0m[38;2;17;28;38m[48;2;11;23;31m▀[0m[38;2;16;23;37m[48;2;10;20;27m▀[0m[38;2;16;24;34m[48;2;6;12;18m▀[0m[38;2;13;30;38m[48;2;8;16;24m▀[0m[38;2;16;48;57m[48;2;20;65;75m▀[0m[38;2;14;31;41m[48;2;19;84;92m▀[0m[38;2;24;59;79m[48;2;17;54;69m▀[0m[38;2;22;43;57m[48;2;28;73;88m▀[0m[38;2;11;27;37m[48;2;28;76;93m▀[0m[38;2;12;20;24m[48;2;12;31;41m▀[0m
[38;2;9;10;12m[48;2;10;11;13m▀[0m[38;2;10;11;13m[48;2;10;11;14m▀[0m[38;2;10;12;14m[48;2;11;13;15m▀[0m[38;2;12;14;16m[48;2;12;14;17m▀[0m[38;2;12;16;19m[48;2;13;18;23m▀[0m[38;2;15;25;32m[48;2;19;34;44m▀[0m[38;2;74;101;113m[48;2;38;84;107m▀[0m[38;2;99;165;188m[48;2;132;160;178m▀[0m[38;2;106;151;163m[48;2;149;130;197m▀[0m[38;2;116;147;159m[48;2;108;121;132m▀[0m[38;2;174;178;178m[48;2;165;179;188m▀[0m[38;2;126;142;153m[48;2;58;84;100m▀[0m[38;2;89;96;103m[48;2;116;125;131m▀[0m[38;2;180;189;194m[48;2;181;191;198m▀[0m[38;2;173;182;189m[48;2;170;179;183m▀[0m[38;2;175;184;191m[48;2;178;188;195m▀[0m[38;2;179;187;194m[48;2;177;183;186m▀[0m[38;2;170;176;179m[48;2;56;121;158m▀[0m[38;2;190;197;198m[48;2;146;172;187m▀[0m[38;2;102;116;119m[48;2;76;150;159m▀[0m[38;2;26;112;122m[48;2;15;170;172m▀[0m[38;2;29;92;103m[48;2;30;116;124m▀[0m[38;2;56;142;156m[48;2;39;106;117m▀[0m[38;2;61;181;183m[48;2;43;154;157m▀[0m[38;2;80;198;196m[48;2;47;81;86m▀[0m[38;2;38;134;140m[48;2;24;78;84m▀[0m[38;2;89;121;125m[48;2;60;97;100m▀[0m[38;2;80;129;133m[48;2;46;112;115m▀[0m[38;2;29;141;144m[48;2;17;72;75m▀[0m[38;2;23;88;92m[48;2;25;65;68m▀[0m[38;2;37;52;51m[48;2;26;71;75m▀[0m[38;2;15;96;102m[48;2;33;52;54m▀[0m[38;2;22;147;146m[48;2;86;148;152m▀[0m[38;2;11;50;52m[48;2;32;76;81m▀[0m[38;2;8;44;46m[48;2;8;37;41m▀[0m[38;2;13;48;51m[48;2;15;60;68m▀[0m[38;2;21;84;91m[48;2;14;54;58m▀[0m[38;2;23;99;111m[48;2;14;67;75m▀[0m[38;2;11;36;41m[48;2;42;75;79m▀[0m[38;2;8;41;46m[48;2;27;62;68m▀[0m[38;2;11;83;90m[48;2;26;80;83m▀[0m[38;2;99;223;221m[48;2;24;131;135m▀[0m[38;2;42;223;223m[48;2;24;166;168m▀[0m[38;2;29;135;140m[48;2;24;92;99m▀[0m[38;2;9;25;33m[48;2;11;21;31m▀[0m[38;2;7;18;25m[48;2;35;39;89m▀[0m[38;2;16;28;44m[48;2;63;57;149m▀[0m[38;2;27;35;56m[48;2;31;39;71m▀[0m[38;2;13;25;35m[48;2;9;27;37m▀[0m[38;2;11;28;38m[48;2;13;34;46m▀[0m[38;2;9;24;35m[48;2;11;30;40m▀[0m[38;2;10;26;36m[48;2;10;26;36m▀[0m[38;2;11;25;31m[48;2;19;36;47m▀[0m[38;2;13;48;56m[48;2;22;48;57m▀[0m[38;2;13;37;45m[48;2;16;55;67m▀[0m[38;2;21;52;66m[48;2;17;80;89m▀[0m[38;2;17;66;78m[48;2;22;182;188m▀[0m[38;2;12;28;40m[48;2;15;41;51m▀[0m[38;2;5;7;11m▄[0m
[38;2;10;11;13m[48;2;10;11;13m▀[0m[38;2;11;12;14m[48;2;10;12;14m▀[0m[38;2;11;13;15m[48;2;11;13;15m▀[0m[38;2;12;14;18m[48;2;12;15;18m▀[0m[38;2;14;22;27m[48;2;14;23;30m▀[0m[38;2;75;92;100m[48;2;34;62;77m▀[0m[38;2;215;226;228m[48;2;193;208;213m▀[0m[38;2;199;214;219m[48;2;185;216;220m▀[0m[38;2;143;120;195m[48;2;151;169;179m▀[0m[38;2;124;128;147m[48;2;125;139;154m▀[0m[38;2;131;140;148m[48;2;120;132;141m▀[0m[38;2;124;136;146m[48;2;167;198;205m▀[0m[38;2;109;135;151m[48;2;164;173;179m▀[0m[38;2;163;124;217m[48;2;152;133;192m▀[0m[38;2;147;111;199m[48;2;122;61;201m▀[0m[38;2;127;128;134m[48;2;99;119;148m▀[0m[38;2;136;175;187m[48;2;52;186;189m▀[0m[38;2;110;153;176m[48;2;70;128;127m▀[0m[38;2;167;176;178m[48;2;137;136;133m▀[0m[38;2;74;143;164m[48;2;135;174;184m▀[0m[38;2;57;174;184m[48;2;140;190;215m▀[0m[38;2;37;126;135m[48;2;72;122;139m▀[0m[38;2;48;89;96m[48;2;41;75;82m▀[0m[38;2;73;115;120m[48;2;50;76;83m▀[0m[38;2;32;70;73m[48;2;12;39;43m▀[0m[38;2;10;67;72m[48;2;12;32;35m▀[0m[38;2;9;35;36m[48;2;10;102;104m▀[0m[38;2;10;62;66m[48;2;8;31;36m▀[0m[38;2;59;97;105m[48;2;64;82;94m▀[0m[38;2;105;116;152m[48;2;55;73;125m▀[0m[38;2;37;60;68m[48;2;20;33;44m▀[0m[38;2;64;102;108m[48;2;43;65;73m▀[0m[38;2;71;136;142m[48;2;51;73;77m▀[0m[38;2;49;90;96m[48;2;73;91;96m▀[0m[38;2;28;49;54m[48;2;63;76;83m▀[0m[38;2;93;107;108m[48;2;38;67;72m▀[0m[38;2;101;117;119m[48;2;23;50;56m▀[0m[38;2;14;40;44m[48;2;8;17;20m▀[0m[38;2;20;51;56m[48;2;8;28;33m▀[0m[38;2;24;50;54m[48;2;7;23;26m▀[0m[38;2;9;48;51m[48;2;12;36;39m▀[0m[38;2;20;56;61m[48;2;15;38;43m▀[0m[38;2;62;98;102m[48;2;47;84;90m▀[0m[38;2;99;114;122m[48;2;47;77;88m▀[0m[38;2;53;53;143m[48;2;22;36;83m▀[0m[38;2;52;48;138m[48;2;29;38;97m▀[0m[38;2;37;37;100m[48;2;21;30;63m▀[0m[38;2;7;22;31m[48;2;8;22;31m▀[0m[38;2;3;17;24m[48;2;8;27;38m▀[0m[38;2;13;34;46m[48;2;9;27;38m▀[0m[38;2;12;37;49m[48;2;11;28;39m▀[0m[38;2;11;33;45m[48;2;14;32;44m▀[0m[38;2;15;30;40m[48;2;16;56;67m▀[0m[38;2;17;34;44m[48;2;14;32;41m▀[0m[38;2;11;26;32m[48;2;11;18;23m▀[0m[38;2;6;15;19m[48;2;65;91;99m▀[0m[38;2;28;109;113m[48;2;137;149;151m▀[0m[38;2;13;31;42m[48;2;17;33;42m▀[0m[38;2;10;21;27m[48;2;7;16;24m▀[0m
[38;2;10;11;13m[48;2;9;11;13m▀[0m[38;2;11;12;14m[48;2;11;12;15m▀[0m[38;2;11;13;16m[48;2;11;12;15m▀[0m[38;2;12;15;19m[48;2;12;15;19m▀[0m[38;2;13;23;31m[48;2;13;25;33m▀[0m[38;2;23;58;76m[48;2;29;70;89m▀[0m[38;2;153;179;193m[48;2;124;145;158m▀[0m[38;2;123;190;205m[48;2;137;196;209m▀[0m[38;2;146;163;167m[48;2;147;177;187m▀[0m[38;2;161;166;170m[48;2;138;169;179m▀[0m[38;2;140;148;154m[48;2;114;172;180m▀[0m[38;2;168;199;207m[48;2;131;170;175m▀[0m[38;2;179;200;202m[48;2;77;198;199m▀[0m[38;2;159;178;183m[48;2;46;157;159m▀[0m[38;2;120;136;152m[48;2;100;105;102m▀[0m[38;2;117;125;132m[48;2;102;101;95m▀[0m[38;2;117;123;122m[48;2;108;110;111m▀[0m[38;2;106;132;129m[48;2;133;171;169m▀[0m[38;2;89;135;138m[48;2;31;178;185m▀[0m[38;2;121;159;163m[48;2;45;197;198m▀[0m[38;2;69;118;123m[48;2;66;160;166m▀[0m[38;2;100;117;172m[48;2;125;123;193m▀[0m[38;2;74;96;133m[48;2;71;75;133m▀[0m[38;2;31;55;59m[48;2;29;77;82m▀[0m[38;2;20;31;32m[48;2;28;88;91m▀[0m[38;2;15;28;32m[48;2;15;32;35m▀[0m[38;2;9;35;38m[48;2;40;57;60m▀[0m[38;2;12;28;31m[48;2;102;125;128m▀[0m[38;2;39;51;58m[48;2;60;89;101m▀[0m[38;2;42;54;63m[48;2;90;94;93m▀[0m[38;2;47;55;60m[48;2;99;98;99m▀[0m[38;2;77;82;87m[48;2;101;105;110m▀[0m[38;2;99;101;106m[48;2;133;134;136m▀[0m[38;2;99;101;102m[48;2;99;104;108m▀[0m[38;2;99;113;121m[48;2;43;46;49m▀[0m[38;2;42;50;56m[48;2;69;81;90m▀[0m[38;2;47;56;59m[48;2;60;64;66m▀[0m[38;2;116;126;130m[48;2;56;63;69m▀[0m[38;2;57;68;72m[48;2;8;15;19m▀[0m[38;2;13;32;37m[48;2;17;47;54m▀[0m[38;2;8;25;29m[48;2;14;42;48m▀[0m[38;2;21;105;110m[48;2;5;27;29m▀[0m[38;2;10;34;39m[48;2;6;20;24m▀[0m[38;2;11;50;61m[48;2;43;50;74m▀[0m[38;2;16;38;68m[48;2;39;42;66m▀[0m[38;2;16;34;74m[48;2;16;29;42m▀[0m[38;2;10;21;32m[48;2;12;25;36m▀[0m[38;2;10;24;32m[48;2;10;22;31m▀[0m[38;2;11;28;39m[48;2;10;23;33m▀[0m[38;2;9;27;38m[48;2;8;28;39m▀[0m[38;2;11;25;37m[48;2;23;32;60m▀[0m[38;2;56;40;105m[48;2;140;64;222m▀[0m[38;2;31;33;73m[48;2;86;53;151m▀[0m[38;2;14;47;58m[48;2;14;42;53m▀[0m[38;2;10;60;65m[48;2;19;91;100m▀[0m[38;2;59;106;115m[48;2;21;54;72m▀[0m[38;2;18;31;40m[48;2;10;17;22m▀[0m[38;2;9;17;24m▀[0m[38;2;13;21;29m[48;2;16;39;55m▀[0m[38;2;9;13;17m[48;2;4;8;13m▀[0m
[38;2;10;11;13m[48;2;10;11;13m▀[0m[38;2;11;13;15m[48;2;11;13;15m▀[0m[38;2;11;14;17m[48;2;11;13;16m▀[0m[38;2;12;15;20m[48;2;12;17;22m▀[0m[38;2;13;28;38m[48;2;14;32;43m▀[0m[38;2;44;90;113m[48;2;71;108;129m▀[0m[38;2;172;187;198m[48;2;193;205;215m▀[0m[38;2;119;150;167m[48;2;121;134;142m▀[0m[38;2;69;204;210m[48;2;155;181;189m▀[0m[38;2;13;231;231m[48;2;83;200;209m▀[0m[38;2;72;208;213m[48;2;11;138;153m▀[0m[38;2;67;119;122m[48;2;68;152;160m▀[0m[38;2;127;151;153m[48;2;49;92;99m▀[0m[38;2;34;49;47m[48;2;64;77;79m▀[0m[38;2;67;81;92m[48;2;46;54;60m▀[0m[38;2;66;73;73m[48;2;15;19;23m▀[0m[38;2;129;132;134m[48;2;112;119;123m▀[0m[38;2;153;162;168m[48;2;168;175;181m▀[0m[38;2;137;169;174m[48;2;165;172;175m▀[0m[38;2;110;162;171m[48;2;146;170;174m▀[0m[38;2;41;91;95m[48;2;110;130;135m▀[0m[38;2;67;85;93m[48;2;76;114;122m▀[0m[38;2;67;88;114m[48;2;26;64;69m▀[0m[38;2;15;84;89m[48;2;25;47;50m▀[0m[38;2;15;131;135m[48;2;19;49;54m▀[0m[38;2;12;51;53m[48;2;24;39;41m▀[0m[38;2;26;42;49m[48;2;32;54;63m▀[0m[38;2;42;52;60m[48;2;89;93;95m▀[0m[38;2;77;85;89m[48;2;109;111;112m▀[0m[38;2;75;82;87m[48;2;140;143;147m▀[0m[38;2;149;150;152m[48;2;197;200;202m▀[0m[38;2;143;146;152m[48;2;248;248;247m▀[0m[38;2;87;106;114m[48;2;109;208;210m▀[0m[38;2;52;63;70m[48;2;29;118;127m▀[0m[38;2;35;39;43m[48;2;24;35;46m▀[0m[38;2;50;52;55m[48;2;27;32;38m▀[0m[38;2;34;41;49m[48;2;17;20;24m▀[0m[38;2;28;35;41m[48;2;20;27;34m▀[0m[38;2;7;10;15m[48;2;23;29;36m▀[0m[38;2;12;18;24m[48;2;54;60;67m▀[0m[38;2;16;38;44m[48;2;13;19;26m▀[0m[38;2;14;29;35m[48;2;33;42;50m▀[0m[38;2;7;12;17m[48;2;6;9;12m▀[0m[38;2;29;30;54m▀[0m[38;2;15;18;30m▀[0m[38;2;19;26;43m[48;2;12;16;30m▀[0m[38;2;22;33;47m[48;2;24;31;40m▀[0m[38;2;22;30;38m[48;2;35;42;51m▀[0m[38;2;9;24;31m▀[0m[38;2;18;169;175m[48;2;13;51;55m▀[0m[38;2;16;95;106m[48;2;17;61;82m▀[0m[38;2;17;29;53m[48;2;17;58;97m▀[0m[38;2;29;54;89m[48;2;24;105;141m▀[0m[38;2;10;30;42m[48;2;10;32;44m▀[0m[38;2;18;39;51m[48;2;17;33;43m▀[0m[38;2;24;72;98m[48;2;19;59;82m▀[0m[38;2;16;37;50m[48;2;15;40;56m▀[0m[38;2;15;29;38m[48;2;18;83;89m▀[0m[38;2;11;30;42m[48;2;25;96;107m▀[0m[38;2;4;9;15m[48;2;5;12;18m▀[0m
[38;2;10;12;14m[48;2;10;12;14m▀[0m[38;2;11;13;15m[48;2;11;12;15m▀[0m[38;2;11;13;16m[48;2;11;14;17m▀[0m[38;2;12;17;22m[48;2;12;18;23m▀[0m[38;2;16;37;50m[48;2;22;42;54m▀[0m[38;2;117;149;167m[48;2;150;174;189m▀[0m[38;2;187;205;217m[48;2;63;114;139m▀[0m[38;2;158;176;183m[48;2;79;133;155m▀[0m[38;2;124;190;200m[48;2;53;67;74m▀[0m[38;2;130;151;163m[48;2;38;59;65m▀[0m[38;2;61;153;161m[48;2;45;147;148m▀[0m[38;2;67;137;140m[48;2;42;60;60m▀[0m[38;2;48;109;115m[48;2;116;133;137m▀[0m[38;2;75;114;118m[48;2;61;87;90m▀[0m[38;2;42;50;52m[48;2;94;97;92m▀[0m[38;2;74;78;80m[48;2;116;118;120m▀[0m[38;2;169;170;171m[48;2;175;182;185m▀[0m[38;2;166;173;177m[48;2;190;197;201m▀[0m[38;2;200;211;212m[48;2;249;250;248m▀[0m[38;2;104;204;206m[48;2;184;199;199m▀[0m[38;2;45;155;161m[48;2;27;85;88m▀[0m[38;2;62;111;116m[48;2;22;56;60m▀[0m[38;2;73;79;75m[48;2;51;77;76m▀[0m[38;2;58;59;56m[48;2;102;101;97m▀[0m[38;2;87;97;102m[48;2;147;147;143m▀[0m[38;2;126;137;142m[48;2;107;108;107m▀[0m[38;2;98;102;104m[48;2;107;106;103m▀[0m[38;2;130;125;121m[48;2;100;105;107m▀[0m[38;2;131;131;131m[48;2;133;142;151m▀[0m[38;2;126;144;186m[48;2;121;125;133m▀[0m[38;2;112;116;125m[48;2;114;120;134m▀[0m[38;2;160;158;157m[48;2;45;52;64m▀[0m[38;2;89;97;101m[48;2;33;49;66m▀[0m[38;2;20;43;51m[48;2;19;31;45m▀[0m[38;2;27;43;60m[48;2;23;34;48m▀[0m[38;2;15;20;28m[48;2;9;15;22m▀[0m[38;2;14;18;24m[48;2;19;28;37m▀[0m[38;2;17;21;25m[48;2;14;23;30m▀[0m[38;2;13;18;24m[48;2;18;32;41m▀[0m[38;2;39;43;48m[48;2;12;16;22m▀[0m[38;2;10;15;20m[48;2;9;13;18m▀[0m[38;2;8;14;21m[48;2;11;20;26m▀[0m[38;2;13;23;30m[48;2;15;37;47m▀[0m[38;2;16;38;42m[48;2;50;105;115m▀[0m[38;2;42;58;67m▄[0m[38;2;11;18;25m[48;2;8;11;14m▀[0m[38;2;20;26;34m[48;2;10;14;18m▀[0m[38;2;92;95;99m[48;2;24;28;32m▀[0m[38;2;12;29;40m▄[0m[38;2;12;22;31m[48;2;13;30;54m▀[0m[38;2;10;25;40m[48;2;17;38;71m▀[0m[38;2;21;61;104m[48;2;22;86;148m▀[0m[38;2;25;73;96m[48;2;13;34;44m▀[0m[38;2;22;97;105m[48;2;15;36;46m▀[0m[38;2;11;21;28m[48;2;20;38;47m▀[0m[38;2;24;45;56m[48;2;20;33;43m▀[0m[38;2;22;50;64m[48;2;20;39;54m▀[0m[38;2;20;46;60m[48;2;16;36;47m▀[0m[38;2;18;41;54m[48;2;8;20;30m▀[0m[38;2;4;11;18m[48;2;4;12;19m▀[0m
[38;2;10;12;14m[48;2;10;12;14m▀[0m[38;2;11;12;15m[48;2;11;13;15m▀[0m[38;2;11;13;16m[48;2;12;13;16m▀[0m[38;2;12;18;23m[48;2;12;18;22m▀[0m[38;2;15;37;50m[48;2;14;36;49m▀[0m[38;2;90;129;150m[48;2;77;120;144m▀[0m[38;2;95;138;158m[48;2;170;178;186m▀[0m[38;2;93;133;154m[48;2;144;171;183m▀[0m[38;2;151;165;173m[48;2;111;179;196m▀[0m[38;2;86;123;129m[48;2;129;151;158m▀[0m[38;2;21;241;242m[48;2;111;154;158m▀[0m[38;2;19;138;140m[48;2;73;129;133m▀[0m[38;2;104;159;165m[48;2;109;125;129m▀[0m[38;2;102;110;113m[48;2;58;68;74m▀[0m[38;2;102;109;113m[48;2;116;128;135m▀[0m[38;2;106;135;142m[48;2;73;108;124m▀[0m[38;2;121;132;136m[48;2;47;70;79m▀[0m[38;2;166;192;192m[48;2;134;162;166m▀[0m[38;2;106;153;153m[48;2;102;169;178m▀[0m[38;2;40;97;100m[48;2;50;165;172m▀[0m[38;2;49;93;95m[48;2;25;134;138m▀[0m[38;2;57;92;94m[48;2;21;80;82m▀[0m[38;2;22;53;56m[48;2;80;122;132m▀[0m[38;2;54;75;80m[48;2;75;95;102m▀[0m[38;2;69;73;73m[48;2;30;35;38m▀[0m[38;2;144;136;129m[48;2;77;82;85m▀[0m[38;2;126;123;119m[48;2;114;115;115m▀[0m[38;2;133;135;136m[48;2;108;120;132m▀[0m[38;2;104;142;172m[48;2;115;118;120m▀[0m[38;2;111;128;149m[48;2;101;105;106m▀[0m[38;2;49;54;63m[48;2;26;35;41m▀[0m[38;2;13;20;28m[48;2;50;55;63m▀[0m[38;2;18;25;37m[48;2;21;28;37m▀[0m[38;2;41;47;57m[48;2;40;46;54m▀[0m[38;2;19;31;45m[48;2;37;42;48m▀[0m[38;2;11;14;19m[48;2;12;16;21m▀[0m[38;2;13;19;26m[48;2;12;16;23m▀[0m[38;2;13;16;19m[48;2;13;16;23m▀[0m[38;2;12;15;21m[48;2;23;38;49m▀[0m[38;2;10;16;24m[48;2;12;17;25m▀[0m[38;2;12;18;27m[48;2;15;21;31m▀[0m[38;2;13;20;28m[48;2;29;28;55m▀[0m[38;2;12;22;30m[48;2;13;20;28m▀[0m[38;2;12;33;46m[48;2;15;21;27m▀[0m[38;2;10;15;20m[48;2;16;20;24m▀[0m[38;2;10;13;17m[48;2;11;14;17m▀[0m[38;2;11;16;21m▀[0m[38;2;6;16;19m▄[0m[38;2;8;18;24m[48;2;14;46;53m▀[0m[38;2;11;24;32m[48;2;7;18;21m▀[0m[38;2;22;41;61m[48;2;9;28;37m▀[0m[38;2;14;35;51m[48;2;11;40;51m▀[0m[38;2;11;24;31m[48;2;14;48;63m▀[0m[38;2;14;22;28m[48;2;13;28;37m▀[0m[38;2;18;32;45m[48;2;31;39;50m▀[0m[38;2;40;50;78m[48;2;39;51;72m▀[0m[38;2;32;54;71m[48;2;20;50;60m▀[0m[38;2;11;46;59m[48;2;19;123;133m▀[0m[38;2;16;60;75m[48;2;14;41;55m▀[0m[38;2;11;23;31m[48;2;4;11;18m▀[0m
[38;2;11;12;14m[48;2;10;11;13m▀[0m[38;2;11;13;15m[48;2;11;12;15m▀[0m[38;2;11;13;16m[48;2;11;13;15m▀[0m[38;2;12;17;21m[48;2;12;16;20m▀[0m[38;2;15;34;46m[48;2;14;30;40m▀[0m[38;2;110;142;160m[48;2;84;124;142m▀[0m[38;2;175;187;197m[48;2;152;171;184m▀[0m[38;2;152;173;182m[48;2;139;162;182m▀[0m[38;2;115;161;174m[48;2;146;166;176m▀[0m[38;2;151;162;164m[48;2;170;173;174m▀[0m[38;2;115;123;132m[48;2;131;161;179m▀[0m[38;2;90;92;93m[48;2;126;143;158m▀[0m[38;2;134;134;132m[48;2;81;95;105m▀[0m[38;2;145;152;155m[48;2;84;98;109m▀[0m[38;2;140;158;172m[48;2;128;152;172m▀[0m[38;2;58;117;129m[48;2;90;123;135m▀[0m[38;2;84;117;125m[48;2;60;102;120m▀[0m[38;2;59;158;163m[48;2;38;81;102m▀[0m[38;2;98;169;177m[48;2;120;125;123m▀[0m[38;2;109;159;165m[48;2;140;139;136m▀[0m[38;2;80;139;143m[48;2;126;142;149m▀[0m[38;2;86;129;135m[48;2;211;222;224m▀[0m[38;2;128;171;186m[48;2;59;118;124m▀[0m[38;2;64;70;71m[48;2;41;123;126m▀[0m[38;2;29;37;39m[48;2;18;41;44m▀[0m[38;2;73;79;80m[48;2;43;52;53m▀[0m[38;2;134;138;138m[48;2;91;114;123m▀[0m[38;2;94;114;132m[48;2;28;105;144m▀[0m[38;2;73;84;94m[48;2;70;76;81m▀[0m[38;2;73;82;83m[48;2;68;72;76m▀[0m[38;2;35;42;49m[48;2;63;67;73m▀[0m[38;2;44;51;59m[48;2;78;82;88m▀[0m[38;2;16;21;29m[48;2;69;72;76m▀[0m[38;2;28;31;37m[48;2;22;28;34m▀[0m[38;2;19;24;30m[48;2;19;33;44m▀[0m[38;2;17;32;38m[48;2;9;14;19m▀[0m[38;2;13;17;24m[48;2;16;31;38m▀[0m[38;2;13;16;23m[48;2;14;27;42m▀[0m[38;2;12;16;25m[48;2;12;17;39m▀[0m[38;2;13;17;37m[48;2;10;16;43m▀[0m[38;2;24;21;69m[48;2;15;17;54m▀[0m[38;2;88;53;148m[48;2;22;25;60m▀[0m[38;2;15;20;31m[48;2;13;21;31m▀[0m[38;2;16;23;29m[48;2;17;24;30m▀[0m[38;2;15;19;23m[48;2;15;18;20m▀[0m[38;2;10;20;24m[48;2;7;20;24m▀[0m[38;2;7;19;22m[48;2;8;27;30m▀[0m[38;2;19;43;51m[48;2;9;20;24m▀[0m[38;2;8;21;26m[48;2;6;25;29m▀[0m[38;2;8;27;34m[48;2;16;52;60m▀[0m[38;2;13;35;44m[48;2;12;29;40m▀[0m[38;2;13;29;39m[48;2;12;25;34m▀[0m[38;2;10;22;31m[48;2;11;23;31m▀[0m[38;2;13;21;29m[48;2;13;29;41m▀[0m[38;2;20;34;43m[48;2;17;32;42m▀[0m[38;2;26;41;51m[48;2;15;37;49m▀[0m[38;2;16;39;47m[48;2;11;23;29m▀[0m[38;2;13;55;62m[48;2;10;22;30m▀[0m[38;2;22;61;76m[48;2;11;33;45m▀[0m[38;2;6;17;25m[48;2;4;9;15m▀[0m
[38;2;10;11;13m[48;2;9;10;12m▀[0m[38;2;11;12;15m[48;2;10;12;14m▀[0m[38;2;11;12;15m[48;2;11;13;15m▀[0m[38;2;11;15;18m[48;2;11;14;17m▀[0m[38;2;11;24;33m[48;2;12;21;28m▀[0m[38;2;29;70;92m[48;2;38;68;86m▀[0m[38;2;148;172;186m[48;2;164;181;193m▀[0m[38;2;163;182;195m[48;2;125;135;145m▀[0m[38;2;125;156;172m[48;2;163;179;184m▀[0m[38;2;110;156;168m[48;2;81;124;134m▀[0m[38;2;142;158;165m[48;2;93;107;113m▀[0m[38;2;81;101;119m[48;2;96;103;108m▀[0m[38;2;51;74;94m[48;2;175;174;171m▀[0m[38;2;95;110;122m[48;2;130;138;143m▀[0m[38;2;131;161;185m[48;2;129;155;175m▀[0m[38;2;130;150;166m[48;2;114;142;166m▀[0m[38;2;88;110;126m[48;2;132;150;164m▀[0m[38;2;65;94;112m[48;2;92;123;132m▀[0m[38;2;87;102;109m[48;2;102;115;126m▀[0m[38;2;156;154;152m[48;2;113;122;129m▀[0m[38;2;152;158;157m[48;2;83;99;113m▀[0m[38;2;113;142;152m[48;2;41;62;76m▀[0m[38;2;38;163;171m[48;2;117;131;138m▀[0m[38;2;24;154;155m[48;2;161;181;183m▀[0m[38;2;12;39;41m[48;2;32;77;83m▀[0m[38;2;15;30;37m[48;2;38;52;57m▀[0m[38;2;23;41;52m[48;2;42;54;61m▀[0m[38;2;40;84;100m[48;2;53;60;60m▀[0m[38;2;68;97;111m[48;2;32;44;48m▀[0m[38;2;37;57;65m[48;2;29;37;42m▀[0m[38;2;30;34;39m[48;2;31;38;46m▀[0m[38;2;66;69;74m[48;2;65;70;77m▀[0m[38;2;51;55;59m[48;2;48;56;63m▀[0m[38;2;22;26;32m[48;2;27;38;49m▀[0m[38;2;19;24;30m[48;2;21;26;33m▀[0m[38;2;31;49;55m[48;2;20;26;33m▀[0m[38;2;44;68;77m[48;2;22;28;36m▀[0m[38;2;16;22;36m[48;2;18;21;44m▀[0m[38;2;9;14;38m[48;2;16;18;53m▀[0m[38;2;10;14;43m[48;2;20;19;63m▀[0m[38;2;18;21;60m[48;2;20;23;55m▀[0m[38;2;12;20;33m[48;2;13;20;28m▀[0m[38;2;13;22;31m[48;2;6;15;20m▀[0m[38;2;16;25;33m[48;2;6;26;29m▀[0m[38;2;11;20;24m[48;2;10;33;37m▀[0m[38;2;17;43;46m[48;2;7;33;38m▀[0m[38;2;22;143;145m[48;2;7;25;29m▀[0m[38;2;20;64;71m[48;2;19;20;44m▀[0m[38;2;18;42;57m[48;2;28;21;70m▀[0m[38;2;22;29;64m[48;2;56;29;131m▀[0m[38;2;25;28;73m[48;2;42;22;121m▀[0m[38;2;63;49;112m[48;2;55;26;153m▀[0m[38;2;37;35;71m[48;2;98;53;190m▀[0m[38;2;13;26;38m[48;2;51;45;78m▀[0m[38;2;37;48;55m[48;2;11;20;27m▀[0m[38;2;16;83;101m[48;2;15;35;47m▀[0m[38;2;7;11;14m[48;2;19;39;51m▀[0m[38;2;20;35;47m[48;2;27;44;90m▀[0m[38;2;22;50;63m[48;2;17;42;54m▀[0m[38;2;5;8;13m[48;2;5;7;11m▀[0m
[38;2;9;10;12m[48;2;9;10;12m▀[0m[38;2;10;11;14m[48;2;10;11;13m▀[0m[38;2;11;13;15m[48;2;10;12;15m▀[0m[38;2;11;13;16m[48;2;11;12;15m▀[0m[38;2;11;19;24m[48;2;11;16;21m▀[0m[38;2;18;45;58m[48;2;14;33;45m▀[0m[38;2;121;142;157m[48;2;91;110;122m▀[0m[38;2;143;150;153m[48;2;141;167;180m▀[0m[38;2;178;178;177m[48;2;132;162;171m▀[0m[38;2;132;150;161m[48;2;123;138;148m▀[0m[38;2;98;110;115m[48;2;95;131;145m▀[0m[38;2;156;164;169m[48;2;123;136;147m▀[0m[38;2;182;185;186m[48;2;131;158;172m▀[0m[38;2;108;124;135m[48;2;95;133;161m▀[0m[38;2;116;131;142m[48;2;122;139;153m▀[0m[38;2;97;160;171m[48;2;98;145;155m▀[0m[38;2;46;209;211m[48;2;80;173;180m▀[0m[38;2;21;169;174m[48;2;75;145;154m▀[0m[38;2;53;75;81m[48;2;73;88;96m▀[0m[38;2;89;99;105m[48;2;110;131;137m▀[0m[38;2;46;64;77m[48;2;58;105;107m▀[0m[38;2;80;95;105m[48;2;74;103;113m▀[0m[38;2;149;156;162m[48;2;139;145;151m▀[0m[38;2;241;241;240m[48;2;191;191;187m▀[0m[38;2;174;174;172m[48;2;79;80;78m▀[0m[38;2;105;109;113m[48;2;29;32;31m▀[0m[38;2;61;90;101m[48;2;63;76;80m▀[0m[38;2;55;99;109m[48;2;47;85;92m▀[0m[38;2;15;44;51m[48;2;23;41;49m▀[0m[38;2;15;21;26m[48;2;17;23;28m▀[0m[38;2;20;25;33m[48;2;23;28;36m▀[0m[38;2;25;32;40m[48;2;16;22;29m▀[0m[38;2;28;37;47m[48;2;20;26;32m▀[0m[38;2;24;30;38m[48;2;24;29;36m▀[0m[38;2;27;32;38m[48;2;15;18;24m▀[0m[38;2;12;16;22m[48;2;20;28;37m▀[0m[38;2;18;22;28m[48;2;16;23;31m▀[0m[38;2;29;32;54m[48;2;18;22;28m▀[0m[38;2;27;27;73m[48;2;24;32;38m▀[0m[38;2;23;26;64m[48;2;21;34;43m▀[0m[38;2;15;26;39m[48;2;13;20;25m▀[0m[38;2;6;18;22m[48;2;37;50;54m▀[0m[38;2;7;42;47m[48;2;25;56;62m▀[0m[38;2;10;71;78m[48;2;21;75;81m▀[0m[38;2;9;60;67m[48;2;15;56;61m▀[0m[38;2;60;135;143m[48;2;25;45;51m▀[0m[38;2;24;33;40m[48;2;24;31;45m▀[0m[38;2;20;20;46m[48;2;25;29;54m▀[0m[38;2;35;20;83m[48;2;21;20;58m▀[0m[38;2;178;93;219m[48;2;82;57;133m▀[0m[38;2;179;110;224m[48;2;82;135;178m▀[0m[38;2;93;56;164m[48;2;18;61;74m▀[0m[38;2;27;29;63m[48;2;12;24;35m▀[0m[38;2;20;35;47m[48;2;20;37;47m▀[0m[38;2;10;18;25m[48;2;10;14;21m▀[0m[38;2;5;12;19m▀[0m[38;2;16;31;41m[48;2;18;35;47m▀[0m[38;2;18;41;53m[48;2;26;88;100m▀[0m[38;2;4;12;20m[48;2;7;18;25m▀[0m
[38;2;8;9;11m[48;2;8;9;11m▀[0m[38;2;9;11;13m[48;2;8;10;12m▀[0m[38;2;10;11;14m[48;2;9;11;13m▀[0m[38;2;10;12;15m[48;2;10;12;14m▀[0m[38;2;11;15;19m[48;2;10;13;17m▀[0m[38;2;11;24;34m[48;2;11;19;26m▀[0m[38;2;70;94;109m[48;2;55;78;90m▀[0m[38;2;155;179;187m[48;2;103;128;145m▀[0m[38;2;157;173;180m[48;2;79;136;161m▀[0m[38;2;138;160;175m[48;2;58;96;114m▀[0m[38;2;141;157;170m[48;2;183;192;196m▀[0m[38;2;117;136;153m[48;2;168;188;198m▀[0m[38;2;146;163;174m[48;2;148;180;186m▀[0m[38;2;73;142;160m[48;2;59;103;119m▀[0m[38;2;111;149;167m[48;2;66;106;121m▀[0m[38;2;139;155;168m[48;2;127;137;146m▀[0m[38;2;116;128;138m[48;2;150;159;167m▀[0m[38;2;148;158;166m[48;2;153;165;174m▀[0m[38;2;121;127;133m[48;2;143;148;153m▀[0m[38;2;99;115;121m[48;2;112;124;127m▀[0m[38;2;50;148;154m[48;2;89;164;170m▀[0m[38;2;40;90;94m[48;2;33;85;88m▀[0m[38;2;78;98;99m[48;2;12;48;51m▀[0m[38;2;122;128;129m[48;2;22;50;53m▀[0m[38;2;54;63;68m[48;2;35;48;54m▀[0m[38;2;57;60;59m[48;2;22;37;41m▀[0m[38;2;58;62;65m[48;2;28;30;31m▀[0m[38;2;25;31;35m[48;2;56;55;51m▀[0m[38;2;33;41;51m[48;2;60;59;59m▀[0m[38;2;27;33;42m[48;2;90;86;111m▀[0m[38;2;23;29;37m[48;2;41;52;72m▀[0m[38;2;26;33;40m[48;2;35;42;50m▀[0m[38;2;32;39;46m[48;2;37;44;53m▀[0m[38;2;31;38;44m[48;2;38;45;54m▀[0m[38;2;23;30;36m[48;2;29;35;43m▀[0m[38;2;61;70;79m[48;2;13;17;23m▀[0m[38;2;24;31;38m[48;2;18;21;26m▀[0m[38;2;20;24;29m[48;2;18;21;26m▀[0m[38;2;23;26;29m[48;2;17;18;20m▀[0m[38;2;22;30;36m[48;2;9;17;19m▀[0m[38;2;14;23;27m[48;2;6;18;22m▀[0m[38;2;11;28;32m[48;2;15;39;44m▀[0m[38;2;5;18;21m[48;2;4;20;22m▀[0m[38;2;2;12;14m[48;2;5;34;37m▀[0m[38;2;6;35;37m[48;2;16;137;139m▀[0m[38;2;19;59;66m[48;2;19;211;209m▀[0m[38;2;22;55;64m[48;2;19;175;177m▀[0m[38;2;26;35;46m[48;2;24;48;56m▀[0m[38;2;23;41;50m[48;2;25;40;50m▀[0m[38;2;13;61;70m[48;2;16;33;41m▀[0m[38;2;19;135;139m[48;2;18;56;64m▀[0m[38;2;22;83;92m[48;2;8;14;20m▀[0m[38;2;13;26;35m[48;2;20;36;47m▀[0m[38;2;18;38;51m[48;2;19;45;60m▀[0m[38;2;11;21;29m[48;2;20;29;37m▀[0m[38;2;25;40;59m[48;2;11;35;42m▀[0m[38;2;20;40;55m[48;2;13;34;44m▀[0m[38;2;10;26;37m[48;2;8;21;31m▀[0m[38;2;5;9;13m▀[0m
 [38;2;8;9;11m▀[0m[38;2;9;11;13m[48;2;8;10;12m▀[0m[38;2;9;11;14m[48;2;9;11;14m▀[0m[38;2;10;13;16m[48;2;10;12;14m▀[0m[38;2;11;16;21m[48;2;10;14;18m▀[0m[38;2;11;30;43m[48;2;10;21;29m▀[0m[38;2;54;101;126m[48;2;21;55;75m▀[0m[38;2;118;157;177m[48;2;149;187;205m▀[0m[38;2;39;93;119m[48;2;154;183;200m▀[0m[38;2;126;151;164m[48;2;96;140;162m▀[0m[38;2;185;193;196m[48;2;178;193;198m▀[0m[38;2;154;169;174m[48;2;141;158;167m▀[0m[38;2;174;179;180m[48;2;131;146;152m▀[0m[38;2;134;150;159m[48;2;81;177;184m▀[0m[38;2;135;141;146m[48;2;123;153;161m▀[0m[38;2;165;169;175m[48;2;143;145;146m▀[0m[38;2;164;160;153m[48;2;165;165;166m▀[0m[38;2;107;110;113m[48;2;117;123;126m▀[0m[38;2;53;73;83m[48;2;63;80;90m▀[0m[38;2;165;194;197m[48;2;186;213;215m▀[0m[38;2;91;128;129m[48;2;21;76;79m▀[0m[38;2;6;39;42m[48;2;6;54;57m▀[0m[38;2;8;44;46m[48;2;35;82;85m▀[0m[38;2;25;61;67m[48;2;107;114;113m▀[0m[38;2;20;38;43m[48;2;32;41;43m▀[0m[38;2;51;48;42m[48;2;67;63;54m▀[0m[38;2;62;69;70m[48;2;16;20;21m▀[0m[38;2;59;60;61m[48;2;15;21;26m▀[0m[38;2;122;109;150m[48;2;30;36;45m▀[0m[38;2;85;97;147m[48;2;52;69;92m▀[0m[38;2;55;62;83m[48;2;69;85;109m▀[0m[38;2;43;51;61m[48;2;54;62;74m▀[0m[38;2;42;50;62m[48;2;24;36;46m▀[0m[38;2;18;28;38m[48;2;17;27;37m▀[0m[38;2;16;20;25m[48;2;16;23;31m▀[0m[38;2;14;17;20m[48;2;11;15;20m▀[0m[38;2;13;18;22m[48;2;17;27;34m▀[0m[38;2;9;22;25m[48;2;9;21;26m▀[0m[38;2;7;26;30m[48;2;8;36;40m▀[0m[38;2;12;51;57m[48;2;30;67;73m▀[0m[38;2;11;45;50m[48;2;93;123;131m▀[0m[38;2;7;39;43m[48;2;9;49;55m▀[0m[38;2;11;58;63m[48;2;11;73;78m▀[0m[38;2;18;106;111m[48;2;16;52;60m▀[0m[38;2;21;175;177m[48;2;23;62;70m▀[0m[38;2;92;227;226m[48;2;29;52;59m▀[0m[38;2;52;77;82m[48;2;25;35;40m▀[0m[38;2;22;30;36m[48;2;13;17;20m▀[0m[38;2;10;15;21m▄[0m[38;2;5;8;11m[48;2;11;15;23m▀[0m[38;2;24;49;62m[48;2;27;40;57m▀[0m[38;2;17;41;54m[48;2;25;50;65m▀[0m[38;2;17;35;46m[48;2;25;94;103m▀[0m[38;2;20;52;62m[48;2;17;76;84m▀[0m[38;2;16;36;46m[48;2;9;16;22m▀[0m[38;2;13;36;47m[48;2;6;20;31m▀[0m[38;2;5;12;18m[48;2;5;7;11m▀[0m
  [38;2;8;9;11m▀[0m[38;2;9;10;12m[48;2;8;10;12m▀[0m[38;2;9;11;13m[48;2;9;11;13m▀[0m[38;2;10;12;15m[48;2;10;11;14m▀[0m[38;2;10;16;21m[48;2;10;13;17m▀[0m[38;2;11;32;45m[48;2;9;20;28m▀[0m[38;2;78;118;137m[48;2;20;51;67m▀[0m[38;2;162;179;192m[48;2;125;145;159m▀[0m[38;2;133;156;167m[48;2;178;191;199m▀[0m[38;2;114;201;202m[48;2;156;168;178m▀[0m[38;2;121;129;127m[48;2;137;149;152m▀[0m[38;2;135;182;186m[48;2;63;98;110m▀[0m[38;2;72;197;198m[48;2;75;88;95m▀[0m[38;2;112;145;156m[48;2;154;159;163m▀[0m[38;2;115;117;114m[48;2;140;151;168m▀[0m[38;2;127;122;115m[48;2;93;114;124m▀[0m[38;2;97;98;97m[48;2;56;56;53m▀[0m[38;2;141;146;151m[48;2;82;82;78m▀[0m[38;2;160;185;186m[48;2;130;132;134m▀[0m[38;2;47;159;161m[48;2;118;122;123m▀[0m[38;2;40;155;161m[48;2;102;107;111m▀[0m[38;2;66;95;100m[48;2;103;112;115m▀[0m[38;2;218;221;221m[48;2;119;154;161m▀[0m[38;2;126;141;140m[48;2;65;99;108m▀[0m[38;2;49;62;61m[48;2;65;97;111m▀[0m[38;2;12;27;30m[48;2;57;108;114m▀[0m[38;2;11;33;36m[48;2;17;65;71m▀[0m[38;2;17;34;39m[48;2;17;60;64m▀[0m[38;2;85;95;108m[48;2;20;43;48m▀[0m[38;2;111;123;139m[48;2;134;143;145m▀[0m[38;2;69;91;105m[48;2;85;113;125m▀[0m[38;2;24;46;59m[48;2;13;28;32m▀[0m[38;2;14;24;33m[48;2;13;23;27m▀[0m[38;2;19;26;33m[48;2;7;19;22m▀[0m[38;2;17;26;32m[48;2;8;23;26m▀[0m[38;2;28;41;47m[48;2;24;39;44m▀[0m[38;2;11;20;26m[48;2;11;27;33m▀[0m[38;2;10;24;30m[48;2;18;33;41m▀[0m[38;2;20;50;59m[48;2;20;40;50m▀[0m[38;2;36;48;52m[48;2;16;28;36m▀[0m[38;2;19;38;45m[48;2;16;31;40m▀[0m[38;2;19;59;71m[48;2;19;37;46m▀[0m[38;2;24;46;58m[48;2;24;42;54m▀[0m[38;2;21;40;50m[48;2;25;34;39m▀[0m[38;2;24;36;43m[48;2;24;26;27m▀[0m[38;2;17;23;28m[48;2;13;22;28m▀[0m[38;2;9;22;28m[48;2;17;29;37m▀[0m[38;2;21;39;49m[48;2;24;35;46m▀[0m[38;2;29;42;51m[48;2;22;42;54m▀[0m[38;2;28;49;62m[48;2;22;50;64m▀[0m[38;2;30;72;83m[48;2;23;72;82m▀[0m[38;2;16;53;62m[48;2;22;54;61m▀[0m[38;2;13;30;39m[48;2;21;33;41m▀[0m[38;2;16;31;43m[48;2;10;27;38m▀[0m[38;2;5;13;20m[48;2;5;8;12m▀[0m
   [38;2;8;9;11m▀[0m[38;2;9;10;12m[48;2;8;9;12m▀[0m[38;2;9;11;13m[48;2;8;10;12m▀[0m[38;2;9;11;15m[48;2;9;11;14m▀[0m[38;2;9;14;20m[48;2;10;12;16m▀[0m[38;2;10;27;38m[48;2;9;17;24m▀[0m[38;2;85;112;128m[48;2;14;37;52m▀[0m[38;2;161;175;184m[48;2;115;136;149m▀[0m[38;2;140;175;190m[48;2;131;144;155m▀[0m[38;2;137;148;155m[48;2;142;147;153m▀[0m[38;2;97;105;107m[48;2;54;73;80m▀[0m[38;2;85;88;87m[48;2;75;89;95m▀[0m[38;2;190;197;211m[48;2;198;208;230m▀[0m[38;2;120;134;159m[48;2;111;122;154m▀[0m[38;2;83;98;111m[48;2;36;49;76m▀[0m[38;2;42;50;54m[48;2;14;28;35m▀[0m[38;2;55;74;74m[48;2;19;35;42m▀[0m[38;2;63;68;72m[48;2;14;22;27m▀[0m[38;2;109;120;131m[48;2;14;23;28m▀[0m[38;2;114;130;139m[48;2;79;93;103m▀[0m[38;2;61;153;160m[48;2;102;136;146m▀[0m[38;2;59;114;124m[48;2;131;158;173m▀[0m[38;2;92;112;122m[48;2;55;77;92m▀[0m[38;2;142;171;177m[48;2;56;90;96m▀[0m[38;2;26;83;92m[48;2;46;93;101m▀[0m[38;2;36;68;72m[48;2;26;51;58m▀[0m[38;2;104;165;170m[48;2;67;103;105m▀[0m[38;2;21;69;74m[48;2;148;161;158m▀[0m[38;2;16;36;39m[48;2;83;99;96m▀[0m[38;2;9;26;28m[48;2;30;56;57m▀[0m[38;2;7;31;33m[48;2;19;61;65m▀[0m[38;2;9;27;31m[48;2;30;63;72m▀[0m[38;2;12;48;53m[48;2;22;59;63m▀[0m[38;2;28;59;66m[48;2;49;68;72m▀[0m[38;2;20;41;46m[48;2;11;37;43m▀[0m[38;2;11;31;34m[48;2;13;42;48m▀[0m[38;2;15;36;44m[48;2;17;38;44m▀[0m[38;2;14;36;47m[48;2;30;47;58m▀[0m[38;2;11;27;36m[48;2;21;34;42m▀[0m[38;2;14;33;44m[48;2;24;33;38m▀[0m[38;2;24;41;53m[48;2;26;30;31m▀[0m[38;2;28;36;41m[48;2;21;32;36m▀[0m[38;2;19;24;26m[48;2;16;41;45m▀[0m[38;2;8;26;29m[48;2;8;48;53m▀[0m[38;2;10;53;58m[48;2;26;176;179m▀[0m[38;2;21;38;46m[48;2;15;47;58m▀[0m[38;2;20;44;56m[48;2;13;38;51m▀[0m[38;2;21;49;64m[48;2;18;44;56m▀[0m[38;2;18;57;65m[48;2;16;76;84m▀[0m[38;2;15;78;86m[48;2;25;120;126m▀[0m[38;2;14;29;37m[48;2;19;56;69m▀[0m[38;2;13;25;35m[48;2;5;16;25m▀[0m[38;2;4;12;18m▀[0m
     [38;2;8;9;11m[48;2;7;9;11m▀[0m[38;2;9;10;13m[48;2;9;10;13m▀[0m[38;2;9;11;14m[48;2;9;10;13m▀[0m[38;2;10;13;17m[48;2;9;11;14m▀[0m[38;2;9;20;28m[48;2;9;14;19m▀[0m[38;2;24;50;65m[48;2;14;29;39m▀[0m[38;2;166;187;199m[48;2;83;140;153m▀[0m[38;2;103;144;154m[48;2;83;147;158m▀[0m[38;2;105;125;138m[48;2;151;152;154m▀[0m[38;2;126;148;161m[48;2;178;175;187m▀[0m[38;2;175;174;223m[48;2;121;88;198m▀[0m[38;2;108;43;193m[48;2;89;66;138m▀[0m[38;2;84;34;164m[48;2;51;60;75m▀[0m[38;2;46;51;74m[48;2;91;105;113m▀[0m[38;2;27;42;50m[48;2;101;121;141m▀[0m[38;2;22;33;39m[48;2;51;82;116m▀[0m[38;2;12;17;21m[48;2;22;35;43m▀[0m[38;2;19;30;38m[48;2;26;35;41m▀[0m[38;2;130;146;159m[48;2;91;104;114m▀[0m[38;2;122;147;163m[48;2;95;160;177m▀[0m[38;2;34;97;114m[48;2;58;110;121m▀[0m[38;2;22;99;107m[48;2;66;79;118m▀[0m[38;2;22;39;47m[48;2;36;65;87m▀[0m[38;2;27;48;55m[48;2;19;77;88m▀[0m[38;2;42;94;101m[48;2;30;93;104m▀[0m[38;2;182;200;200m[48;2;119;151;155m▀[0m[38;2;236;237;234m[48;2;251;250;250m▀[0m[38;2;93;117;116m[48;2;81;168;164m▀[0m[38;2;32;86;97m[48;2;36;174;182m▀[0m[38;2;26;74;83m[48;2;25;62;72m▀[0m[38;2;55;180;182m[48;2;60;156;158m▀[0m[38;2;29;107;109m[48;2;30;67;73m▀[0m[38;2;18;44;53m[48;2;30;42;47m▀[0m[38;2;21;61;68m[48;2;32;45;52m▀[0m[38;2;22;50;61m[48;2;36;45;50m▀[0m[38;2;28;40;48m[48;2;26;40;46m▀[0m[38;2;36;40;43m[48;2;34;46;50m▀[0m[38;2;37;40;43m[48;2;46;57;62m▀[0m[38;2;15;33;34m[48;2;16;52;58m▀[0m[38;2;6;48;50m[48;2;3;47;49m▀[0m[38;2;5;45;49m[48;2;7;61;64m▀[0m[38;2;16;41;50m[48;2;18;43;51m▀[0m[38;2;18;36;45m[48;2;23;55;66m▀[0m[38;2;16;37;49m[48;2;25;41;51m▀[0m[38;2;19;41;52m[48;2;12;23;29m▀[0m[38;2;14;50;59m[48;2;16;47;54m▀[0m[38;2;29;180;181m[48;2;20;72;83m▀[0m[38;2;14;29;37m[48;2;9;24;33m▀[0m[38;2;6;20;31m[48;2;5;11;17m▀[0m[38;2;5;9;13m▀[0m
      [38;2;8;9;11m[48;2;7;9;11m▀[0m[38;2;8;10;12m[48;2;8;9;12m▀[0m[38;2;8;10;13m[48;2;8;9;12m▀[0m[38;2;10;12;15m[48;2;9;10;13m▀[0m[38;2;9;16;22m[48;2;9;11;15m▀[0m[38;2;9;26;37m[48;2;9;15;20m▀[0m[38;2;25;58;77m[48;2;10;25;37m▀[0m[38;2;92;119;136m[48;2;26;62;81m▀[0m[38;2;131;137;141m[48;2;122;145;158m▀[0m[38;2;118;133;141m[48;2;59;82;94m▀[0m[38;2;187;184;174m[48;2;145;181;192m▀[0m[38;2;63;147;154m[48;2;32;123;127m▀[0m[38;2;55;108;117m[48;2;94;125;135m▀[0m[38;2;115;137;163m[48;2;30;34;40m▀[0m[38;2;39;63;83m▀[0m[38;2;28;44;56m[48;2;24;39;47m▀[0m[38;2;49;58;66m[48;2;119;135;147m▀[0m[38;2;39;49;57m[48;2;180;199;218m▀[0m[38;2;50;58;64m[48;2;58;69;81m▀[0m[38;2;81;90;97m[48;2;24;32;42m▀[0m[38;2;116;60;177m[48;2;88;67;114m▀[0m[38;2;124;49;197m[48;2;131;82;190m▀[0m[38;2;39;79;96m[48;2;50;63;79m▀[0m[38;2;35;59;69m[48;2;48;61;70m▀[0m[38;2;64;91;99m[48;2;65;77;85m▀[0m[38;2;179;208;210m[48;2;116;157;166m▀[0m[38;2;32;180;182m[48;2;19;86;98m▀[0m[38;2;37;156;164m[48;2;38;59;67m▀[0m[38;2;30;49;57m[48;2;18;72;79m▀[0m[38;2;30;49;57m[48;2;10;31;33m▀[0m[38;2;25;43;49m[48;2;11;39;43m▀[0m[38;2;27;30;30m[48;2;21;70;78m▀[0m[38;2;33;37;40m[48;2;18;25;28m▀[0m[38;2;23;26;29m[48;2;8;12;16m▀[0m[38;2;8;16;18m▀[0m[38;2;12;25;33m[48;2;9;21;35m▀[0m[38;2;5;29;31m[48;2;18;34;41m▀[0m[38;2;11;47;50m[48;2;19;43;51m▀[0m[38;2;9;27;34m[48;2;18;32;38m▀[0m[38;2;18;53;62m[48;2;23;41;49m▀[0m[38;2;21;41;50m[48;2;19;32;39m▀[0m[38;2;39;52;59m[48;2;21;35;40m▀[0m[38;2;32;43;49m[48;2;17;31;39m▀[0m[38;2;17;47;54m[48;2;30;45;55m▀[0m[38;2;29;44;52m[48;2;11;27;39m▀[0m[38;2;15;38;52m[48;2;4;12;21m▀[0m[38;2;10;24;33m▀[0m
       [38;2;8;9;11m▀[0m[38;2;8;9;12m[48;2;8;9;11m▀[0m[38;2;8;10;12m[48;2;8;9;11m▀[0m[38;2;9;10;13m[48;2;7;9;11m▀[0m[38;2;9;12;15m[48;2;8;10;12m▀[0m[38;2;8;14;20m[48;2;8;11;14m▀[0m[38;2;10;26;36m[48;2;8;13;19m▀[0m[38;2;43;87;108m[48;2;8;21;30m▀[0m[38;2;68;123;149m[48;2;15;44;61m▀[0m[38;2;150;178;188m[48;2;131;168;183m▀[0m[38;2;85;134;147m[48;2;54;115;136m▀[0m[38;2;139;151;160m[48;2;129;141;146m▀[0m[38;2;78;85;91m[48;2;128;148;157m▀[0m[38;2;39;61;72m[48;2;85;123;139m▀[0m[38;2;42;51;58m[48;2;111;121;126m▀[0m[38;2;95;112;125m[48;2;131;128;123m▀[0m[38;2;119;135;155m[48;2;73;79;86m▀[0m[38;2;18;32;47m[48;2;58;64;68m▀[0m[38;2;21;32;42m[48;2;47;57;65m▀[0m[38;2;36;45;55m[48;2;31;43;51m▀[0m[38;2;46;58;72m[48;2;29;42;51m▀[0m[38;2;62;74;84m[48;2;85;91;95m▀[0m[38;2;63;74;81m[48;2;60;69;74m▀[0m[38;2;63;71;79m[48;2;40;50;56m▀[0m[38;2;77;100;107m[48;2;32;67;77m▀[0m[38;2;57;84;91m[48;2;48;63;71m▀[0m[38;2;23;50;56m[48;2;92;116;127m▀[0m[38;2;18;225;227m[48;2;35;194;196m▀[0m[38;2;9;73;76m[48;2;17;114;117m▀[0m[38;2;22;58;66m[48;2;26;38;43m▀[0m[38;2;25;37;42m[48;2;24;29;33m▀[0m[38;2;24;30;34m[48;2;22;32;40m▀[0m[38;2;22;69;76m[48;2;24;39;48m▀[0m[38;2;14;70;78m[48;2;25;64;71m▀[0m[38;2;14;31;47m[48;2;27;45;56m▀[0m[38;2;9;14;17m[48;2;17;49;54m▀[0m[38;2;14;45;51m[48;2;21;117;123m▀[0m[38;2;13;60;68m[48;2;21;187;187m▀[0m[38;2;22;51;60m[48;2;26;128;136m▀[0m[38;2;22;49;56m[48;2;18;37;48m▀[0m[38;2;24;132;138m[48;2;26;45;57m▀[0m[38;2;23;50;64m[48;2;23;39;50m▀[0m[38;2;56;79;100m[48;2;8;16;24m▀[0m[38;2;4;14;22m▀[0m
         [38;2;7;9;11m▀[0m[38;2;8;9;11m[48;2;7;9;11m▀[0m[38;2;8;9;11m[48;2;7;9;11m▀[0m[38;2;8;9;12m[48;2;8;9;11m▀[0m[38;2;8;10;13m[48;2;7;9;11m▀[0m[38;2;8;13;17m[48;2;8;10;12m▀[0m[38;2;10;21;29m[48;2;8;12;16m▀[0m[38;2;79;134;144m[48;2;8;16;23m▀[0m[38;2;42;99;120m[48;2;7;21;30m▀[0m[38;2;78;100;114m[48;2;9;31;44m▀[0m[38;2;60;101;114m[48;2;41;67;83m▀[0m[38;2;130;149;161m[48;2;201;203;206m▀[0m[38;2;126;141;151m[48;2;156;164;171m▀[0m[38;2;115;143;154m[48;2;136;143;143m▀[0m[38;2;109;114;120m[48;2;145;137;126m▀[0m[38;2;102;114;123m[48;2;91;94;98m▀[0m[38;2;129;125;119m[48;2;71;85;88m▀[0m[38;2;66;75;81m[48;2;32;106;116m▀[0m[38;2;44;60;71m[48;2;34;98;107m▀[0m[38;2;35;58;69m[48;2;16;28;34m▀[0m[38;2;57;82;97m[48;2;39;55;63m▀[0m[38;2;22;30;34m[48;2;45;55;63m▀[0m[38;2;26;33;39m[48;2;33;46;57m▀[0m[38;2;12;21;27m[48;2;37;51;70m▀[0m[38;2;32;42;49m[48;2;18;29;43m▀[0m[38;2;73;147;154m[48;2;22;39;59m▀[0m[38;2;24;138;143m[48;2;16;32;41m▀[0m[38;2;10;18;26m[48;2;17;25;32m▀[0m[38;2;25;35;43m[48;2;27;37;44m▀[0m[38;2;24;40;49m[48;2;22;38;47m▀[0m[38;2;25;37;45m[48;2;29;47;57m▀[0m[38;2;22;34;42m[48;2;31;50;61m▀[0m[38;2;29;43;52m[48;2;10;26;36m▀[0m[38;2;21;37;46m[48;2;16;37;51m▀[0m[38;2;30;71;81m[48;2;22;34;42m▀[0m[38;2;26;52;61m[48;2;26;42;53m▀[0m[38;2;22;45;55m[48;2;13;30;42m▀[0m[38;2;20;40;53m[48;2;14;27;36m▀[0m[38;2;5;19;30m[48;2;5;8;13m▀[0m[38;2;5;10;15m▀[0m
              [38;2;7;8;11m▀[0m[38;2;7;9;12m▀[0m[38;2;8;10;13m[48;2;7;9;11m▀[0m[38;2;7;11;16m[48;2;7;9;12m▀[0m[38;2;6;15;21m[48;2;7;9;13m▀[0m[38;2;9;23;33m[48;2;6;11;16m▀[0m[38;2;31;49;61m[48;2;6;14;21m▀[0m[38;2;46;82;97m[48;2;8;21;31m▀[0m[38;2;93;136;148m[48;2;8;29;42m▀[0m[38;2;109;122;131m[48;2;41;63;74m▀[0m[38;2;53;71;76m[48;2;25;185;187m▀[0m[38;2;101;126;135m[48;2;86;104;112m▀[0m[38;2;47;127;136m[48;2;110;116;120m▀[0m[38;2;23;42;51m[48;2;103;112;118m▀[0m[38;2;16;36;46m[48;2;63;73;78m▀[0m[38;2;26;45;55m[48;2;40;56;64m▀[0m[38;2;40;46;50m[48;2;83;97;108m▀[0m[38;2;51;65;76m[48;2;54;65;75m▀[0m[38;2;48;63;83m[48;2;38;55;73m▀[0m[38;2;26;52;79m[48;2;23;46;63m▀[0m[38;2;15;40;72m[48;2;25;46;68m▀[0m[38;2;17;29;42m[48;2;24;77;85m▀[0m[38;2;24;39;46m[48;2;19;74;82m▀[0m[38;2;27;41;53m[48;2;32;50;60m▀[0m[38;2;11;17;22m[48;2;22;38;48m▀[0m[38;2;14;23;29m[48;2;21;41;54m▀[0m[38;2;41;62;75m[48;2;33;55;66m▀[0m[38;2;14;29;40m[48;2;9;27;39m▀[0m[38;2;12;22;33m[48;2;12;23;31m▀[0m[38;2;6;22;33m[48;2;5;10;16m▀[0m[38;2;4;16;26m[48;2;5;8;11m▀[0m[38;2;5;10;16m▀[0m
                  [38;2;7;9;11m▀[0m[38;2;7;9;11m▀[0m[38;2;7;9;11m▀[0m[38;2;7;10;14m▀[0m[38;2;5;11;17m[48;2;6;8;11m▀[0m[38;2;6;17;25m[48;2;6;9;11m▀[0m[38;2;13;47;56m[48;2;6;10;14m▀[0m[38;2;7;26;38m[48;2;5;11;16m▀[0m[38;2;34;55;66m[48;2;6;13;19m▀[0m[38;2;25;46;59m[48;2;5;14;22m▀[0m[38;2;47;92;103m[48;2;7;19;28m▀[0m[38;2;22;178;182m[48;2;6;23;33m▀[0m[38;2;30;81;91m[48;2;6;22;32m▀[0m[38;2;31;41;50m[48;2;6;21;31m▀[0m[38;2;46;65;82m[48;2;6;21;31m▀[0m[38;2;39;53;65m[48;2;6;20;30m▀[0m[38;2;31;48;64m[48;2;6;18;27m▀[0m[38;2;15;46;58m[48;2;5;16;24m▀[0m[38;2;20;112;120m[48;2;5;14;21m▀[0m[38;2;10;33;46m[48;2;5;11;17m▀[0m[38;2;5;23;35m[48;2;5;10;14m▀[0m[38;2;5;17;27m[48;2;6;8;11m▀[0m[38;2;5;13;20m▀[0m[38;2;4;9;14m▀[0m[38;2;6;7;11m▀[0m
                          [38;2;6;8;11m▀[0m[38;2;6;8;11m▀[0m[38;2;6;9;12m▀[0m[38;2;6;9;12m▀[0m[38;2;6;9;13m▀[0m[38;2;6;9;13m▀[0m[38;2;6;9;13m▀[0m[38;2;6;8;12m▀[0m[38;2;6;8;11m▀[0m[38;2;6;8;11m▀[0m
