          [38;2;9;10;11m▄[0m[38;2;8;10;12m▄[0m[38;2;8;11;14m▄[0m[38;2;8;9;11m[48;2;8;14;19m▀[0m[38;2;8;9;12m[48;2;7;21;29m▀[0m[38;2;8;10;13m[48;2;23;45;58m▀[0m[38;2;8;12;16m[48;2;48;85;98m▀[0m[38;2;8;14;20m[48;2;93;119;131m▀[0m[38;2;8;16;23m[48;2;129;154;165m▀[0m[38;2;7;16;23m[48;2;80;108;123m▀[0m[38;2;7;15;23m[48;2;96;119;135m▀[0m[38;2;7;14;20m[48;2;65;87;101m▀[0m[38;2;6;12;17m[48;2;42;66;81m▀[0m[38;2;7;10;14m[48;2;69;94;105m▀[0m[38;2;7;9;11m[48;2;9;31;43m▀[0m[38;2;8;20;29m▄[0m[38;2;6;10;16m▄[0m
      [38;2;9;10;12m▄[0m[38;2;8;9;11m[48;2;9;10;13m▀[0m[38;2;8;10;12m[48;2;10;12;15m▀[0m[38;2;9;10;12m[48;2;9;14;19m▀[0m[38;2;9;11;15m[48;2;11;27;37m▀[0m[38;2;9;16;22m[48;2;76;102;115m▀[0m[38;2;11;31;42m[48;2;83;148;160m▀[0m[38;2;46;77;94m[48;2;109;187;199m▀[0m[38;2;80;109;128m[48;2;141;156;168m▀[0m[38;2;158;178;189m[48;2;125;137;145m▀[0m[38;2;169;192;204m[48;2;121;129;134m▀[0m[38;2;157;189;203m[48;2;111;181;188m▀[0m[38;2;121;136;145m[48;2;156;183;189m▀[0m[38;2;118;130;139m[48;2;141;146;146m▀[0m[38;2;103;114;122m[48;2;48;63;71m▀[0m[38;2;68;89;101m[48;2;131;134;140m▀[0m[38;2;83;105;123m[48;2;96;103;132m▀[0m[38;2;118;145;160m[48;2;77;92;105m▀[0m[38;2;109;132;148m[48;2;62;80;93m▀[0m[38;2;57;74;91m[48;2;40;59;71m▀[0m[38;2;33;51;62m[48;2;45;106;116m▀[0m[38;2;26;38;47m[48;2;60;85;99m▀[0m[38;2;15;22;27m[48;2;30;57;72m▀[0m[38;2;14;26;35m▄[0m[38;2;6;8;11m▄[0m
   [38;2;8;9;11m▄[0m[38;2;8;9;11m[48;2;9;10;12m▀[0m[38;2;9;10;13m[48;2;9;11;13m▀[0m[38;2;9;11;13m[48;2;10;12;16m▀[0m[38;2;10;12;15m[48;2;10;18;24m▀[0m[38;2;10;17;22m[48;2;29;57;73m▀[0m[38;2;17;41;55m[48;2;127;152;170m▀[0m[38;2;108;142;160m[48;2;116;140;170m▀[0m[38;2;159;177;191m[48;2;130;146;156m▀[0m[38;2;61;135;141m[48;2;97;164;171m▀[0m[38;2;17;146;149m[48;2;91;124;132m▀[0m[38;2;78;106;110m[48;2;112;122;125m▀[0m[38;2;111;126;134m[48;2;133;174;190m▀[0m[38;2;119;128;135m[48;2;137;161;176m▀[0m[38;2;118;151;169m[48;2;146;134;181m▀[0m[38;2;26;36;41m[48;2;57;74;76m▀[0m[38;2;28;44;50m[48;2;65;70;71m▀[0m[38;2;15;22;28m[48;2;44;75;83m▀[0m[38;2;21;39;49m[48;2;60;74;83m▀[0m[38;2;31;44;54m[48;2;85;100;105m▀[0m[38;2;61;78;90m[48;2;120;130;133m▀[0m[38;2;48;66;76m[48;2;177;200;204m▀[0m[38;2;43;82;92m[48;2;63;143;160m▀[0m[38;2;40;91;102m[48;2;148;151;188m▀[0m[38;2;47;63;81m[48;2;113;98;145m▀[0m[38;2;34;60;74m[48;2;33;70;85m▀[0m[38;2;13;33;45m[48;2;22;48;62m▀[0m[38;2;7;24;34m[48;2;22;52;69m▀[0m[38;2;5;9;12m[48;2;14;36;47m▀[0m[38;2;5;8;12m▄[0m
 [38;2;8;9;11m▄[0m[38;2;8;10;11m[48;2;9;10;12m▀[0m[38;2;8;10;12m[48;2;9;11;14m▀[0m[38;2;9;11;13m[48;2;10;12;15m▀[0m[38;2;10;12;15m[48;2;10;16;21m▀[0m[38;2;11;19;24m[48;2;21;45;59m▀[0m[38;2;53;77;89m[48;2;115;148;168m▀[0m[38;2;118;158;173m[48;2;87;142;155m▀[0m[38;2;165;174;177m[48;2;159;178;182m▀[0m[38;2;67;72;76m[48;2;122;175;179m▀[0m[38;2;85;111;133m[48;2;110;127;139m▀[0m[38;2;131;157;170m[48;2;65;78;86m▀[0m[38;2;71;150;169m[48;2;60;72;78m▀[0m[38;2;62;182;185m[48;2;26;71;75m▀[0m[38;2;125;133;129m[48;2;47;65;71m▀[0m[38;2;127;132;136m[48;2;93;114;136m▀[0m[38;2;102;84;148m[48;2;55;67;79m▀[0m[38;2;29;78;86m[48;2;63;87;91m▀[0m[38;2;112;131;134m[48;2;197;220;221m▀[0m[38;2;86;145;149m[48;2;63;220;218m▀[0m[38;2;112;128;133m[48;2;52;78;81m▀[0m[38;2;103;157;160m[48;2;44;91;95m▀[0m[38;2;233;238;236m[48;2;91;110;118m▀[0m[38;2;116;140;155m[48;2;66;86;114m▀[0m[38;2;48;108;143m[48;2;19;124;130m▀[0m[38;2;89;61;149m[48;2;22;31;58m▀[0m[38;2;75;68;118m[48;2;36;40;62m▀[0m[38;2;30;67;80m[48;2;17;57;65m▀[0m[38;2;20;40;54m[48;2;21;64;73m▀[0m[38;2;34;73;84m[48;2;22;69;79m▀[0m[38;2;28;51;63m[48;2;13;29;40m▀[0m[38;2;14;28;37m[48;2;18;37;48m▀[0m[38;2;11;23;32m▄[0m
[38;2;8;9;11m[48;2;9;10;12m▀[0m[38;2;8;9;11m[48;2;9;11;13m▀[0m[38;2;9;11;13m[48;2;10;11;14m▀[0m[38;2;10;12;15m[48;2;11;13;16m▀[0m[38;2;11;14;18m[48;2;11;19;26m▀[0m[38;2;20;36;46m[48;2;56;85;102m▀[0m[38;2;125;149;161m[48;2;149;207;216m▀[0m[38;2;127;201;204m[48;2;152;184;189m▀[0m[38;2;161;178;177m[48;2;186;183;176m▀[0m[38;2;149;190;193m[48;2;127;143;153m▀[0m[38;2;125;168;172m[48;2;186;188;190m▀[0m[38;2;99;105;107m[48;2;147;147;145m▀[0m[38;2;69;87;90m[48;2;131;130;126m▀[0m[38;2;51;67;68m[48;2;95;100;101m▀[0m[38;2;79;86;88m[48;2;96;101;106m▀[0m[38;2;106;113;117m[48;2;97;94;91m▀[0m[38;2;63;72;79m[48;2;156;149;143m▀[0m[38;2;92;105;108m[48;2;107;142;148m▀[0m[38;2;97;150;158m[48;2;85;149;160m▀[0m[38;2;246;247;245m[48;2;133;155;161m▀[0m[38;2;65;215;212m[48;2;36;72;76m▀[0m[38;2;53;124;128m[48;2;31;107;117m▀[0m[38;2;55;95;99m[48;2;24;98;108m▀[0m[38;2;36;62;67m[48;2;29;60;65m▀[0m[38;2;14;32;38m[48;2;14;20;23m▀[0m[38;2;12;33;40m[48;2;11;22;28m▀[0m[38;2;17;41;49m[48;2;13;66;70m▀[0m[38;2;21;34;42m[48;2;16;39;48m▀[0m[38;2;12;26;33m[48;2;13;26;35m▀[0m[38;2;11;48;54m[48;2;13;23;31m▀[0m[38;2;23;48;62m[48;2;18;25;44m▀[0m[38;2;24;39;61m[48;2;116;71;159m▀[0m[38;2;14;30;43m[48;2;14;25;39m▀[0m[38;2;15;37;51m[48;2;16;54;63m▀[0m[38;2;4;10;16m[48;2;14;48;57m▀[0m[38;2;5;8;11m▄[0m
[38;2;9;10;12m[48;2;9;11;13m▀[0m[38;2;10;11;13m[48;2;10;11;14m▀[0m[38;2;10;12;15m[48;2;11;13;17m▀[0m[38;2;11;15;19m[48;2;13;22;28m▀[0m[38;2;15;35;46m[48;2;81;107;121m▀[0m[38;2;124;172;188m[48;2;138;178;189m▀[0m[38;2;144;171;181m[48;2;172;175;177m▀[0m[38;2;88;155;165m[48;2;144;165;169m▀[0m[38;2;136;155;166m[48;2;141;155;164m▀[0m[38;2;123;154;171m[48;2;152;166;175m▀[0m[38;2;186;189;190m[48;2;176;184;190m▀[0m[38;2;177;180;182m[48;2;200;207;209m▀[0m[38;2;148;149;149m[48;2;112;152;164m▀[0m[38;2;145;148;150m[48;2;83;125;136m▀[0m[38;2;140;171;171m[48;2;75;198;199m▀[0m[38;2;98;118;146m[48;2;57;176;176m▀[0m[38;2;98;107;120m[48;2;121;132;130m▀[0m[38;2;127;136;138m[48;2;124;170;171m▀[0m[38;2;117;145;148m[48;2;69;115;118m▀[0m[38;2;50;66;73m[48;2;28;58;62m▀[0m[38;2;26;43;45m[48;2;11;66;69m▀[0m[38;2;77;123;126m[48;2;11;79;81m▀[0m[38;2;27;82;88m[48;2;38;102;105m▀[0m[38;2;69;132;135m[48;2;45;131;136m▀[0m[38;2;16;29;35m[48;2;15;46;53m▀[0m[38;2;15;31;38m[48;2;46;110;114m▀[0m[38;2;17;43;49m[48;2;176;242;241m▀[0m[38;2;16;30;36m[48;2;68;114;119m▀[0m[38;2;13;23;30m[48;2;13;25;34m▀[0m[38;2;15;26;35m[48;2;11;19;27m▀[0m[38;2;18;25;41m[48;2;10;22;31m▀[0m[38;2;14;23;36m[48;2;8;17;24m▀[0m[38;2;12;32;39m[48;2;13;38;46m▀[0m[38;2;14;33;44m[48;2;19;68;77m▀[0m[38;2;20;55;69m[48;2;23;64;80m▀[0m[38;2;5;12;18m[48;2;24;62;77m▀[0m
[38;2;10;11;13m[48;2;10;11;13m▀[0m[38;2;11;12;15m[48;2;11;13;15m▀[0m[38;2;12;15;19m[48;2;13;18;22m▀[0m[38;2;18;35;45m[48;2;86;104;113m▀[0m[38;2;94;140;161m[48;2;217;227;230m▀[0m[38;2;125;135;168m[48;2;143;141;181m▀[0m[38;2;145;157;165m[48;2;119;129;139m▀[0m[38;2;77;93;103m[48;2;132;149;159m▀[0m[38;2;179;189;195m[48;2;155;118;208m▀[0m[38;2;172;182;188m[48;2;129;115;169m▀[0m[38;2;148;169;181m[48;2;93;174;185m▀[0m[38;2;145;171;183m[48;2;155;165;169m▀[0m[38;2;41;139;144m[48;2;89;167;184m▀[0m[38;2;35;117;127m[48;2;55;125;137m▀[0m[38;2;43;139;145m[48;2;59;95;101m▀[0m[38;2;53;106;110m[48;2;19;57;60m▀[0m[38;2;57;110;116m[48;2;9;60;63m▀[0m[38;2;37;100;103m[48;2;27;67;72m▀[0m[38;2;24;69;72m[48;2;82;97;133m▀[0m[38;2;29;71;73m[48;2;46;74;82m▀[0m[38;2;47;117;120m[48;2;49;94;100m▀[0m[38;2;13;40;44m[48;2;63;86;91m▀[0m[38;2;15;57;63m[48;2;76;97;100m▀[0m[38;2;25;79;88m[48;2;14;35;39m▀[0m[38;2;19;50;55m[48;2;18;42;46m▀[0m[38;2;29;104;109m[48;2;13;46;50m▀[0m[38;2;27;189;189m[48;2;60;92;96m▀[0m[38;2;16;56;63m[48;2;57;71;111m▀[0m[38;2;26;32;69m[48;2;42;42;120m▀[0m[38;2;40;44;89m[48;2;16;26;49m▀[0m[38;2;12;29;39m[48;2;7;24;33m▀[0m[38;2;11;29;39m[48;2;11;34;46m▀[0m[38;2;13;27;38m[48;2;12;34;46m▀[0m[38;2;19;51;60m[48;2;15;32;42m▀[0m[38;2;14;54;63m[48;2;17;27;32m▀[0m[38;2;19;103;113m[48;2;56;96;102m▀[0m[38;2;6;10;15m[48;2;9;19;26m▀[0m
[38;2;10;11;13m[48;2;10;11;14m▀[0m[38;2;11;13;15m[48;2;11;13;16m▀[0m[38;2;13;19;24m[48;2;12;20;26m▀[0m[38;2;41;75;93m[48;2;65;101;119m▀[0m[38;2;149;195;205m[48;2;130;165;179m▀[0m[38;2;155;168;174m[48;2;90;195;202m▀[0m[38;2;145;154;161m[48;2;82;186;193m▀[0m[38;2;169;200;205m[48;2;105;164;166m▀[0m[38;2;133;161;174m[48;2;46;100;102m▀[0m[38;2;115;123;140m[48;2;81;85;84m▀[0m[38;2;97;124;123m[48;2;137;139;141m▀[0m[38;2;84;139;140m[48;2;99;173;178m▀[0m[38;2;101;148;154m[48;2;58;158;164m▀[0m[38;2;91;113;164m[48;2;100;112;148m▀[0m[38;2;41;64;77m[48;2;26;75;87m▀[0m[38;2;17;31;34m[48;2;19;91;94m▀[0m[38;2;12;43;46m[48;2;34;52;56m▀[0m[38;2;29;43;49m[48;2;70;84;90m▀[0m[38;2;50;61;72m[48;2;86;92;94m▀[0m[38;2;61;68;73m[48;2;125;128;133m▀[0m[38;2;104;107;110m[48;2;94;101;106m▀[0m[38;2;74;84;90m[48;2;46;50;55m▀[0m[38;2;41;53;58m[48;2;47;53;58m▀[0m[38;2;71;81;85m[48;2;32;38;43m▀[0m[38;2;28;48;52m[48;2;10;21;27m▀[0m[38;2;13;50;54m[48;2;13;40;46m▀[0m[38;2;13;48;53m[48;2;7;15;20m▀[0m[38;2;14;44;65m[48;2;42;40;67m▀[0m[38;2;17;33;70m[48;2;20;31;45m▀[0m[38;2;9;22;30m[48;2;10;20;30m▀[0m[38;2;10;28;39m[48;2;11;47;56m▀[0m[38;2;15;27;44m[48;2;21;69;90m▀[0m[38;2;50;42;100m[48;2;74;48;135m▀[0m[38;2;13;42;51m[48;2;12;35;48m▀[0m[38;2;45;100;107m[48;2;20;61;80m▀[0m[38;2;24;36;43m[48;2;10;18;25m▀[0m[38;2;13;21;29m[48;2;13;32;44m▀[0m
[38;2;10;12;14m[48;2;11;12;14m▀[0m[38;2;11;13;16m[48;2;11;13;16m▀[0m[38;2;13;23;30m[48;2;14;26;35m▀[0m[38;2;96;128;145m[48;2;128;156;172m▀[0m[38;2;152;165;174m[48;2;102;144;163m▀[0m[38;2;125;188;196m[48;2;77;100;110m▀[0m[38;2;39;176;186m[48;2;56;122;126m▀[0m[38;2;65;125;132m[48;2;81;108;110m▀[0m[38;2;75;89;92m[48;2;60;92;96m▀[0m[38;2;23;30;35m[48;2;97;98;98m▀[0m[38;2;141;147;151m[48;2;172;177;180m▀[0m[38;2;161;174;178m[48;2;229;233;233m▀[0m[38;2;104;151;156m[48;2;93;159;161m▀[0m[38;2;67;98;105m[48;2;28;73;77m▀[0m[38;2;28;51;54m[48;2;91;95;90m▀[0m[38;2;29;57;61m[48;2;133;137;138m▀[0m[38;2;43;60;68m[48;2;110;109;107m▀[0m[38;2;107;109;110m[48;2;128;131;133m▀[0m[38;2;134;139;150m[48;2;120;130;150m▀[0m[38;2;219;219;218m[48;2;81;86;94m▀[0m[38;2;77;156;161m[48;2;38;49;62m▀[0m[38;2;28;47;57m[48;2;21;32;45m▀[0m[38;2;21;24;28m[48;2;15;21;29m▀[0m[38;2;22;29;36m[48;2;14;23;30m▀[0m[38;2;43;48;55m[48;2;14;20;26m▀[0m[38;2;22;29;37m[48;2;9;14;20m▀[0m[38;2;9;12;17m[48;2;13;30;39m▀[0m[38;2;38;70;78m▄[0m[38;2;13;18;28m[48;2;8;13;17m▀[0m[38;2;32;39;48m[48;2;48;52;55m▀[0m[38;2;6;21;23m[48;2;11;23;34m▀[0m[38;2;15;62;78m[48;2;15;36;66m▀[0m[38;2;24;86;126m[48;2;19;58;94m▀[0m[38;2;12;34;46m[48;2;21;67;75m▀[0m[38;2;19;48;65m[48;2;19;33;43m▀[0m[38;2;17;46;59m[48;2;20;43;57m▀[0m[38;2;19;75;86m[48;2;12;28;38m▀[0m[38;2;5;8;12m[48;2;5;8;12m▀[0m
[38;2;10;12;14m[48;2;11;12;14m▀[0m[38;2;11;13;16m[48;2;11;13;16m▀[0m[38;2;13;26;34m[48;2;13;24;31m▀[0m[38;2;89;124;145m[48;2;116;144;160m▀[0m[38;2;110;148;166m[48;2;163;178;187m▀[0m[38;2;130;156;167m[48;2;122;161;169m▀[0m[38;2;56;186;188m[48;2;130;139;145m▀[0m[38;2;64;137;141m[48;2;105;109;110m▀[0m[38;2;88;97;103m[48;2;140;148;154m▀[0m[38;2;95;120;127m[48;2;89;129;142m▀[0m[38;2;122;135;138m[48;2;72;125;131m▀[0m[38;2;103;158;162m[48;2;95;162;170m▀[0m[38;2;39;119;123m[48;2;92;149;152m▀[0m[38;2;38;81;82m[48;2;93;139;146m▀[0m[38;2;55;83;89m[48;2;82;102;108m▀[0m[38;2;76;78;78m[48;2;33;40;42m▀[0m[38;2;129;127;124m[48;2;130;136;139m▀[0m[38;2;120;134;145m[48;2;74;89;105m▀[0m[38;2;109;120;133m[48;2;66;74;77m▀[0m[38;2;20;25;33m[48;2;45;51;60m▀[0m[38;2;24;31;41m[48;2;26;31;39m▀[0m[38;2;25;34;44m[48;2;26;32;38m▀[0m[38;2;12;15;21m[48;2;14;22;28m▀[0m[38;2;12;16;21m[48;2;14;18;25m▀[0m[38;2;12;18;26m[48;2;15;21;38m▀[0m[38;2;14;20;29m[48;2;37;27;83m▀[0m[38;2;12;22;30m[48;2;30;28;53m▀[0m[38;2;13;23;30m[48;2;17;22;27m▀[0m[38;2;9;12;15m[48;2;10;19;22m▀[0m[38;2;7;11;15m[48;2;11;28;33m▀[0m[38;2;10;25;31m[48;2;9;29;35m▀[0m[38;2;15;32;45m[48;2;11;34;42m▀[0m[38;2;13;37;49m[48;2;12;30;40m▀[0m[38;2;18;32;40m[48;2;12;21;29m▀[0m[38;2;34;43;66m[48;2;24;39;49m▀[0m[38;2;21;57;70m[48;2;19;68;76m▀[0m[38;2;14;52;66m[48;2;17;50;63m▀[0m[38;2;5;9;13m[48;2;5;8;12m▀[0m
[38;2;10;11;14m[48;2;9;11;13m▀[0m[38;2;11;13;15m[48;2;11;12;15m▀[0m[38;2;12;20;26m[48;2;11;17;21m▀[0m[38;2;66;103;122m[48;2;56;84;100m▀[0m[38;2;147;168;183m[48;2;145;156;165m▀[0m[38;2;136;157;169m[48;2;145;174;180m▀[0m[38;2;138;162;174m[48;2;98;116;122m▀[0m[38;2;81;102;121m[48;2;136;139;141m▀[0m[38;2;87;105;121m[48;2;132;144;152m▀[0m[38;2;125;147;163m[48;2;119;144;164m▀[0m[38;2;58;92;111m[48;2;102;150;160m▀[0m[38;2;96;111;117m[48;2;89;109;119m▀[0m[38;2;146;150;149m[48;2;102;114;123m▀[0m[38;2;141;168;174m[48;2;65;84;96m▀[0m[38;2;28;153;156m[48;2;147;169;173m▀[0m[38;2;14;35;38m[48;2;54;79;85m▀[0m[38;2;38;67;79m[48;2;44;57;64m▀[0m[38;2;51;93;114m[48;2;43;57;60m▀[0m[38;2;53;63;69m[48;2;28;38;44m▀[0m[38;2;64;67;73m[48;2;50;55;63m▀[0m[38;2;50;54;58m[48;2;36;45;54m▀[0m[38;2;18;26;33m[48;2;22;28;35m▀[0m[38;2;29;50;57m[48;2;20;25;32m▀[0m[38;2;15;24;39m[48;2;21;23;51m▀[0m[38;2;10;15;42m[48;2;17;18;58m▀[0m[38;2;18;21;56m[48;2;15;20;41m▀[0m[38;2;12;22;31m[48;2;7;21;26m▀[0m[38;2;15;21;26m[48;2;8;34;39m▀[0m[38;2;10;32;35m[48;2;15;53;58m▀[0m[38;2;16;71;75m[48;2;16;28;43m▀[0m[38;2;13;34;45m[48;2;54;33;103m▀[0m[38;2;18;32;53m[48;2;56;27;141m▀[0m[38;2;25;31;52m[48;2;79;43;172m▀[0m[38;2;14;28;40m[48;2;39;38;67m▀[0m[38;2;23;58;69m[48;2;11;28;38m▀[0m[38;2;10;18;23m[48;2;22;41;62m▀[0m[38;2;15;33;45m[48;2;14;33;48m▀[0m
[38;2;9;10;12m[48;2;9;10;11m▀[0m[38;2;10;12;15m[48;2;10;11;14m▀[0m[38;2;11;15;18m[48;2;10;13;16m▀[0m[38;2;28;50;63m[48;2;12;27;37m▀[0m[38;2;132;150;161m[48;2;128;149;159m▀[0m[38;2;135;153;160m[48;2;115;146;162m▀[0m[38;2;109;133;143m[48;2;151;165;176m▀[0m[38;2;150;163;171m[48;2;145;161;172m▀[0m[38;2;105;132;152m[48;2;73;130;147m▀[0m[38;2;102;146;156m[48;2;117;141;155m▀[0m[38;2;58;186;190m[48;2;136;149;160m▀[0m[38;2;63;93;100m[48;2;135;142;149m▀[0m[38;2;80;107;113m[48;2;82;141;147m▀[0m[38;2;92;113;121m[48;2;40;92;95m▀[0m[38;2;184;186;186m[48;2;73;90;92m▀[0m[38;2;108;108;107m[48;2;48;59;63m▀[0m[38;2;55;74;80m[48;2;39;43;46m▀[0m[38;2;32;69;77m[48;2;35;40;46m▀[0m[38;2;16;21;27m[48;2;39;45;58m▀[0m[38;2;20;26;33m[48;2;28;36;44m▀[0m[38;2;22;29;35m[48;2;34;40;48m▀[0m[38;2;21;25;31m[48;2;27;33;40m▀[0m[38;2;17;23;31m[48;2;35;42;49m▀[0m[38;2;22;26;37m[48;2;21;24;28m▀[0m[38;2;23;33;51m[48;2;19;24;28m▀[0m[38;2;13;23;30m[48;2;12;26;31m▀[0m[38;2;26;58;64m[48;2;6;19;21m▀[0m[38;2;16;69;75m[48;2;6;42;44m▀[0m[38;2;36;69;76m[48;2;18;112;116m▀[0m[38;2;22;25;46m[48;2;22;50;59m▀[0m[38;2;52;33;97m[48;2;19;42;51m▀[0m[38;2;139;129;198m[48;2;18;98;105m▀[0m[38;2;27;37;62m[48;2;16;38;47m▀[0m[38;2;17;31;41m[48;2;16;34;45m▀[0m[38;2;5;9;14m[48;2;19;35;48m▀[0m[38;2;17;45;57m[48;2;15;36;49m▀[0m[38;2;11;29;36m[48;2;5;9;13m▀[0m
 [38;2;9;10;13m[48;2;8;9;11m▀[0m[38;2;10;12;15m[48;2;9;11;13m▀[0m[38;2;11;17;23m[48;2;10;14;17m▀[0m[38;2;40;76;97m[48;2;13;34;47m▀[0m[38;2;95;141;164m[48;2;137;169;186m▀[0m[38;2;117;142;156m[48;2;120;155;171m▀[0m[38;2;159;183;190m[48;2;129;170;173m▀[0m[38;2;149;159;164m[48;2;123;179;183m▀[0m[38;2;129;139;145m[48;2;90;164;172m▀[0m[38;2;160;163;164m[48;2;136;136;134m▀[0m[38;2;118;122;123m[48;2;121;124;124m▀[0m[38;2;109;130;136m[48;2;149;165;169m▀[0m[38;2;69;110;112m[48;2;33;123;126m▀[0m[38;2;8;44;47m[48;2;41;102;106m▀[0m[38;2;25;48;53m[48;2;142;148;148m▀[0m[38;2;40;43;39m[48;2;68;71;66m▀[0m[38;2;62;64;62m[48;2;12;23;26m▀[0m[38;2;90;87;117m[48;2;30;43;52m▀[0m[38;2;65;74;104m[48;2;79;94;114m▀[0m[38;2;43;51;61m[48;2;45;61;72m▀[0m[38;2;23;32;41m[48;2;15;26;35m▀[0m[38;2;14;18;23m[48;2;15;22;29m▀[0m[38;2;13;19;22m[48;2;19;30;37m▀[0m[38;2;8;22;25m[48;2;8;27;31m▀[0m[38;2;11;45;51m[48;2;53;79;86m▀[0m[38;2;7;38;41m[48;2;20;51;57m▀[0m[38;2;15;84;88m[48;2;17;58;67m▀[0m[38;2;25;187;189m[48;2;21;44;54m▀[0m[38;2;62;121;124m[48;2;22;32;38m▀[0m[38;2;18;24;29m[48;2;11;21;28m▀[0m[38;2;6;10;14m[48;2;20;30;40m▀[0m[38;2;20;42;55m[48;2;29;53;68m▀[0m[38;2;17;44;56m[48;2;18;69;78m▀[0m[38;2;17;40;49m[48;2;12;27;36m▀[0m[38;2;10;26;36m[48;2;5;13;19m▀[0m
  [38;2;9;10;12m[48;2;8;9;11m▀[0m[38;2;10;11;14m[48;2;8;10;13m▀[0m[38;2;10;17;24m[48;2;9;12;16m▀[0m[38;2;55;82;99m[48;2;15;30;41m▀[0m[38;2;161;176;185m[48;2;118;139;152m▀[0m[38;2;141;155;162m[48;2;139;152;160m▀[0m[38;2;85;107;115m[48;2;73;84;87m▀[0m[38;2;127;137;144m[48;2;167;175;186m▀[0m[38;2;110;124;138m[48;2;97;109;139m▀[0m[38;2;63;66;64m[48;2;35;51;59m▀[0m[38;2;109;111;110m[48;2;22;34;39m▀[0m[38;2;117;123;126m[48;2;52;61;69m▀[0m[38;2;96;113;117m[48;2;88;134;145m▀[0m[38;2;96;127;134m[48;2;99;132;146m▀[0m[38;2;65;99;109m[48;2;77;110;115m▀[0m[38;2;33;79;85m[48;2;30;70;78m▀[0m[38;2;17;63;68m[48;2;89;128;131m▀[0m[38;2;80;95;98m[48;2;76;94;94m▀[0m[38;2;48;71;80m[48;2;17;44;47m▀[0m[38;2;12;25;29m[48;2;22;53;58m▀[0m[38;2;7;24;28m[48;2;35;66;71m▀[0m[38;2;20;36;41m[48;2;16;39;44m▀[0m[38;2;15;31;38m[48;2;15;38;44m▀[0m[38;2;17;36;46m[48;2;21;39;48m▀[0m[38;2;15;30;39m[48;2;20;32;41m▀[0m[38;2;22;40;51m[48;2;26;35;39m▀[0m[38;2;25;33;38m[48;2;14;31;35m▀[0m[38;2;15;23;27m[48;2;15;102;106m▀[0m[38;2;19;32;40m[48;2;17;43;55m▀[0m[38;2;23;44;56m[48;2;18;44;57m▀[0m[38;2;26;76;87m[48;2;17;86;92m▀[0m[38;2;20;48;54m[48;2;17;47;57m▀[0m[38;2;11;25;35m[48;2;6;12;18m▀[0m
   [38;2;8;9;11m[48;2;7;9;11m▀[0m[38;2;9;11;13m[48;2;8;10;12m▀[0m[38;2;9;14;19m[48;2;9;11;14m▀[0m[38;2;31;51;63m[48;2;9;17;23m▀[0m[38;2;120;177;189m[48;2;23;49;63m▀[0m[38;2;127;140;147m[48;2;110;129;143m▀[0m[38;2;164;155;212m[48;2;107;115;130m▀[0m[38;2;83;35;158m[48;2;132;156;156m▀[0m[38;2;63;67;94m[48;2;64;122;131m▀[0m[38;2;40;57;70m[48;2;79;105;132m▀[0m[38;2;15;22;28m[48;2;30;45;55m▀[0m[38;2;83;96;106m[48;2;61;73;83m▀[0m[38;2;84;133;150m[48;2;68;85;93m▀[0m[38;2;36;92;103m[48;2;102;68;154m▀[0m[38;2;26;53;63m[48;2;68;69;131m▀[0m[38;2;47;101;110m[48;2;36;64;74m▀[0m[38;2;231;234;232m[48;2;151;177;179m▀[0m[38;2;70;128;130m[48;2;36;177;181m▀[0m[38;2;27;82;92m[48;2;31;66;75m▀[0m[38;2;50;155;158m[48;2;28;50;56m▀[0m[38;2;21;46;54m[48;2;30;35;37m▀[0m[38;2;27;53;62m[48;2;25;29;32m▀[0m[38;2;30;40;46m[48;2;12;25;31m▀[0m[38;2;42;48;51m[48;2;10;27;31m▀[0m[38;2;11;49;52m[48;2;10;39;43m▀[0m[38;2;8;50;56m[48;2;14;44;51m▀[0m[38;2;18;34;42m[48;2;32;57;66m▀[0m[38;2;19;38;49m[48;2;23;36;43m▀[0m[38;2;13;58;66m[48;2;25;45;54m▀[0m[38;2;19;85;91m[48;2;12;30;42m▀[0m[38;2;6;16;24m▀[0m
    [38;2;8;9;11m▀[0m[38;2;8;10;12m[48;2;8;9;11m▀[0m[38;2;8;11;13m[48;2;7;9;11m▀[0m[38;2;9;16;22m[48;2;8;10;13m▀[0m[38;2;35;61;76m[48;2;8;14;20m▀[0m[38;2;72;115;135m[48;2;13;35;49m▀[0m[38;2;113;165;175m[48;2;96;151;168m▀[0m[38;2;105;124;133m[48;2;113;134;145m▀[0m[38;2;22;28;32m[48;2;98;132;146m▀[0m[38;2;27;41;49m[48;2;108;118;121m▀[0m[38;2;156;174;192m[48;2;99;104;109m▀[0m[38;2;28;39;52m[48;2;66;72;76m▀[0m[38;2;61;56;83m[48;2;37;48;57m▀[0m[38;2;65;66;103m[48;2;54;67;75m▀[0m[38;2;58;70;79m[48;2;51;63;70m▀[0m[38;2;86;110;118m[48;2;35;54;62m▀[0m[38;2;36;71;80m[48;2;53;71;78m▀[0m[38;2;19;123;126m[48;2;50;180;185m▀[0m[38;2;12;43;47m[48;2;20;62;67m▀[0m[38;2;20;49;54m[48;2;25;31;36m▀[0m[38;2;18;37;42m[48;2;22;38;47m▀[0m[38;2;7;23;31m[48;2;24;56;64m▀[0m[38;2;15;27;35m[48;2;22;52;59m▀[0m[38;2;16;42;49m[48;2;22;134;138m▀[0m[38;2;23;46;55m[48;2;22;88;96m▀[0m[38;2;20;70;75m[48;2;21;44;56m▀[0m[38;2;27;47;61m[48;2;15;28;38m▀[0m[38;2;18;32;43m[48;2;8;11;14m▀[0m[38;2;5;8;11m▀[0m
      [38;2;7;9;11m▀[0m[38;2;8;9;11m▀[0m[38;2;7;9;12m▀[0m[38;2;8;13;17m[48;2;6;8;11m▀[0m[38;2;26;50;60m[48;2;7;10;13m▀[0m[38;2;27;48;62m[48;2;7;13;18m▀[0m[38;2;117;134;144m[48;2;15;28;37m▀[0m[38;2;144;162;172m[48;2;36;68;81m▀[0m[38;2;130;132;129m[48;2;79;100;111m▀[0m[38;2;96;105;111m[48;2;61;117;124m▀[0m[38;2;59;100;105m[48;2;81;118;123m▀[0m[38;2;29;54;62m[48;2;44;60;68m▀[0m[38;2;45;63;72m[48;2;38;54;63m▀[0m[38;2;32;41;49m[48;2;52;63;73m▀[0m[38;2;23;34;48m[48;2;37;54;72m▀[0m[38;2;35;70;84m[48;2;16;41;69m▀[0m[38;2;14;38;45m[48;2;19;39;47m▀[0m[38;2;24;36;43m[48;2;22;37;46m▀[0m[38;2;26;41;51m[48;2;19;29;37m▀[0m[38;2;25;41;51m[48;2;30;51;64m▀[0m[38;2;15;32;44m[48;2;11;22;33m▀[0m[38;2;27;42;51m[48;2;5;16;25m▀[0m[38;2;18;34;46m[48;2;5;9;12m▀[0m[38;2;7;17;24m▀[0m
            [38;2;7;9;12m▀[0m[38;2;6;11;16m▀[0m[38;2;7;18;26m▀[0m[38;2;13;59;68m[48;2;6;9;12m▀[0m[38;2;43;60;70m[48;2;6;10;14m▀[0m[38;2;46;65;76m[48;2;6;12;17m▀[0m[38;2;24;119;125m[48;2;6;14;20m▀[0m[38;2;42;58;68m[48;2;5;14;21m▀[0m[38;2;39;58;74m[48;2;6;14;21m▀[0m[38;2;27;46;61m[48;2;5;12;18m▀[0m[38;2;18;92;100m[48;2;5;11;15m▀[0m[38;2;17;39;51m[48;2;6;9;12m▀[0m[38;2;6;22;33m▀[0m[38;2;8;17;24m▀[0m[38;2;5;9;12m▀[0m
