      [38;2;72;155;188m▄[0m[38;2;79;149;190m▄[0m[38;2;88;133;186m▄[0m[38;2;57;166;182m▄[0m[38;2;68;139;172m▄[0m[38;2;75;115;159m▄[0m[38;2;49;129;146m▄[0m[38;2;37;117;125m▄[0m
   [38;2;76;157;193m▄[0m[38;2;69;162;190m[48;2;107;131;203m▀[0m[38;2;79;164;201m[48;2;93;153;207m▀[0m[38;2;100;138;201m[48;2;86;162;206m▀[0m[38;2;71;173;200m[48;2;86;157;203m▀[0m[38;2;59;183;196m[48;2;76;162;197m▀[0m[38;2;75;152;188m[48;2;58;176;190m▀[0m[38;2;61;158;179m[48;2;64;156;181m▀[0m[38;2;76;124;167m[48;2;80;120;169m▀[0m[38;2;53;136;155m[48;2;59;131;157m▀[0m[38;2;61;105;139m[48;2;60;112;143m▀[0m[38;2;50;92;119m[48;2;48;104;126m▀[0m[38;2;27;84;91m[48;2;32;97;106m▀[0m[38;2;25;68;76m▄[0m
  [38;2;121;87;183m[48;2;77;158;195m▀[0m[38;2;114;120;201m[48;2;84;161;203m▀[0m[38;2;128;107;205m[48;2;93;154;206m▀[0m[38;2;88;163;208m[48;2;80;177;209m▀[0m[38;2;74;180;208m[48;2;70;190;209m▀[0m[38;2;58;192;203m[48;2;104;188;226m▀[0m[38;2;81;163;200m[48;2;118;170;223m▀[0m[38;2;81;148;189m[48;2;74;160;190m▀[0m[38;2;68;149;179m[48;2;65;149;176m▀[0m[38;2;72;130;168m[48;2;118;64;162m▀[0m[38;2;47;146;157m[48;2;69;113;152m▀[0m[38;2;71;97;142m[48;2;73;89;138m▀[0m[38;2;48;106;127m[48;2;72;69;123m▀[0m[38;2;40;92;108m[48;2;51;75;106m▀[0m[38;2;35;67;85m[48;2;43;58;86m▀[0m[38;2;15;47;51m[48;2;18;56;60m▀[0m
 [38;2;64;154;179m[48;2;74;141;179m▀[0m[38;2;102;125;194m[48;2;86;141;190m▀[0m[38;2;107;126;199m[48;2;115;108;193m▀[0m[38;2;92;153;204m[48;2;111;124;199m▀[0m[38;2;85;179;212m[48;2;102;166;213m▀[0m[38;2;100;197;228m[48;2;114;193;232m▀[0m[38;2;178;228;255m[48;2;72;183;200m▀[0m[38;2;109;186;224m[48;2;81;173;198m▀[0m[38;2;108;143;199m[48;2;65;155;177m▀[0m[38;2;90;115;172m[48;2;98;95;165m▀[0m[38;2;70;120;159m[48;2;69;112;152m▀[0m[38;2;43;140;148m[48;2;46;127;141m▀[0m[38;2;62;97;134m[48;2;45;111;128m▀[0m[38;2;67;70;118m[48;2;38;100;113m▀[0m[38;2;40;84;103m[48;2;44;71;96m▀[0m[38;2;33;67;83m[48;2;24;72;78m▀[0m[38;2;25;46;59m[48;2;17;51;56m▀[0m[38;2;12;33;37m[48;2;11;34;37m▀[0m
 [38;2;64;149;175m[48;2;53;153;167m▀[0m[38;2;59;168;185m[48;2;69;142;175m▀[0m[38;2;96;124;187m[48;2;74;140;178m▀[0m[38;2;72;158;189m[48;2;59;161;180m▀[0m[38;2;83;155;194m[48;2;74;141;178m▀[0m[38;2;126;155;217m[48;2;69;147;176m▀[0m[38;2;85;165;196m[48;2;52;157;169m▀[0m[38;2;94;144;189m[48;2;98;99;166m▀[0m[38;2;76;128;168m[48;2;71;113;154m▀[0m[38;2;49;141;155m[48;2;78;90;143m▀[0m[38;2;60;112;143m[48;2;39;126;135m▀[0m[38;2;58;99;132m[48;2;53;93;122m▀[0m[38;2;46;99;119m[48;2;33;103;110m▀[0m[38;2;51;72;104m[48;2;41;72;95m▀[0m[38;2;30;79;89m[48;2;24;74;80m▀[0m[38;2;33;50;70m[48;2;25;48;61m▀[0m[38;2;27;28;48m[48;2;13;35;40m▀[0m[38;2;11;34;37m[48;2;11;34;37m▀[0m
 [38;2;49;143;156m[48;2;44;131;143m▀[0m[38;2;47;157;165m[48;2;64;118;151m▀[0m[38;2;55;151;168m[48;2;59;129;155m▀[0m[38;2;71;130;168m[48;2;79;103;155m▀[0m[38;2;49;157;167m[48;2;47;144;154m▀[0m[38;2;53;146;163m[48;2;45;140;151m▀[0m[38;2;48;146;158m[48;2;59;115;145m▀[0m[38;2;77;99;150m[48;2;68;94;137m▀[0m[38;2;75;91;141m[48;2;58;97;130m▀[0m[38;2;55;105;133m[48;2;35;115;122m▀[0m[38;2;35;118;124m[48;2;38;98;111m▀[0m[38;2;48;85;111m[48;2;49;67;99m▀[0m[38;2;30;92;99m[48;2;48;52;86m▀[0m[38;2;27;77;85m[48;2;30;57;72m▀[0m[38;2;28;54;68m[48;2;17;53;57m▀[0m[38;2;27;31;50m[48;2;21;22;37m▀[0m[38;2;11;35;37m[48;2;22;20;37m▀[0m[38;2;11;35;37m[48;2;13;32;37m▀[0m
 [38;2;57;91;125m[48;2;57;62;102m▀[0m[38;2;52;114;137m[48;2;65;73;118m▀[0m[38;2;65;103;141m[48;2;37;118;126m▀[0m[38;2;55;116;142m[48;2;39;117;127m▀[0m[38;2;42;131;141m[48;2;44;108;125m▀[0m[38;2;43;125;137m[48;2;49;97;122m▀[0m[38;2;56;101;131m[48;2;40;103;117m▀[0m[38;2;61;86;124m[48;2;33;103;111m▀[0m[38;2;43;98;117m[48;2;30;97;103m▀[0m[38;2;38;93;108m[48;2;36;76;93m▀[0m[38;2;33;86;98m[48;2;38;61;83m▀[0m[38;2;30;75;86m[48;2;22;65;72m▀[0m[38;2;27;62;73m[48;2;22;49;58m▀[0m[38;2;22;50;59m[48;2;21;30;43m▀[0m[38;2;15;36;42m[48;2;14;31;37m▀[0m[38;2;12;34;37m[48;2;14;31;37m▀[0m[38;2;16;27;37m[48;2;21;21;37m▀[0m[38;2;15;30;37m[48;2;14;30;37m▀[0m
  [38;2;31;89;98m[48;2;22;60;67m▀[0m[38;2;34;96;106m[48;2;35;65;83m▀[0m[38;2;43;88;109m[48;2;39;66;88m▀[0m[38;2;77;41;106m[48;2;50;52;88m▀[0m[38;2;69;49;104m[48;2;44;57;86m▀[0m[38;2;48;70;100m[48;2;44;51;82m▀[0m[38;2;33;81;94m[48;2;37;53;76m▀[0m[38;2;25;82;87m[48;2;31;51;68m▀[0m[38;2;29;65;77m[48;2;27;44;59m▀[0m[38;2;36;41;66m[48;2;19;40;49m▀[0m[38;2;21;46;55m[48;2;13;32;37m▀[0m[38;2;22;26;41m[48;2;18;25;37m▀[0m[38;2;19;24;37m[48;2;17;27;37m▀[0m[38;2;14;30;37m[48;2;12;33;37m▀[0m[38;2;13;32;37m[48;2;13;32;37m▀[0m[38;2;17;26;37m[48;2;21;21;37m▀[0m
   [38;2;15;49;52m▀[0m[38;2;24;53;64m[48;2;12;33;37m▀[0m[38;2;31;47;66m[48;2;18;26;38m▀[0m[38;2;25;54;65m[48;2;11;38;40m▀[0m[38;2;24;51;62m[48;2;11;35;38m▀[0m[38;2;21;46;56m[48;2;19;23;37m▀[0m[38;2;16;43;49m[48;2;11;35;37m▀[0m[38;2;13;36;40m[48;2;11;35;37m▀[0m[38;2;13;32;37m[48;2;14;31;37m▀[0m[38;2;12;33;37m[48;2;11;35;37m▀[0m[38;2;16;28;37m[48;2;17;27;37m▀[0m[38;2;12;33;37m[48;2;14;30;37m▀[0m[38;2;12;34;37m[48;2;13;32;37m▀[0m[38;2;17;26;37m▀[0m
      [38;2;15;29;37m▀[0m[38;2;10;35;37m▀[0m[38;2;15;29;37m▀[0m[38;2;17;27;37m▀[0m[38;2;12;33;37m▀[0m[38;2;10;35;37m▀[0m[38;2;14;31;37m▀[0m[38;2;11;34;37m▀[0m
