                                  [38;2;141;55;28m▄[0m[38;2;144;56;28m▄[0m[38;2;139;54;27m▄[0m
                     [38;2;144;56;28m▄[0m[38;2;137;51;25m[48;2;146;59;30m▀[0m[38;2;142;58;31m▄[0m      [38;2;96;42;24m▄[0m[38;2;96;43;24m▄[0m[38;2;96;43;24m▄[0m[38;2;141;59;32m[48;2;149;66;38m▀[0m[38;2;150;63;34m[48;2;160;70;40m▀[0m[38;2;152;63;34m[48;2;161;70;40m▀[0m[38;2;146;60;32m[48;2;153;66;37m▀[0m
                    [38;2;139;56;29m[48;2;140;60;33m▀[0m[38;2;150;62;33m[48;2;155;67;38m▀[0m[38;2;156;66;36m[48;2;164;73;42m▀[0m[38;2;153;66;37m[48;2;164;75;44m▀[0m[38;2;143;63;36m[48;2;155;72;43m▀[0m[38;2;96;43;25m[48;2;97;45;27m▀[0m[38;2;96;44;25m[48;2;97;46;28m▀[0m[38;2;97;44;26m[48;2;97;47;29m▀[0m[38;2;97;44;26m[48;2;97;47;29m▀[0m[38;2;97;45;27m[48;2;97;47;29m▀[0m[38;2;97;45;27m[48;2;97;48;30m▀[0m[38;2;97;45;27m[48;2;97;48;30m▀[0m[38;2;97;45;27m[48;2;144;71;44m▀[0m[38;2;158;74;44m[48;2;167;82;51m▀[0m[38;2;169;79;47m[48;2;179;87;54m▀[0m[38;2;169;78;47m[48;2;177;86;53m▀[0m[38;2;158;72;43m[48;2;163;78;48m▀[0m[38;2;140;63;37m[48;2;140;67;41m▀[0m[38;2;96;43;25m[48;2;97;45;27m▀[0m[38;2;97;45;27m▄[0m[38;2;96;44;26m▄[0m[38;2;96;43;25m▄[0m
                  [38;2;96;42;24m▄[0m[38;2;96;44;26m▄[0m[38;2;96;43;25m[48;2;97;45;27m▀[0m[38;2;157;72;42m[48;2;156;75;46m▀[0m[38;2;170;80;48m[48;2;174;85;53m▀[0m[38;2;175;83;51m[48;2;184;92;58m▀[0m[38;2;168;81;51m[48;2;181;92;59m▀[0m[38;2;150;74;46m[48;2;164;84;55m▀[0m[38;2;97;48;31m[48;2;99;52;34m▀[0m[38;2;97;49;31m[48;2;104;55;36m▀[0m[38;2;97;49;32m[48;2;105;56;37m▀[0m[38;2;97;50;32m[48;2;103;55;37m▀[0m[38;2;98;50;32m[48;2;107;57;38m▀[0m[38;2;100;52;33m[48;2;113;61;41m▀[0m[38;2;151;78;50m[48;2;158;85;57m▀[0m[38;2;176;90;59m[48;2;185;100;67m▀[0m[38;2;188;96;62m[48;2;198;106;70m▀[0m[38;2;184;94;60m[48;2;191;102;67m▀[0m[38;2;166;84;53m[48;2;168;89;58m▀[0m[38;2;97;48;31m[48;2;103;54;35m▀[0m[38;2;97;48;30m[48;2;99;51;33m▀[0m[38;2;97;47;29m[48;2;97;49;32m▀[0m[38;2;97;46;28m[48;2;97;48;31m▀[0m[38;2;97;45;27m[48;2;97;47;30m▀[0m[38;2;97;44;26m[48;2;97;46;28m▀[0m[38;2;96;43;25m[48;2;97;45;27m▀[0m[38;2;96;44;26m▄[0m[38;2;148;66;38m▄[0m[38;2;141;58;31m[48;2;154;66;37m▀[0m[38;2;144;57;29m[48;2;153;63;34m▀[0m[38;2;140;53;26m[48;2;146;58;30m▀[0m
                [38;2;96;44;25m▄[0m[38;2;96;43;25m[48;2;97;45;27m▀[0m[38;2;97;45;27m[48;2;97;47;29m▀[0m[38;2;97;46;28m[48;2;97;48;30m▀[0m[38;2;97;47;29m[48;2;97;49;32m▀[0m[38;2;151;75;48m[48;2;142;74;48m▀[0m[38;2;175;89;58m[48;2;171;91;60m▀[0m[38;2;191;100;65m[48;2;195;106;71m▀[0m[38;2;193;102;68m[48;2;204;113;76m▀[0m[38;2;179;96;64m[48;2;195;109;75m▀[0m[38;2;151;82;55m[48;2;167;95;65m▀[0m[38;2;119;65;44m[48;2;133;76;53m▀[0m[38;2;119;66;45m[48;2;134;78;54m▀[0m[38;2;119;67;45m[48;2;136;79;55m▀[0m[38;2;124;69;47m[48;2;136;79;56m▀[0m[38;2;125;70;48m[48;2;137;80;56m▀[0m[38;2;164;92;63m[48;2;134;78;55m▀[0m[38;2;195;110;75m[48;2;130;76;53m▀[0m[38;2;207;116;79m[48;2;129;75;52m▀[0m[38;2;196;109;74m[48;2;133;77;53m▀[0m[38;2;168;92;62m[48;2;166;95;66m▀[0m[38;2;114;62;42m[48;2;126;71;49m▀[0m[38;2;107;57;38m[48;2;122;68;47m▀[0m[38;2;104;55;36m[48;2;117;65;44m▀[0m[38;2;100;52;34m[48;2;108;59;39m▀[0m[38;2;97;50;32m[48;2;98;52;34m▀[0m[38;2;97;49;31m[48;2;98;51;33m▀[0m[38;2;97;47;29m[48;2;155;79;51m▀[0m[38;2;153;73;44m[48;2;170;84;53m▀[0m[38;2;163;75;45m[48;2;176;85;52m▀[0m[38;2;164;74;43m[48;2;172;80;48m▀[0m[38;2;159;69;39m[48;2;161;73;43m▀[0m[38;2;148;62;34m[48;2;146;64;36m▀[0m
          [38;2;140;53;26m▄[0m[38;2;146;58;30m▄[0m[38;2;148;62;34m▄[0m[38;2;146;64;36m▄[0m[38;2;139;63;37m▄[0m[38;2;96;44;26m[48;2;97;46;28m▀[0m[38;2;97;45;27m[48;2;97;47;29m▀[0m[38;2;97;47;29m[48;2;97;49;31m▀[0m[38;2;97;49;31m[48;2;101;52;34m▀[0m[38;2;98;50;32m[48;2;110;59;39m▀[0m[38;2;98;52;34m[48;2;116;63;43m▀[0m[38;2;108;58;39m[48;2;121;68;47m▀[0m[38;2;162;90;61m[48;2;148;85;59m▀[0m[38;2;194;109;75m[48;2;136;79;56m▀[0m[38;2;212;122;84m[48;2;143;85;60m▀[0m[38;2;140;81;57m[48;2;147;88;63m▀[0m[38;2;144;85;60m[48;2;152;93;67m▀[0m[38;2;144;85;60m[48;2;153;94;68m▀[0m[38;2;146;88;62m[48;2;158;98;71m▀[0m[38;2;151;91;65m[48;2;162;101;74m▀[0m[38;2;147;89;64m[48;2;158;99;72m▀[0m[38;2;146;89;64m[48;2;159;100;73m▀[0m[38;2;146;89;64m[48;2;157;99;72m▀[0m[38;2;142;86;62m[48;2;154;97;71m▀[0m[38;2;143;86;62m[48;2;156;98;71m▀[0m[38;2;147;88;63m[48;2;159;99;72m▀[0m[38;2;147;87;62m[48;2;159;98;71m▀[0m[38;2;141;83;58m[48;2;152;93;67m▀[0m[38;2;134;78;54m[48;2;147;89;63m▀[0m[38;2;132;76;53m[48;2;144;85;60m▀[0m[38;2;120;68;46m[48;2;132;77;54m▀[0m[38;2;108;60;40m[48;2;147;84;58m▀[0m[38;2;153;83;55m[48;2;176;99;68m▀[0m[38;2;175;92;61m[48;2;194;106;72m▀[0m[38;2;186;96;62m[48;2;198;106;70m▀[0m[38;2;185;93;59m[48;2;188;98;64m▀[0m[38;2;174;85;53m[48;2;170;86;55m▀[0m[38;2;158;74;45m[48;2;149;73;45m▀[0m[38;2;139;63;37m[48;2;97;46;28m▀[0m[38;2;96;44;26m▄[0m
          [38;2;144;57;29m[48;2;141;58;31m▀[0m[38;2;153;63;34m[48;2;154;66;37m▀[0m[38;2;159;69;39m[48;2;164;74;43m▀[0m[38;2;161;73;43m[48;2;172;80;48m▀[0m[38;2;158;74;45m[48;2;174;85;53m▀[0m[38;2;149;73;45m[48;2;170;86;55m▀[0m[38;2;97;49;31m[48;2;159;83;54m▀[0m[38;2;101;53;34m[48;2;113;61;41m▀[0m[38;2;113;61;40m[48;2;125;69;47m▀[0m[38;2;124;68;46m[48;2;136;78;54m▀[0m[38;2;133;75;52m[48;2;149;87;61m▀[0m[38;2;137;79;55m[48;2;152;91;65m▀[0m[38;2;140;83;59m[48;2;153;94;67m▀[0m[38;2;146;88;63m[48;2;154;96;70m▀[0m[38;2;152;93;67m[48;2;159;101;74m▀[0m[38;2;159;99;72m[48;2;172;111;82m▀[0m[38;2;164;104;76m[48;2;177;116;86m▀[0m[38;2;167;107;78m[48;2;181;119;89m▀[0m[38;2;170;109;81m[48;2;180;120;90m▀[0m[38;2;172;112;83m[48;2;183;123;92m▀[0m[38;2;170;111;82m[48;2;182;123;93m▀[0m[38;2;172;112;84m[48;2;186;125;95m▀[0m[38;2;170;111;83m[48;2;189;128;96m▀[0m[38;2;169;110;82m[48;2;187;126;95m▀[0m[38;2;170;111;82m[48;2;186;125;94m▀[0m[38;2;171;110;81m[48;2;182;121;91m▀[0m[38;2;169;108;79m[48;2;177;117;87m▀[0m[38;2;164;103;76m[48;2;174;113;84m▀[0m[38;2;160;100;72m[48;2;174;112;83m▀[0m[38;2;157;97;70m[48;2;173;110;80m▀[0m[38;2;146;88;63m[48;2;161;100;73m▀[0m[38;2;133;79;56m[48;2;148;90;65m▀[0m[38;2;126;73;51m[48;2;140;84;59m▀[0m[38;2;209;119;82m[48;2;129;76;53m▀[0m[38;2;202;112;76m[48;2;197;113;78m▀[0m[38;2;183;99;66m[48;2;170;94;64m▀[0m[38;2;159;83;54m[48;2;104;56;37m▀[0m[38;2;97;49;31m[48;2;98;51;33m▀[0m[38;2;97;47;29m[48;2;97;49;31m▀[0m[38;2;97;45;27m[48;2;97;47;29m▀[0m[38;2;96;44;25m[48;2;97;45;27m▀[0m[38;2;96;43;25m▄[0m
           [38;2;148;66;38m[48;2;96;44;26m▀[0m[38;2;163;75;45m[48;2;153;73;44m▀[0m[38;2;176;85;52m[48;2;170;84;53m▀[0m[38;2;185;93;59m[48;2;186;96;62m▀[0m[38;2;188;98;64m[48;2;198;106;70m▀[0m[38;2;183;99;66m[48;2;202;112;76m▀[0m[38;2;170;94;64m[48;2;197;113;78m▀[0m[38;2;147;84;58m[48;2;134;79;55m▀[0m[38;2;143;84;59m[48;2;148;89;64m▀[0m[38;2;153;92;66m[48;2;160;99;72m▀[0m[38;2;160;98;71m[48;2;167;106;78m▀[0m[38;2;164;103;76m[48;2;174;113;83m▀[0m[38;2;167;108;79m[48;2;180;119;89m▀[0m[38;2;173;113;84m[48;2;186;126;95m▀[0m[38;2;177;118;88m[48;2;190;130;99m▀[0m[38;2;187;126;95m[48;2;195;135;103m▀[0m[38;2;190;130;98m[48;2;202;142;109m▀[0m[38;2;192;132;100m[48;2;206;146;113m▀[0m[38;2;195;135;103m[48;2;209;149;115m▀[0m[38;2;196;137;104m[48;2;213;153;118m▀[0m[38;2;200;140;107m[48;2;220;159;123m▀[0m[38;2;205;143;109m[48;2;221;159;123m▀[0m[38;2;208;145;111m[48;2;227;163;126m▀[0m[38;2;205;142;109m[48;2;227;163;126m▀[0m[38;2;202;139;106m[48;2;220;156;120m▀[0m[38;2;198;135;102m[48;2;214;151;116m▀[0m[38;2;195;131;99m[48;2;209;146;111m▀[0m[38;2;192;128;96m[48;2;207;142;108m▀[0m[38;2;187;123;91m[48;2;201;135;102m▀[0m[38;2;176;114;84m[48;2;191;126;94m▀[0m[38;2;164;103;75m[48;2;178;116;86m▀[0m[38;2;155;96;69m[48;2;168;107;78m▀[0m[38;2;142;86;61m[48;2;157;98;71m▀[0m[38;2;130;77;54m[48;2;139;84;60m▀[0m[38;2;147;84;58m[48;2;128;75;53m▀[0m[38;2;111;62;42m[48;2;118;67;46m▀[0m[38;2;98;53;35m[48;2;105;58;39m▀[0m[38;2;98;51;33m[48;2;98;52;35m▀[0m[38;2;97;49;31m[48;2;98;50;32m▀[0m[38;2;97;47;29m[48;2;97;48;30m▀[0m[38;2;97;45;27m[48;2;97;46;28m▀[0m[38;2;96;42;24m[48;2;96;44;26m▀[0m
          [38;2;96;43;25m[48;2;97;44;26m▀[0m[38;2;97;45;27m[48;2;97;46;28m▀[0m[38;2;97;47;29m[48;2;97;49;31m▀[0m[38;2;155;79;51m[48;2;98;51;33m▀[0m[38;2;175;92;61m[48;2;153;83;55m▀[0m[38;2;194;106;72m[48;2;176;99;68m▀[0m[38;2;209;119;82m[48;2;126;73;51m▀[0m[38;2;128;75;53m[48;2;140;84;59m▀[0m[38;2;146;88;63m[48;2;157;97;70m▀[0m[38;2;162;100;72m[48;2;172;110;80m▀[0m[38;2;174;111;81m[48;2;180;117;87m▀[0m[38;2;181;118;88m[48;2;190;127;95m▀[0m[38;2;190;127;95m[48;2;201;138;104m▀[0m[38;2;199;135;102m[48;2;210;146;112m▀[0m[38;2;200;139;106m[48;2;212;151;116m▀[0m[38;2;201;142;109m[48;2;217;157;122m▀[0m[38;2;206;147;114m[48;2;220;162;126m▀[0m[38;2;208;150;117m[48;2;224;167;131m▀[0m[38;2;216;158;123m[48;2;234;176;138m▀[0m[38;2;226;167;130m[48;2;243;184;145m▀[0m[38;2;229;169;133m[48;2;244;186;147m▀[0m[38;2;237;176;138m[48;2;244;186;148m▀[0m[38;2;243;180;141m[48;2;244;186;148m▀[0m[38;2;243;180;141m[48;2;244;186;147m▀[0m[38;2;243;179;140m[48;2;244;185;146m▀[0m[38;2;237;173;135m[48;2;243;183;144m▀[0m[38;2;225;163;126m[48;2;236;176;138m▀[0m[38;2;220;157;122m[48;2;231;170;133m▀[0m[38;2;220;155;119m[48;2;232;168;130m▀[0m[38;2;214;149;113m[48;2;223;158;122m▀[0m[38;2;206;140;106m[48;2;213;149;114m▀[0m[38;2;193;129;97m[48;2;202;138;105m▀[0m[38;2;184;120;89m[48;2;193;129;97m▀[0m[38;2;171;109;80m[48;2;186;121;90m▀[0m[38;2;157;97;70m[48;2;173;110;81m▀[0m[38;2;145;87;62m[48;2;159;98;71m▀[0m[38;2;132;77;54m[48;2;145;87;62m▀[0m[38;2;115;65;45m[48;2;128;74;52m▀[0m[38;2;101;56;37m[48;2;112;63;43m▀[0m[38;2;98;52;34m[48;2;98;53;35m▀[0m[38;2;97;49;32m[48;2;142;74;48m▀[0m[38;2;97;47;29m[48;2;151;75;48m▀[0m[38;2;97;45;27m[48;2;156;75;46m▀[0m[38;2;96;43;25m[48;2;157;72;42m▀[0m[38;2;140;60;33m[48;2;155;67;38m▀[0m[38;2;139;56;29m[48;2;150;62;33m▀[0m[38;2;144;56;28m▄[0m
         [38;2;96;43;25m[48;2;96;44;26m▀[0m[38;2;97;45;27m[48;2;97;46;28m▀[0m[38;2;97;47;30m[48;2;97;48;31m▀[0m[38;2;97;50;32m[48;2;98;51;33m▀[0m[38;2;98;52;34m[48;2;98;53;36m▀[0m[38;2;102;56;38m[48;2;107;60;41m▀[0m[38;2;147;84;58m[48;2;125;73;51m▀[0m[38;2;136;80;57m[48;2;145;87;62m▀[0m[38;2;152;93;67m[48;2;165;103;75m▀[0m[38;2;164;104;76m[48;2;175;113;83m▀[0m[38;2;177;115;85m[48;2;186;123;92m▀[0m[38;2;186;124;93m[48;2;193;132;100m▀[0m[38;2;200;137;104m[48;2;206;144;110m▀[0m[38;2;211;148;113m[48;2;220;157;121m▀[0m[38;2;217;155;120m[48;2;228;167;130m▀[0m[38;2;220;160;125m[48;2;231;172;135m▀[0m[38;2;229;170;133m[48;2;238;181;143m▀[0m[38;2;236;178;141m[48;2;244;189;150m▀[0m[38;2;243;186;147m[48;2;245;192;153m▀[0m[38;2;244;189;150m[48;2;245;194;156m▀[0m[38;2;245;190;152m[48;2;246;196;158m▀[0m[38;2;245;192;153m[48;2;246;198;160m▀[0m[38;2;245;192;154m[48;2;246;198;160m▀[0m[38;2;245;192;154m[48;2;246;198;160m▀[0m[38;2;245;192;153m[48;2;246;198;160m▀[0m[38;2;245;190;152m[48;2;246;196;158m▀[0m[38;2;244;189;150m[48;2;245;194;156m▀[0m[38;2;244;186;148m[48;2;245;192;153m▀[0m[38;2;242;182;144m[48;2;244;189;150m▀[0m[38;2;239;177;139m[48;2;244;185;147m▀[0m[38;2;230;167;130m[48;2;236;176;139m▀[0m[38;2;219;157;121m[48;2;225;164;128m▀[0m[38;2;208;146;112m[48;2;216;154;119m▀[0m[38;2;202;138;105m[48;2;211;147;113m▀[0m[38;2;196;130;98m[48;2;207;141;106m▀[0m[38;2;183;119;88m[48;2;194;128;96m▀[0m[38;2;171;108;79m[48;2;181;116;86m▀[0m[38;2;156;96;69m[48;2;166;103;75m▀[0m[38;2;139;82;58m[48;2;150;90;65m▀[0m[38;2;148;85;59m[48;2;134;78;55m▀[0m[38;2;162;90;61m[48;2;194;109;75m▀[0m[38;2;171;91;60m[48;2;195;106;71m▀[0m[38;2;175;89;58m[48;2;191;100;65m▀[0m[38;2;174;85;53m[48;2;184;92;58m▀[0m[38;2;170;80;48m[48;2;175;83;51m▀[0m[38;2;164;73;42m[48;2;164;75;44m▀[0m[38;2;156;66;36m[48;2;153;66;37m▀[0m[38;2;146;59;30m[48;2;142;58;31m▀[0m[38;2;137;51;25m▀[0m
        [38;2;96;43;25m▄[0m[38;2;97;45;27m[48;2;97;45;27m▀[0m[38;2;97;47;29m[48;2;97;48;30m▀[0m[38;2;97;49;32m[48;2;98;50;32m▀[0m[38;2;98;52;34m[48;2;98;53;35m▀[0m[38;2;98;54;37m[48;2;99;55;38m▀[0m[38;2;115;66;46m[48;2;117;68;47m▀[0m[38;2;133;79;56m[48;2;136;82;59m▀[0m[38;2;153;94;68m[48;2;159;99;72m▀[0m[38;2;173;110;81m[48;2;180;116;86m▀[0m[38;2;188;123;91m[48;2;195;130;97m▀[0m[38;2;201;135;102m[48;2;210;144;109m▀[0m[38;2;205;142;108m[48;2;219;154;118m▀[0m[38;2;217;155;119m[48;2;229;166;129m▀[0m[38;2;231;168;131m[48;2;239;178;139m▀[0m[38;2;236;176;138m[48;2;244;185;147m▀[0m[38;2;242;184;146m[48;2;245;190;151m▀[0m[38;2;245;190;151m[48;2;245;194;156m▀[0m[38;2;245;194;155m[48;2;246;198;160m▀[0m[38;2;246;197;159m[48;2;247;202;164m▀[0m[38;2;246;200;162m[48;2;247;205;168m▀[0m[38;2;247;202;164m[48;2;248;208;170m▀[0m[38;2;247;203;166m[48;2;248;209;172m▀[0m[38;2;247;204;167m[48;2;248;210;173m▀[0m[38;2;247;204;167m[48;2;248;210;173m▀[0m[38;2;247;203;166m[48;2;248;209;172m▀[0m[38;2;247;202;164m[48;2;248;208;170m▀[0m[38;2;246;200;162m[48;2;247;205;168m▀[0m[38;2;246;197;159m[48;2;247;202;164m▀[0m[38;2;245;194;155m[48;2;246;198;160m▀[0m[38;2;245;190;151m[48;2;245;194;156m▀[0m[38;2;243;185;146m[48;2;245;190;151m▀[0m[38;2;233;174;137m[48;2;240;183;145m▀[0m[38;2;225;164;128m[48;2;237;176;138m▀[0m[38;2;224;159;123m[48;2;235;170;132m▀[0m[38;2;218;151;115m[48;2;226;159;122m▀[0m[38;2;202;136;103m[48;2;207;142;108m▀[0m[38;2;189;124;92m[48;2;196;131;98m▀[0m[38;2;176;112;82m[48;2;181;117;86m▀[0m[38;2;160;98;71m[48;2;168;105;76m▀[0m[38;2;145;86;61m[48;2;154;93;66m▀[0m[38;2;212;122;84m[48;2;140;81;57m▀[0m[38;2;204;113;76m[48;2;195;109;75m▀[0m[38;2;193;102;68m[48;2;179;96;64m▀[0m[38;2;181;92;59m[48;2;164;84;55m▀[0m[38;2;168;81;51m[48;2;150;74;46m▀[0m[38;2;155;72;43m[48;2;97;45;27m▀[0m[38;2;143;63;36m[48;2;96;43;25m▀[0m
     [38;2;139;54;27m▄[0m[38;2;146;60;32m▄[0m[38;2;153;66;37m▄[0m[38;2;140;63;37m[48;2;158;72;43m▀[0m[38;2;140;67;41m[48;2;163;78;48m▀[0m[38;2;97;48;31m[48;2;166;84;53m▀[0m[38;2;98;51;33m[48;2;168;89;58m▀[0m[38;2;98;53;36m[48;2;168;92;62m▀[0m[38;2;102;58;40m[48;2;166;95;66m▀[0m[38;2;118;70;49m[48;2;125;75;53m▀[0m[38;2;140;85;61m[48;2;144;89;64m▀[0m[38;2;162;102;75m[48;2;167;107;78m▀[0m[38;2;186;121;90m[48;2;190;126;94m▀[0m[38;2;201;135;102m[48;2;205;140;106m▀[0m[38;2;217;150;115m[48;2;221;155;119m▀[0m[38;2;230;164;127m[48;2;234;170;132m▀[0m[38;2;239;175;137m[48;2;243;181;142m▀[0m[38;2;243;183;145m[48;2;244;186;148m▀[0m[38;2;244;189;150m[48;2;245;192;153m▀[0m[38;2;245;194;155m[48;2;246;197;159m▀[0m[38;2;246;198;160m[48;2;247;202;164m▀[0m[38;2;247;203;165m[48;2;247;207;169m▀[0m[38;2;247;207;169m[48;2;248;211;174m▀[0m[38;2;248;210;173m[48;2;249;215;178m▀[0m[38;2;248;213;176m[48;2;249;219;182m▀[0m[38;2;249;215;178m[48;2;250;221;184m▀[0m[38;2;249;216;179m[48;2;250;222;186m▀[0m[38;2;249;216;179m[48;2;250;222;186m▀[0m[38;2;249;215;178m[48;2;250;221;184m▀[0m[38;2;248;213;176m[48;2;249;219;182m▀[0m[38;2;248;210;173m[48;2;249;215;178m▀[0m[38;2;247;207;169m[48;2;248;211;174m▀[0m[38;2;247;203;165m[48;2;247;207;169m▀[0m[38;2;246;198;160m[48;2;247;202;164m▀[0m[38;2;245;194;155m[48;2;246;197;159m▀[0m[38;2;243;188;150m[48;2;245;192;153m▀[0m[38;2;241;182;144m[48;2;244;186;148m▀[0m[38;2;235;173;135m[48;2;235;175;138m▀[0m[38;2;226;161;125m[48;2;225;163;126m▀[0m[38;2;209;145;111m[48;2;208;146;112m▀[0m[38;2;196;132;100m[48;2;193;131;100m▀[0m[38;2;181;118;88m[48;2;180;119;89m▀[0m[38;2;169;107;78m[48;2;170;109;80m▀[0m[38;2;159;97;70m[48;2;160;99;71m▀[0m[38;2;145;85;60m[48;2;147;88;62m▀[0m[38;2;167;95;65m[48;2;136;78;54m▀[0m[38;2;151;82;55m[48;2;123;68;46m▀[0m[38;2;101;52;34m[48;2;104;55;36m▀[0m[38;2;97;48;31m[48;2;97;49;31m▀[0m[38;2;97;46;28m[48;2;97;47;29m▀[0m[38;2;96;44;25m[48;2;97;44;26m▀[0m
     [38;2;144;56;28m[48;2;141;55;28m▀[0m[38;2;152;63;34m[48;2;150;63;34m▀[0m[38;2;161;70;40m[48;2;160;70;40m▀[0m[38;2;169;78;47m[48;2;169;79;47m▀[0m[38;2;177;86;53m[48;2;179;87;54m▀[0m[38;2;184;94;60m[48;2;188;96;62m▀[0m[38;2;191;102;67m[48;2;198;106;70m▀[0m[38;2;196;109;74m[48;2;207;116;79m▀[0m[38;2;112;65;45m[48;2;114;66;46m▀[0m[38;2;130;78;55m[48;2;130;79;56m▀[0m[38;2;146;91;66m[48;2;150;94;68m▀[0m[38;2;166;107;79m[48;2;166;108;80m▀[0m[38;2;188;125;94m[48;2;182;122;92m▀[0m[38;2;205;141;107m[48;2;202;140;107m▀[0m[38;2;223;159;122m[48;2;224;160;123m▀[0m[38;2;235;172;134m[48;2;236;174;136m▀[0m[38;2;243;183;144m[48;2;244;185;146m▀[0m[38;2;244;189;150m[48;2;245;190;152m▀[0m[38;2;245;194;156m[48;2;246;196;158m▀[0m[38;2;246;200;162m[48;2;247;202;164m▀[0m[38;2;247;205;168m[48;2;248;208;170m▀[0m[38;2;248;210;173m[48;2;248;213;176m▀[0m[38;2;249;215;178m[48;2;249;219;182m▀[0m[38;2;250;220;183m[48;2;250;224;187m▀[0m[38;2;250;224;187m[48;2;251;228;192m▀[0m[38;2;251;227;190m[48;2;252;232;196m▀[0m[38;2;251;228;192m[48;2;252;234;198m▀[0m[38;2;251;228;192m[48;2;252;234;198m▀[0m[38;2;251;227;190m[48;2;252;232;196m▀[0m[38;2;250;224;187m[48;2;251;228;192m▀[0m[38;2;250;220;183m[48;2;250;224;187m▀[0m[38;2;249;215;178m[48;2;249;219;182m▀[0m[38;2;248;210;173m[48;2;248;213;176m▀[0m[38;2;247;205;168m[48;2;248;208;170m▀[0m[38;2;246;200;162m[48;2;247;202;164m▀[0m[38;2;245;194;156m[48;2;246;196;158m▀[0m[38;2;244;189;150m[48;2;245;190;152m▀[0m[38;2;237;178;140m[48;2;237;179;142m▀[0m[38;2;225;165;128m[48;2;225;165;129m▀[0m[38;2;213;151;116m[48;2;213;153;118m▀[0m[38;2;196;135;103m[48;2;200;138;106m▀[0m[38;2;184;123;92m[48;2;187;125;94m▀[0m[38;2;170;110;81m[48;2;171;111;82m▀[0m[38;2;157;98;71m[48;2;156;98;71m▀[0m[38;2;144;86;61m[48;2;140;85;60m▀[0m[38;2;129;75;52m[48;2;124;72;50m▀[0m[38;2;118;65;44m[48;2;112;62;43m▀[0m[38;2;104;55;36m[48;2;104;55;37m▀[0m[38;2;97;49;32m[48;2;97;50;32m▀[0m[38;2;97;47;29m[48;2;97;47;29m▀[0m[38;2;97;44;26m[48;2;97;45;27m▀[0m
      [38;2;141;59;32m▀[0m[38;2;149;66;38m[48;2;96;43;24m▀[0m[38;2;158;74;44m[48;2;97;45;27m▀[0m[38;2;167;82;51m[48;2;144;71;44m▀[0m[38;2;176;90;59m[48;2;151;78;50m▀[0m[38;2;185;100;67m[48;2;158;85;57m▀[0m[38;2;195;110;75m[48;2;164;92;63m▀[0m[38;2;117;68;48m[48;2;117;68;48m▀[0m[38;2;133;81;58m[48;2;134;81;58m▀[0m[38;2;149;94;68m[48;2;148;93;68m▀[0m[38;2;165;107;80m[48;2;164;107;80m▀[0m[38;2;183;124;93m[48;2;186;126;95m▀[0m[38;2;198;138;106m[48;2;202;141;108m▀[0m[38;2;217;156;121m[48;2;219;157;122m▀[0m[38;2;226;167;131m[48;2;230;171;134m▀[0m[38;2;244;186;147m[48;2;244;186;148m▀[0m[38;2;245;192;153m[48;2;245;192;154m▀[0m[38;2;246;198;160m[48;2;246;198;160m▀[0m[38;2;247;203;166m[48;2;247;204;167m▀[0m[38;2;248;209;172m[48;2;248;210;173m▀[0m[38;2;249;215;178m[48;2;249;216;179m▀[0m[38;2;250;221;184m[48;2;250;222;186m▀[0m[38;2;251;227;190m[48;2;251;228;192m▀[0m[38;2;252;232;196m[48;2;252;234;198m▀[0m[38;2;252;237;201m[48;2;253;240;204m▀[0m[38;2;253;240;204m[48;2;254;245;210m▀[0m[38;2;253;240;204m[48;2;254;245;210m▀[0m[38;2;252;237;201m[48;2;253;240;204m▀[0m[38;2;252;232;196m[48;2;252;234;198m▀[0m[38;2;251;227;190m[48;2;251;228;192m▀[0m[38;2;250;221;184m[48;2;250;222;186m▀[0m[38;2;249;215;178m[48;2;249;216;179m▀[0m[38;2;248;209;172m[48;2;248;210;173m▀[0m[38;2;247;203;166m[48;2;247;204;167m▀[0m[38;2;246;198;160m[48;2;246;198;160m▀[0m[38;2;245;192;153m[48;2;245;192;154m▀[0m[38;2;236;180;143m[48;2;232;177;141m▀[0m[38;2;217;161;126m[48;2;215;159;125m▀[0m[38;2;202;145;112m[48;2;194;140;108m▀[0m[38;2;192;134;102m[48;2;186;129;99m▀[0m[38;2;185;125;94m[48;2;178;120;91m▀[0m[38;2;170;111;82m[48;2;162;106;79m▀[0m[38;2;152;96;70m[48;2;146;92;67m▀[0m[38;2;136;82;59m[48;2;133;81;58m▀[0m[38;2;123;72;50m[48;2;120;70;49m▀[0m[38;2;111;62;42m[48;2;108;61;42m▀[0m[38;2;103;55;37m[48;2;98;53;35m▀[0m[38;2;98;50;32m[48;2;98;50;32m▀[0m[38;2;97;48;30m[48;2;97;48;30m▀[0m[38;2;97;45;27m[48;2;97;45;27m▀[0m[38;2;96;42;24m[48;2;96;43;24m▀[0m
       [38;2;96;43;24m[48;2;96;42;24m▀[0m[38;2;97;45;27m[48;2;97;45;27m▀[0m[38;2;97;48;30m[48;2;97;48;30m▀[0m[38;2;99;51;33m[48;2;99;51;33m▀[0m[38;2;103;56;37m[48;2;106;57;38m▀[0m[38;2;106;60;41m[48;2;111;62;43m▀[0m[38;2;120;70;49m[48;2;120;70;49m▀[0m[38;2;133;81;58m[48;2;134;82;58m▀[0m[38;2;146;92;67m[48;2;147;93;68m▀[0m[38;2;163;106;79m[48;2;161;105;78m▀[0m[38;2;185;125;94m[48;2;179;121;91m▀[0m[38;2;202;141;108m[48;2;198;138;105m▀[0m[38;2;219;158;122m[48;2;218;157;121m▀[0m[38;2;236;175;138m[48;2;235;174;136m▀[0m[38;2;244;186;148m[48;2;244;186;147m▀[0m[38;2;245;192;154m[48;2;245;192;153m▀[0m[38;2;246;198;160m[48;2;246;198;160m▀[0m[38;2;247;204;167m[48;2;247;203;166m▀[0m[38;2;248;210;173m[48;2;248;209;172m▀[0m[38;2;249;216;179m[48;2;249;215;178m▀[0m[38;2;250;222;186m[48;2;250;221;184m▀[0m[38;2;251;228;192m[48;2;251;227;190m▀[0m[38;2;252;234;198m[48;2;252;232;196m▀[0m[38;2;253;240;204m[48;2;252;237;201m▀[0m[38;2;254;245;210m[48;2;253;240;204m▀[0m[38;2;254;245;210m[48;2;253;240;204m▀[0m[38;2;253;240;204m[48;2;252;237;201m▀[0m[38;2;252;234;198m[48;2;252;232;196m▀[0m[38;2;251;228;192m[48;2;251;227;190m▀[0m[38;2;250;222;186m[48;2;250;221;184m▀[0m[38;2;249;216;179m[48;2;249;215;178m▀[0m[38;2;248;210;173m[48;2;248;209;172m▀[0m[38;2;247;204;167m[48;2;247;203;166m▀[0m[38;2;246;198;160m[48;2;246;198;160m▀[0m[38;2;244;191;153m[48;2;245;192;153m▀[0m[38;2;232;177;140m[48;2;231;176;140m▀[0m[38;2;215;160;125m[48;2;219;162;127m▀[0m[38;2;198;143;111m[48;2;202;145;112m▀[0m[38;2;183;128;98m[48;2;188;131;100m▀[0m[38;2;176;119;90m[48;2;178;120;90m▀[0m[38;2;162;106;79m[48;2;163;106;79m▀[0m[38;2;147;93;68m[48;2;149;94;68m▀[0m[38;2;133;81;58m[48;2;135;82;59m▀[0m[38;2;116;68;47m[48;2;120;70;49m▀[0m[38;2;164;92;63m[48;2;195;110;75m▀[0m[38;2;158;85;57m[48;2;185;100;67m▀[0m[38;2;151;78;50m[48;2;176;90;59m▀[0m[38;2;144;71;44m[48;2;167;82;51m▀[0m[38;2;97;45;27m[48;2;158;74;44m▀[0m[38;2;96;43;24m[48;2;149;66;38m▀[0m[38;2;141;59;32m▄[0m
        [38;2;97;45;27m[48;2;97;44;26m▀[0m[38;2;97;47;29m[48;2;97;47;29m▀[0m[38;2;98;50;32m[48;2;97;49;32m▀[0m[38;2;106;57;38m[48;2;103;55;36m▀[0m[38;2;116;65;44m[48;2;114;63;43m▀[0m[38;2;125;73;51m[48;2;128;74;52m▀[0m[38;2;137;83;59m[48;2;140;84;60m▀[0m[38;2;149;93;68m[48;2;151;94;68m▀[0m[38;2;162;105;78m[48;2;162;104;77m▀[0m[38;2;174;117;88m[48;2;173;115;86m▀[0m[38;2;191;132;101m[48;2;185;127;97m▀[0m[38;2;209;150;116m[48;2;200;142;110m▀[0m[38;2;224;165;129m[48;2;219;160;125m▀[0m[38;2;240;182;144m[48;2;236;177;140m▀[0m[38;2;245;190;152m[48;2;244;189;150m▀[0m[38;2;246;196;158m[48;2;245;194;156m▀[0m[38;2;247;202;164m[48;2;246;200;162m▀[0m[38;2;248;208;170m[48;2;247;205;168m▀[0m[38;2;248;213;176m[48;2;248;210;173m▀[0m[38;2;249;219;182m[48;2;249;215;178m▀[0m[38;2;250;224;187m[48;2;250;220;183m▀[0m[38;2;251;228;192m[48;2;250;224;187m▀[0m[38;2;252;232;196m[48;2;251;227;190m▀[0m[38;2;252;234;198m[48;2;251;228;192m▀[0m[38;2;252;234;198m[48;2;251;228;192m▀[0m[38;2;252;232;196m[48;2;251;227;190m▀[0m[38;2;251;228;192m[48;2;250;224;187m▀[0m[38;2;250;224;187m[48;2;250;220;183m▀[0m[38;2;249;219;182m[48;2;249;215;178m▀[0m[38;2;248;213;176m[48;2;248;210;173m▀[0m[38;2;248;208;170m[48;2;247;205;168m▀[0m[38;2;247;202;164m[48;2;246;200;162m▀[0m[38;2;246;196;158m[48;2;245;194;156m▀[0m[38;2;245;190;152m[48;2;244;189;150m▀[0m[38;2;233;176;139m[48;2;239;179;141m▀[0m[38;2;220;162;126m[48;2;225;165;128m▀[0m[38;2;206;147;114m[48;2;211;150;115m▀[0m[38;2;188;130;99m[48;2;192;132;101m▀[0m[38;2;174;116;88m[48;2;175;116;87m▀[0m[38;2;159;103;76m[48;2;160;103;76m▀[0m[38;2;147;92;67m[48;2;149;93;67m▀[0m[38;2;136;82;59m[48;2;139;83;59m▀[0m[38;2;125;73;51m[48;2;125;72;50m▀[0m[38;2;207;116;79m[48;2;196;109;74m▀[0m[38;2;198;106;70m[48;2;191;102;67m▀[0m[38;2;188;96;62m[48;2;184;94;60m▀[0m[38;2;179;87;54m[48;2;177;86;53m▀[0m[38;2;169;79;47m[48;2;169;78;47m▀[0m[38;2;160;70;40m[48;2;161;70;40m▀[0m[38;2;150;63;34m[48;2;152;63;34m▀[0m[38;2;141;55;28m[48;2;144;56;28m▀[0m
        [38;2;97;44;26m[48;2;96;44;25m▀[0m[38;2;97;47;29m[48;2;97;46;28m▀[0m[38;2;97;49;31m[48;2;97;48;31m▀[0m[38;2;99;52;34m[48;2;98;51;33m▀[0m[38;2;112;62;42m[48;2;151;82;55m▀[0m[38;2;127;73;50m[48;2;167;95;65m▀[0m[38;2;141;84;59m[48;2;137;81;57m▀[0m[38;2;152;94;68m[48;2;151;92;66m▀[0m[38;2;162;103;76m[48;2;157;100;73m▀[0m[38;2;169;112;83m[48;2;162;106;78m▀[0m[38;2;181;124;94m[48;2;174;117;88m▀[0m[38;2;194;136;104m[48;2;189;132;100m▀[0m[38;2;213;154;120m[48;2;206;147;114m▀[0m[38;2;229;171;134m[48;2;219;161;126m▀[0m[38;2;241;184;146m[48;2;232;174;138m▀[0m[38;2;245;192;153m[48;2;243;188;149m▀[0m[38;2;246;197;159m[48;2;245;194;155m▀[0m[38;2;247;202;164m[48;2;246;198;160m▀[0m[38;2;247;207;169m[48;2;247;203;165m▀[0m[38;2;248;211;174m[48;2;247;207;169m▀[0m[38;2;249;215;178m[48;2;248;210;173m▀[0m[38;2;249;219;182m[48;2;248;213;176m▀[0m[38;2;250;221;184m[48;2;249;215;178m▀[0m[38;2;250;222;186m[48;2;249;216;179m▀[0m[38;2;250;222;186m[48;2;249;216;179m▀[0m[38;2;250;221;184m[48;2;249;215;178m▀[0m[38;2;249;219;182m[48;2;248;213;176m▀[0m[38;2;249;215;178m[48;2;248;210;173m▀[0m[38;2;248;211;174m[48;2;247;207;169m▀[0m[38;2;247;207;169m[48;2;247;203;165m▀[0m[38;2;247;202;164m[48;2;246;198;160m▀[0m[38;2;246;197;159m[48;2;245;194;155m▀[0m[38;2;245;192;153m[48;2;244;189;150m▀[0m[38;2;244;186;148m[48;2;243;183;145m▀[0m[38;2;243;181;142m[48;2;238;175;137m▀[0m[38;2;232;168;130m[48;2;232;166;128m▀[0m[38;2;213;150;115m[48;2;215;149;114m▀[0m[38;2;193;132;100m[48;2;194;131;98m▀[0m[38;2;175;115;86m[48;2;175;114;85m▀[0m[38;2;162;103;76m[48;2;163;103;75m▀[0m[38;2;151;93;67m[48;2;153;93;67m▀[0m[38;2;139;83;59m[48;2;140;83;58m▀[0m[38;2;166;95;66m[48;2;128;72;50m▀[0m[38;2;168;92;62m[48;2;116;63;42m▀[0m[38;2;168;89;58m[48;2;106;55;36m▀[0m[38;2;166;84;53m[48;2;97;48;31m▀[0m[38;2;163;78;48m[48;2;140;67;41m▀[0m[38;2;158;72;43m[48;2;140;63;37m▀[0m[38;2;153;66;37m▀[0m[38;2;146;60;32m▀[0m[38;2;139;54;27m▀[0m
        [38;2;96;43;25m[48;2;143;63;36m▀[0m[38;2;97;45;27m[48;2;155;72;43m▀[0m[38;2;150;74;46m[48;2;168;81;51m▀[0m[38;2;164;84;55m[48;2;181;92;59m▀[0m[38;2;179;96;64m[48;2;193;102;68m▀[0m[38;2;195;109;75m[48;2;204;113;76m▀[0m[38;2;133;77;54m[48;2;212;122;84m▀[0m[38;2;143;86;61m[48;2;132;79;55m▀[0m[38;2;147;92;67m[48;2;140;86;62m▀[0m[38;2;155;100;74m[48;2;151;96;70m▀[0m[38;2;170;113;85m[48;2;161;105;78m▀[0m[38;2;180;123;94m[48;2;171;115;87m▀[0m[38;2;197;139;107m[48;2;186;129;98m▀[0m[38;2;209;151;117m[48;2;199;142;109m▀[0m[38;2;221;164;129m[48;2;214;156;121m▀[0m[38;2;236;179;142m[48;2;227;169;133m▀[0m[38;2;245;190;151m[48;2;240;183;145m▀[0m[38;2;245;194;156m[48;2;245;190;151m▀[0m[38;2;246;198;160m[48;2;245;194;155m▀[0m[38;2;247;202;164m[48;2;246;197;159m▀[0m[38;2;247;205;168m[48;2;246;200;162m▀[0m[38;2;248;208;170m[48;2;247;202;164m▀[0m[38;2;248;209;172m[48;2;247;203;166m▀[0m[38;2;248;210;173m[48;2;247;204;167m▀[0m[38;2;248;210;173m[48;2;247;204;167m▀[0m[38;2;248;209;172m[48;2;247;203;166m▀[0m[38;2;248;208;170m[48;2;247;202;164m▀[0m[38;2;247;205;168m[48;2;246;200;162m▀[0m[38;2;247;202;164m[48;2;246;197;159m▀[0m[38;2;246;198;160m[48;2;245;194;155m▀[0m[38;2;245;194;156m[48;2;245;190;151m▀[0m[38;2;245;190;151m[48;2;244;186;147m▀[0m[38;2;244;185;147m[48;2;239;178;140m▀[0m[38;2;241;179;140m[48;2;234;170;133m▀[0m[38;2;236;170;132m[48;2;225;160;124m▀[0m[38;2;227;160;123m[48;2;216;150;114m▀[0m[38;2;213;146;111m[48;2;200;135;102m▀[0m[38;2;196;131;98m[48;2;187;122;91m▀[0m[38;2;179;116;85m[48;2;174;111;81m▀[0m[38;2;165;103;75m[48;2;159;98;70m▀[0m[38;2;151;91;65m[48;2;146;87;61m▀[0m[38;2;141;82;57m[48;2;136;78;54m▀[0m[38;2;130;73;50m[48;2;125;69;47m▀[0m[38;2;117;63;42m[48;2;115;61;40m▀[0m[38;2;105;54;35m[48;2;99;50;32m▀[0m[38;2;97;48;30m[48;2;97;47;29m▀[0m[38;2;97;45;27m[48;2;97;45;27m▀[0m[38;2;96;43;25m▀[0m
      [38;2;137;51;25m▄[0m[38;2;142;58;31m[48;2;146;59;30m▀[0m[38;2;153;66;37m[48;2;156;66;36m▀[0m[38;2;164;75;44m[48;2;164;73;42m▀[0m[38;2;175;83;51m[48;2;170;80;48m▀[0m[38;2;184;92;58m[48;2;174;85;53m▀[0m[38;2;191;100;65m[48;2;175;89;58m▀[0m[38;2;195;106;71m[48;2;171;91;60m▀[0m[38;2;194;109;75m[48;2;162;90;61m▀[0m[38;2;124;72;51m[48;2;148;85;59m▀[0m[38;2;132;80;57m[48;2;126;75;53m▀[0m[38;2;145;90;66m[48;2;137;84;60m▀[0m[38;2;155;100;74m[48;2;149;94;68m▀[0m[38;2;165;109;82m[48;2;158;103;76m▀[0m[38;2;181;123;93m[48;2;171;114;85m▀[0m[38;2;195;136;104m[48;2;184;126;95m▀[0m[38;2;206;147;114m[48;2;197;138;105m▀[0m[38;2;215;157;123m[48;2;205;147;113m▀[0m[38;2;227;169;133m[48;2;215;157;122m▀[0m[38;2;244;185;147m[48;2;232;172;135m▀[0m[38;2;244;189;150m[48;2;240;181;143m▀[0m[38;2;245;192;153m[48;2;244;186;148m▀[0m[38;2;245;194;156m[48;2;244;189;150m▀[0m[38;2;246;196;158m[48;2;245;190;152m▀[0m[38;2;246;198;160m[48;2;245;192;153m▀[0m[38;2;246;198;160m[48;2;245;192;154m▀[0m[38;2;246;198;160m[48;2;245;192;154m▀[0m[38;2;246;198;160m[48;2;245;192;153m▀[0m[38;2;246;196;158m[48;2;245;190;152m▀[0m[38;2;245;194;156m[48;2;244;189;150m▀[0m[38;2;245;192;153m[48;2;241;184;146m▀[0m[38;2;244;189;150m[48;2;239;180;142m▀[0m[38;2;244;185;147m[48;2;235;174;137m▀[0m[38;2;235;176;138m[48;2;223;163;127m▀[0m[38;2;227;166;130m[48;2;216;155;120m▀[0m[38;2;222;159;123m[48;2;213;149;114m▀[0m[38;2;211;147;113m[48;2;200;137;104m▀[0m[38;2;200;136;103m[48;2;189;126;94m▀[0m[38;2;189;125;94m[48;2;179;116;86m▀[0m[38;2;175;113;83m[48;2;167;105;77m▀[0m[38;2;165;103;75m[48;2;157;96;69m▀[0m[38;2;152;92;66m[48;2;143;85;60m▀[0m[38;2;139;81;57m[48;2;147;84;58m▀[0m[38;2;132;74;51m[48;2;125;69;47m▀[0m[38;2;123;67;45m[48;2;116;62;41m▀[0m[38;2;113;59;38m[48;2;106;54;35m▀[0m[38;2;100;50;32m[48;2;97;47;30m▀[0m[38;2;97;46;28m[48;2;97;45;27m▀[0m[38;2;96;44;26m[48;2;96;43;25m▀[0m
       [38;2;144;56;28m▀[0m[38;2;150;62;33m[48;2;139;56;29m▀[0m[38;2;155;67;38m[48;2;140;60;33m▀[0m[38;2;157;72;42m[48;2;96;43;25m▀[0m[38;2;156;75;46m[48;2;97;45;27m▀[0m[38;2;151;75;48m[48;2;97;47;29m▀[0m[38;2;142;74;48m[48;2;97;49;32m▀[0m[38;2;99;54;36m[48;2;98;52;34m▀[0m[38;2;109;61;42m[48;2;98;54;36m▀[0m[38;2;115;67;46m[48;2;105;59;41m▀[0m[38;2;123;74;52m[48;2;113;66;46m▀[0m[38;2;134;82;59m[48;2;122;74;52m▀[0m[38;2;144;91;67m[48;2;130;81;58m▀[0m[38;2;155;101;75m[48;2;142;90;66m▀[0m[38;2;169;113;85m[48;2;156;102;75m▀[0m[38;2;182;125;95m[48;2;172;115;86m▀[0m[38;2;193;135;103m[48;2;182;124;94m▀[0m[38;2;206;146;113m[48;2;192;133;102m▀[0m[38;2;220;159;124m[48;2;208;147;113m▀[0m[38;2;230;169;132m[48;2;216;155;119m▀[0m[38;2;229;170;134m[48;2;217;157;122m▀[0m[38;2;230;173;136m[48;2;213;156;121m▀[0m[38;2;230;174;138m[48;2;210;155;121m▀[0m[38;2;232;176;140m[48;2;211;156;123m▀[0m[38;2;235;180;142m[48;2;215;160;125m▀[0m[38;2;237;181;144m[48;2;218;162;127m▀[0m[38;2;242;185;146m[48;2;229;169;133m▀[0m[38;2;243;184;145m[48;2;230;169;132m▀[0m[38;2;237;178;140m[48;2;227;166;129m▀[0m[38;2;231;172;135m[48;2;221;160;124m▀[0m[38;2;228;167;131m[48;2;216;155;119m▀[0m[38;2;224;162;126m[48;2;211;149;114m▀[0m[38;2;214;152;118m[48;2;202;140;107m▀[0m[38;2;203;142;109m[48;2;189;129;97m▀[0m[38;2;196;134;101m[48;2;182;121;91m▀[0m[38;2;189;126;95m[48;2;179;117;87m▀[0m[38;2;181;118;88m[48;2;172;109;80m▀[0m[38;2;165;105;77m[48;2;153;95;69m▀[0m[38;2;158;97;70m[48;2;146;88;63m▀[0m[38;2;151;90;64m[48;2;144;84;59m▀[0m[38;2;137;79;55m[48;2;209;119;82m▀[0m[38;2;176;99;68m[48;2;194;106;72m▀[0m[38;2;153;83;55m[48;2;175;92;61m▀[0m[38;2;108;56;37m[48;2;155;79;51m▀[0m[38;2;100;50;32m[48;2;97;47;29m▀[0m[38;2;97;46;28m[48;2;97;45;27m▀[0m[38;2;97;44;26m[48;2;96;43;25m▀[0m
           [38;2;96;44;26m[48;2;96;42;24m▀[0m[38;2;97;46;28m[48;2;97;45;27m▀[0m[38;2;97;48;30m[48;2;97;47;29m▀[0m[38;2;98;50;32m[48;2;97;49;31m▀[0m[38;2;98;52;35m[48;2;98;51;33m▀[0m[38;2;98;54;37m[48;2;98;53;35m▀[0m[38;2;107;61;42m[48;2;106;59;40m▀[0m[38;2;115;68;48m[48;2;147;84;58m▀[0m[38;2;119;72;51m[48;2;110;64;45m▀[0m[38;2;132;82;59m[48;2;119;72;51m▀[0m[38;2;146;93;68m[48;2;130;80;58m▀[0m[38;2;161;105;77m[48;2;148;93;68m▀[0m[38;2;168;111;83m[48;2;157;101;75m▀[0m[38;2;175;118;89m[48;2;165;108;80m▀[0m[38;2;194;133;101m[48;2;172;115;86m▀[0m[38;2;197;137;104m[48;2;176;119;89m▀[0m[38;2;196;138;106m[48;2;180;123;93m▀[0m[38;2;199;141;109m[48;2;187;128;98m▀[0m[38;2;202;144;111m[48;2;191;133;101m▀[0m[38;2;200;144;111m[48;2;195;136;104m▀[0m[38;2;201;145;112m[48;2;193;134;103m▀[0m[38;2;204;147;114m[48;2;191;133;102m▀[0m[38;2;212;152;118m[48;2;195;136;104m▀[0m[38;2;214;153;118m[48;2;199;138;105m▀[0m[38;2;213;151;117m[48;2;196;135;103m▀[0m[38;2;208;147;112m[48;2;193;132;100m▀[0m[38;2;203;141;108m[48;2;195;131;99m▀[0m[38;2;202;139;105m[48;2;193;128;96m▀[0m[38;2;192;130;98m[48;2;181;118;88m▀[0m[38;2;182;120;90m[48;2;172;111;82m▀[0m[38;2;175;113;84m[48;2;165;104;76m▀[0m[38;2;166;105;77m[48;2;158;98;71m▀[0m[38;2;155;96;69m[48;2;145;88;63m▀[0m[38;2;141;85;61m[48;2;132;78;55m▀[0m[38;2;135;79;56m[48;2;147;84;58m▀[0m[38;2;197;113;78m[48;2;170;94;64m▀[0m[38;2;202;112;76m[48;2;183;99;66m▀[0m[38;2;198;106;70m[48;2;188;98;64m▀[0m[38;2;186;96;62m[48;2;185;93;59m▀[0m[38;2;170;84;53m[48;2;176;85;52m▀[0m[38;2;153;73;44m[48;2;163;75;45m▀[0m[38;2;96;44;26m[48;2;148;66;38m▀[0m
            [38;2;96;43;25m▀[0m[38;2;97;45;27m[48;2;96;44;25m▀[0m[38;2;97;47;29m[48;2;97;45;27m▀[0m[38;2;97;49;31m[48;2;97;47;29m▀[0m[38;2;98;51;33m[48;2;97;49;31m▀[0m[38;2;102;55;37m[48;2;159;83;54m▀[0m[38;2;170;94;64m[48;2;183;99;66m▀[0m[38;2;197;113;78m[48;2;202;112;76m▀[0m[38;2;105;62;43m[48;2;209;119;82m▀[0m[38;2;119;71;50m[48;2;106;62;43m▀[0m[38;2;134;82;59m[48;2;119;71;50m▀[0m[38;2;144;90;65m[48;2;126;76;54m▀[0m[38;2;149;95;69m[48;2;130;80;58m▀[0m[38;2;153;98;73m[48;2;136;85;62m▀[0m[38;2;157;103;76m[48;2;141;89;65m▀[0m[38;2;164;108;81m[48;2;149;95;70m▀[0m[38;2;172;115;86m[48;2;158;102;75m▀[0m[38;2;181;122;92m[48;2;168;109;81m▀[0m[38;2;187;126;95m[48;2;170;111;82m▀[0m[38;2;183;124;93m[48;2;172;112;83m▀[0m[38;2;183;124;93m[48;2;172;113;84m▀[0m[38;2;182;123;92m[48;2;171;112;83m▀[0m[38;2;186;125;94m[48;2;171;111;82m▀[0m[38;2;184;122;92m[48;2;171;110;81m▀[0m[38;2;182;120;90m[48;2;173;110;81m▀[0m[38;2;184;120;89m[48;2;172;109;80m▀[0m[38;2;179;116;85m[48;2;170;106;77m▀[0m[38;2;170;108;79m[48;2;161;99;71m▀[0m[38;2;162;101;73m[48;2;154;93;66m▀[0m[38;2;156;96;69m[48;2;146;86;61m▀[0m[38;2;148;89;63m[48;2;135;78;55m▀[0m[38;2;137;80;56m[48;2;128;73;50m▀[0m[38;2;126;72;50m[48;2;120;66;45m▀[0m[38;2;120;66;45m[48;2;113;61;40m▀[0m[38;2;112;60;40m[48;2;105;55;36m▀[0m[38;2;159;83;54m[48;2;99;50;32m▀[0m[38;2;170;86;55m[48;2;149;73;45m▀[0m[38;2;174;85;53m[48;2;158;74;45m▀[0m[38;2;172;80;48m[48;2;161;73;43m▀[0m[38;2;164;74;43m[48;2;159;69;39m▀[0m[38;2;154;66;37m[48;2;153;63;34m▀[0m[38;2;141;58;31m[48;2;144;57;29m▀[0m
              [38;2;96;44;26m▀[0m[38;2;97;46;28m[48;2;139;63;37m▀[0m[38;2;149;73;45m[48;2;158;74;45m▀[0m[38;2;170;86;55m[48;2;174;85;53m▀[0m[38;2;188;98;64m[48;2;185;93;59m▀[0m[38;2;198;106;70m[48;2;186;96;62m▀[0m[38;2;194;106;72m[48;2;175;92;61m▀[0m[38;2;176;99;68m[48;2;153;83;55m▀[0m[38;2;147;84;58m[48;2;98;54;37m▀[0m[38;2;112;65;46m[48;2;100;56;38m▀[0m[38;2;115;68;48m[48;2;105;60;42m▀[0m[38;2;120;72;52m[48;2;110;64;45m▀[0m[38;2;128;78;56m[48;2;114;67;47m▀[0m[38;2;134;83;60m[48;2;122;72;51m▀[0m[38;2;142;88;64m[48;2;131;79;56m▀[0m[38;2;151;95;69m[48;2;139;84;60m▀[0m[38;2;154;97;71m[48;2;138;84;60m▀[0m[38;2;156;98;72m[48;2;139;84;60m▀[0m[38;2;160;101;74m[48;2;141;86;61m▀[0m[38;2;159;100;73m[48;2;146;88;63m▀[0m[38;2;159;100;73m[48;2;149;90;64m▀[0m[38;2;159;99;72m[48;2;145;87;62m▀[0m[38;2;161;99;72m[48;2;145;86;61m▀[0m[38;2;157;96;69m[48;2;139;82;58m▀[0m[38;2;156;94;67m[48;2;139;81;57m▀[0m[38;2;150;89;63m[48;2;212;122;84m▀[0m[38;2;142;83;58m[48;2;194;109;75m▀[0m[38;2;148;85;59m[48;2;162;90;61m▀[0m[38;2;124;69;47m[48;2;113;61;41m▀[0m[38;2;117;64;43m[48;2;109;58;38m▀[0m[38;2;113;60;40m[48;2;101;52;34m▀[0m[38;2;107;56;36m[48;2;97;49;31m▀[0m[38;2;97;49;31m[48;2;97;47;29m▀[0m[38;2;97;47;29m[48;2;97;45;27m▀[0m[38;2;97;46;28m[48;2;96;44;26m▀[0m[38;2;139;63;37m▀[0m[38;2;146;64;36m▀[0m[38;2;148;62;34m▀[0m[38;2;146;58;30m▀[0m[38;2;140;53;26m▀[0m
               [38;2;146;64;36m[48;2;148;62;34m▀[0m[38;2;161;73;43m[48;2;159;69;39m▀[0m[38;2;172;80;48m[48;2;164;74;43m▀[0m[38;2;176;85;52m[48;2;163;75;45m▀[0m[38;2;170;84;53m[48;2;153;73;44m▀[0m[38;2;155;79;51m[48;2;97;47;29m▀[0m[38;2;98;51;33m[48;2;97;49;31m▀[0m[38;2;98;52;34m[48;2;97;50;32m▀[0m[38;2;98;53;36m[48;2;98;51;33m▀[0m[38;2;98;54;37m[48;2;98;52;34m▀[0m[38;2;100;56;38m[48;2;98;53;35m▀[0m[38;2;106;60;41m[48;2;100;54;36m▀[0m[38;2;166;95;66m[48;2;168;92;62m▀[0m[38;2;119;69;48m[48;2;196;109;74m▀[0m[38;2;125;73;51m[48;2;207;116;79m▀[0m[38;2;124;72;51m[48;2;195;110;75m▀[0m[38;2;125;73;51m[48;2;164;92;63m▀[0m[38;2;131;76;54m[48;2;122;69;47m▀[0m[38;2;131;76;54m[48;2;120;67;46m▀[0m[38;2;132;77;54m[48;2;113;63;43m▀[0m[38;2;130;75;52m[48;2;109;60;41m▀[0m[38;2;127;73;50m[48;2;108;59;40m▀[0m[38;2;167;95;65m[48;2;151;82;55m▀[0m[38;2;195;109;75m[48;2;179;96;64m▀[0m[38;2;204;113;76m[48;2;193;102;68m▀[0m[38;2;195;106;71m[48;2;191;100;65m▀[0m[38;2;171;91;60m[48;2;175;89;58m▀[0m[38;2;142;74;48m[48;2;151;75;48m▀[0m[38;2;102;52;33m[48;2;97;47;29m▀[0m[38;2;97;48;30m[48;2;97;46;28m▀[0m[38;2;97;47;29m[48;2;97;45;27m▀[0m[38;2;97;45;27m[48;2;96;43;25m▀[0m[38;2;96;44;25m▀[0m
               [38;2;146;58;30m[48;2;140;53;26m▀[0m[38;2;153;63;34m[48;2;144;57;29m▀[0m[38;2;154;66;37m[48;2;141;58;31m▀[0m[38;2;148;66;38m▀[0m[38;2;96;44;26m▀[0m[38;2;97;45;27m[48;2;96;43;25m▀[0m[38;2;97;46;28m[48;2;97;44;26m▀[0m[38;2;97;47;30m[48;2;97;45;27m▀[0m[38;2;97;48;31m[48;2;97;46;28m▀[0m[38;2;97;49;32m[48;2;97;47;29m▀[0m[38;2;98;50;32m[48;2;97;48;30m▀[0m[38;2;98;51;33m[48;2;97;48;31m▀[0m[38;2;168;89;58m[48;2;166;84;53m▀[0m[38;2;191;102;67m[48;2;184;94;60m▀[0m[38;2;198;106;70m[48;2;188;96;62m▀[0m[38;2;185;100;67m[48;2;176;90;59m▀[0m[38;2;158;85;57m[48;2;151;78;50m▀[0m[38;2;107;57;38m[48;2;98;50;32m▀[0m[38;2;103;55;37m[48;2;98;50;32m▀[0m[38;2;98;52;35m[48;2;97;50;32m▀[0m[38;2;98;52;34m[48;2;97;49;32m▀[0m[38;2;98;51;34m[48;2;97;49;31m▀[0m[38;2;98;51;33m[48;2;97;48;31m▀[0m[38;2;164;84;55m[48;2;150;74;46m▀[0m[38;2;181;92;59m[48;2;168;81;51m▀[0m[38;2;184;92;58m[48;2;175;83;51m▀[0m[38;2;174;85;53m[48;2;170;80;48m▀[0m[38;2;156;75;46m[48;2;157;72;42m▀[0m[38;2;97;45;27m[48;2;96;43;25m▀[0m[38;2;96;44;26m▀[0m[38;2;96;42;24m▀[0m
                      [38;2;96;43;25m▀[0m[38;2;96;44;26m▀[0m[38;2;97;45;27m▀[0m[38;2;97;45;27m[48;2;96;43;25m▀[0m[38;2;140;67;41m[48;2;140;63;37m▀[0m[38;2;163;78;48m[48;2;158;72;43m▀[0m[38;2;177;86;53m[48;2;169;78;47m▀[0m[38;2;179;87;54m[48;2;169;79;47m▀[0m[38;2;167;82;51m[48;2;158;74;44m▀[0m[38;2;144;71;44m[48;2;97;45;27m▀[0m[38;2;97;48;30m[48;2;97;45;27m▀[0m[38;2;97;48;30m[48;2;97;45;27m▀[0m[38;2;97;47;29m[48;2;97;45;27m▀[0m[38;2;97;47;29m[48;2;97;44;26m▀[0m[38;2;97;47;29m[48;2;97;44;26m▀[0m[38;2;97;46;28m[48;2;96;44;25m▀[0m[38;2;97;45;27m[48;2;96;43;25m▀[0m[38;2;155;72;43m[48;2;143;63;36m▀[0m[38;2;164;75;44m[48;2;153;66;37m▀[0m[38;2;164;73;42m[48;2;156;66;36m▀[0m[38;2;155;67;38m[48;2;150;62;33m▀[0m[38;2;140;60;33m[48;2;139;56;29m▀[0m
                           [38;2;153;66;37m[48;2;146;60;32m▀[0m[38;2;161;70;40m[48;2;152;63;34m▀[0m[38;2;160;70;40m[48;2;150;63;34m▀[0m[38;2;149;66;38m[48;2;141;59;32m▀[0m[38;2;96;43;24m▀[0m[38;2;96;43;24m▀[0m[38;2;96;42;24m▀[0m      [38;2;142;58;31m▀[0m[38;2;146;59;30m[48;2;137;51;25m▀[0m[38;2;144;56;28m▀[0m
                           [38;2;139;54;27m▀[0m[38;2;144;56;28m▀[0m[38;2;141;55;28m▀[0m
