                     [38;2;140;54;27m▄[0m[38;2;141;54;27m▄[0m
             [38;2;140;53;26m[48;2;151;63;34m▀[0m[38;2;139;55;28m[48;2;156;67;38m▀[0m[38;2;140;62;36m▄[0m[38;2;96;44;26m▄[0m[38;2;97;44;26m▄[0m[38;2;97;45;27m▄[0m[38;2;97;45;27m▄[0m[38;2;145;68;41m▄[0m[38;2;154;66;37m[48;2;169;79;48m▀[0m[38;2;153;65;36m[48;2;165;76;45m▀[0m[38;2;96;44;26m▄[0m[38;2;96;43;24m▄[0m
           [38;2;96;43;25m▄[0m[38;2;97;45;27m▄[0m[38;2;157;71;41m[48;2;155;75;47m▀[0m[38;2;172;80;48m[48;2;183;92;59m▀[0m[38;2;160;77;47m[48;2;182;94;61m▀[0m[38;2;97;48;30m[48;2;146;77;51m▀[0m[38;2;97;48;31m[48;2;110;59;39m▀[0m[38;2;97;49;31m[48;2;109;59;40m▀[0m[38;2;97;49;32m[48;2;117;64;43m▀[0m[38;2;157;80;51m[48;2;170;93;62m▀[0m[38;2;185;93;60m[48;2;200;109;73m▀[0m[38;2;174;87;55m[48;2;181;97;65m▀[0m[38;2;97;48;30m[48;2;107;56;37m▀[0m[38;2;97;46;29m[48;2;101;52;34m▀[0m[38;2;97;45;27m[48;2;97;49;31m▀[0m[38;2;96;43;25m[48;2;97;47;29m▀[0m[38;2;97;45;27m▄[0m[38;2;155;69;40m▄[0m[38;2;140;55;28m[48;2;156;66;36m▀[0m[38;2;142;57;29m▄[0m
       [38;2;142;57;29m▄[0m[38;2;139;59;33m▄[0m[38;2;97;44;26m▄[0m[38;2;96;44;26m[48;2;97;47;29m▀[0m[38;2;97;46;28m[48;2;97;49;32m▀[0m[38;2;97;48;31m[48;2;105;56;37m▀[0m[38;2;143;74;48m[48;2;116;64;43m▀[0m[38;2;187;100;67m[48;2;178;101;70m▀[0m[38;2;203;112;76m[48;2;141;83;58m▀[0m[38;2;171;96;66m[48;2;149;89;64m▀[0m[38;2;132;76;53m[48;2;150;91;66m▀[0m[38;2;135;78;55m[48;2;157;97;70m▀[0m[38;2;137;80;56m[48;2;153;95;69m▀[0m[38;2;133;77;54m[48;2;152;94;68m▀[0m[38;2;129;75;52m[48;2;150;93;67m▀[0m[38;2;183;105;73m[48;2;156;95;68m▀[0m[38;2;125;70;48m[48;2;146;87;62m▀[0m[38;2;118;65;44m[48;2;141;83;58m▀[0m[38;2;104;56;37m[48;2;123;70;48m▀[0m[38;2;98;51;33m[48;2;165;91;62m▀[0m[38;2;164;82;52m[48;2;192;102;67m▀[0m[38;2;175;83;51m[48;2;185;94;60m▀[0m[38;2;163;74;43m[48;2;157;76;47m▀[0m[38;2;139;59;33m[48;2;97;44;26m▀[0m
      [38;2;140;55;28m▀[0m[38;2;156;66;36m[48;2;155;69;40m▀[0m[38;2;163;74;43m[48;2;175;83;51m▀[0m[38;2;157;76;47m[48;2;185;94;60m▀[0m[38;2;97;50;32m[48;2;176;95;63m▀[0m[38;2;113;61;40m[48;2;146;82;56m▀[0m[38;2;131;73;50m[48;2;147;87;61m▀[0m[38;2;141;82;57m[48;2;159;98;70m▀[0m[38;2;147;88;63m[48;2;163;103;76m▀[0m[38;2;156;96;70m[48;2;172;113;84m▀[0m[38;2;166;106;77m[48;2;185;123;93m▀[0m[38;2;171;110;81m[48;2;190;129;98m▀[0m[38;2;175;114;85m[48;2;193;133;101m▀[0m[38;2;175;115;85m[48;2;196;136;104m▀[0m[38;2;174;114;85m[48;2;203;140;107m▀[0m[38;2;173;113;84m[48;2;202;139;106m▀[0m[38;2;173;112;82m[48;2;196;133;101m▀[0m[38;2;165;105;77m[48;2;190;127;95m▀[0m[38;2;162;100;73m[48;2;186;122;90m▀[0m[38;2;144;87;62m[48;2;168;107;78m▀[0m[38;2;129;75;53m[48;2;152;93;67m▀[0m[38;2;207;116;80m[48;2;133;78;55m▀[0m[38;2;176;95;63m[48;2;146;82;56m▀[0m[38;2;97;50;32m[48;2;100;53;35m▀[0m[38;2;97;47;29m[48;2;97;49;32m▀[0m[38;2;96;44;26m[48;2;97;46;28m▀[0m[38;2;96;43;25m▄[0m
      [38;2;96;43;25m▄[0m[38;2;97;45;27m[48;2;97;47;29m▀[0m[38;2;164;82;52m[48;2;98;51;33m▀[0m[38;2;192;102;67m[48;2;165;91;62m▀[0m[38;2;207;116;80m[48;2;129;75;52m▀[0m[38;2;136;80;56m[48;2;154;95;68m▀[0m[38;2;159;98;71m[48;2;176;113;83m▀[0m[38;2;174;112;82m[48;2;191;128;96m▀[0m[38;2;186;124;92m[48;2;208;144;110m▀[0m[38;2;193;132;100m[48;2;214;153;118m▀[0m[38;2;199;140;107m[48;2;220;162;126m▀[0m[38;2;208;148;115m[48;2;229;171;134m▀[0m[38;2;217;157;122m[48;2;244;185;146m▀[0m[38;2;225;164;127m[48;2;244;186;148m▀[0m[38;2;232;169;131m[48;2;244;186;148m▀[0m[38;2;236;170;132m[48;2;244;185;146m▀[0m[38;2;222;159;123m[48;2;243;182;143m▀[0m[38;2;215;150;115m[48;2;232;170;133m▀[0m[38;2;209;143;109m[48;2;226;161;125m▀[0m[38;2;193;128;96m[48;2;209;145;111m▀[0m[38;2;176;113;83m[48;2;194;130;97m▀[0m[38;2;153;95;68m[48;2;179;115;85m▀[0m[38;2;134;79;55m[48;2;157;96;69m▀[0m[38;2;111;62;43m[48;2;132;77;54m▀[0m[38;2;98;52;34m[48;2;107;59;40m▀[0m[38;2;97;48;31m[48;2;143;74;48m▀[0m[38;2;97;45;27m[48;2;155;75;47m▀[0m[38;2;157;71;41m▄[0m[38;2;151;63;34m▄[0m[38;2;140;53;26m▄[0m
     [38;2;96;43;24m▄[0m[38;2;97;45;27m[48;2;97;46;29m▀[0m[38;2;97;49;31m[48;2;98;50;33m▀[0m[38;2;98;52;35m[48;2;98;54;37m▀[0m[38;2;116;66;46m[48;2;128;75;52m▀[0m[38;2;146;88;63m[48;2;159;99;71m▀[0m[38;2;170;108;79m[48;2;187;122;91m▀[0m[38;2;187;124;93m[48;2;206;141;107m▀[0m[38;2;205;142;108m[48;2;221;158;122m▀[0m[38;2;222;160;124m[48;2;238;177;139m▀[0m[38;2;229;170;134m[48;2;244;188;149m▀[0m[38;2;244;186;148m[48;2;245;194;156m▀[0m[38;2;245;191;153m[48;2;246;199;162m▀[0m[38;2;245;194;156m[48;2;247;203;166m▀[0m[38;2;246;196;158m[48;2;247;206;168m▀[0m[38;2;246;196;158m[48;2;247;206;168m▀[0m[38;2;245;194;156m[48;2;247;203;166m▀[0m[38;2;245;191;153m[48;2;246;199;162m▀[0m[38;2;244;186;148m[48;2;245;194;156m▀[0m[38;2;237;176;138m[48;2;244;188;149m▀[0m[38;2;220;158;123m[48;2;233;173;136m▀[0m[38;2;209;145;110m[48;2;228;163;126m▀[0m[38;2;195;130;97m[48;2;211;145;110m▀[0m[38;2;175;111;81m[48;2;189;123;92m▀[0m[38;2;150;91;65m[48;2;166;103;74m▀[0m[38;2;178;101;70m[48;2;142;83;58m▀[0m[38;2;187;100;67m[48;2;203;112;76m▀[0m[38;2;183;92;59m[48;2;182;94;61m▀[0m[38;2;172;80;48m[48;2;160;77;47m▀[0m[38;2;156;67;38m[48;2;140;62;36m▀[0m[38;2;139;55;28m▀[0m
   [38;2;141;54;27m▄[0m[38;2;153;65;36m▄[0m[38;2;96;44;26m[48;2;165;76;45m▀[0m[38;2;97;48;30m[48;2;174;87;55m▀[0m[38;2;98;52;34m[48;2;181;97;65m▀[0m[38;2;101;57;39m[48;2;183;105;73m▀[0m[38;2;131;78;56m[48;2;137;84;60m▀[0m[38;2;165;105;77m[48;2;170;110;81m▀[0m[38;2;198;132;99m[48;2;204;139;105m▀[0m[38;2;222;155;119m[48;2;227;162;126m▀[0m[38;2;239;175;136m[48;2;243;182;143m▀[0m[38;2;244;186;148m[48;2;245;191;153m▀[0m[38;2;245;194;156m[48;2;246;199;162m▀[0m[38;2;246;201;164m[48;2;248;208;170m▀[0m[38;2;248;208;170m[48;2;249;215;178m▀[0m[38;2;248;213;175m[48;2;250;221;185m▀[0m[38;2;249;215;178m[48;2;250;225;188m▀[0m[38;2;249;215;178m[48;2;250;225;188m▀[0m[38;2;248;213;175m[48;2;250;221;185m▀[0m[38;2;248;208;170m[48;2;249;215;178m▀[0m[38;2;246;201;164m[48;2;248;208;170m▀[0m[38;2;245;194;156m[48;2;246;199;162m▀[0m[38;2;243;185;147m[48;2;245;191;153m▀[0m[38;2;236;173;135m[48;2;237;177;139m▀[0m[38;2;216;152;116m[48;2;217;155;120m▀[0m[38;2;194;130;97m[48;2;192;130;99m▀[0m[38;2;171;109;79m[48;2;173;112;83m▀[0m[38;2;153;92;65m[48;2;153;93;67m▀[0m[38;2;171;96;66m[48;2;133;76;53m▀[0m[38;2;146;77;51m[48;2;110;59;39m▀[0m[38;2;97;48;30m[48;2;97;48;31m▀[0m[38;2;96;44;26m[48;2;97;44;26m▀[0m
   [38;2;140;54;27m▀[0m[38;2;154;66;37m▀[0m[38;2;169;79;48m[48;2;145;68;41m▀[0m[38;2;185;93;60m[48;2;157;80;51m▀[0m[38;2;200;109;73m[48;2;170;93;62m▀[0m[38;2;114;66;46m[48;2;118;69;48m▀[0m[38;2;143;88;64m[48;2;143;89;64m▀[0m[38;2;170;111;82m[48;2;168;110;82m▀[0m[38;2;198;136;103m[48;2;198;137;105m▀[0m[38;2;229;165;129m[48;2;221;161;126m▀[0m[38;2;244;185;146m[48;2;244;186;148m▀[0m[38;2;245;194;156m[48;2;246;196;158m▀[0m[38;2;247;203;166m[48;2;247;206;168m▀[0m[38;2;248;213;175m[48;2;249;215;178m▀[0m[38;2;250;221;185m[48;2;250;225;188m▀[0m[38;2;251;229;193m[48;2;252;234;198m▀[0m[38;2;252;234;198m[48;2;253;243;207m▀[0m[38;2;252;234;198m[48;2;253;243;207m▀[0m[38;2;251;229;193m[48;2;252;234;198m▀[0m[38;2;250;221;185m[48;2;250;225;188m▀[0m[38;2;248;213;175m[48;2;249;215;178m▀[0m[38;2;247;203;166m[48;2;247;206;168m▀[0m[38;2;245;194;156m[48;2;246;196;158m▀[0m[38;2;238;180;143m[48;2;234;179;142m▀[0m[38;2;218;158;122m[48;2;203;148;115m▀[0m[38;2;197;136;103m[48;2;187;129;99m▀[0m[38;2;175;114;85m[48;2;168;110;82m▀[0m[38;2;150;92;67m[48;2;141;88;63m▀[0m[38;2;124;72;50m[48;2;122;71;50m▀[0m[38;2;107;58;39m[48;2;104;56;38m▀[0m[38;2;97;49;31m[48;2;97;49;32m▀[0m[38;2;97;45;27m[48;2;97;45;27m▀[0m
     [38;2;97;45;27m[48;2;97;45;27m▀[0m[38;2;97;49;32m[48;2;97;49;31m▀[0m[38;2;106;58;39m[48;2;110;59;40m▀[0m[38;2;119;69;48m[48;2;125;72;50m▀[0m[38;2;142;88;64m[48;2;143;88;64m▀[0m[38;2;166;109;81m[48;2;165;108;80m▀[0m[38;2;199;138;105m[48;2;188;129;98m▀[0m[38;2;228;166;129m[48;2;217;157;122m▀[0m[38;2;244;186;148m[48;2;242;183;145m▀[0m[38;2;246;196;158m[48;2;245;194;156m▀[0m[38;2;247;206;168m[48;2;247;203;166m▀[0m[38;2;249;215;178m[48;2;248;213;175m▀[0m[38;2;250;225;188m[48;2;250;221;185m▀[0m[38;2;252;234;198m[48;2;251;229;193m▀[0m[38;2;253;243;207m[48;2;252;234;198m▀[0m[38;2;253;243;207m[48;2;252;234;198m▀[0m[38;2;252;234;198m[48;2;251;229;193m▀[0m[38;2;250;225;188m[48;2;250;221;185m▀[0m[38;2;249;215;178m[48;2;248;213;175m▀[0m[38;2;247;206;168m[48;2;247;203;166m▀[0m[38;2;246;196;158m[48;2;245;194;156m▀[0m[38;2;234;178;141m[48;2;233;177;140m▀[0m[38;2;207;151;118m[48;2;212;153;119m▀[0m[38;2;185;128;98m[48;2;186;128;97m▀[0m[38;2;167;110;82m[48;2;162;106;78m▀[0m[38;2;142;88;64m[48;2;143;88;64m▀[0m[38;2;117;68;48m[48;2;125;72;50m▀[0m[38;2;170;93;62m[48;2;200;109;73m▀[0m[38;2;157;80;51m[48;2;185;93;60m▀[0m[38;2;145;68;41m[48;2;169;79;48m▀[0m[38;2;154;66;37m▄[0m[38;2;140;54;27m▄[0m
     [38;2;97;44;26m[48;2;96;44;26m▀[0m[38;2;97;48;31m[48;2;97;48;30m▀[0m[38;2;105;56;38m[48;2;146;77;51m▀[0m[38;2;128;74;51m[48;2;171;96;66m▀[0m[38;2;147;89;64m[48;2;145;87;62m▀[0m[38;2;164;106;78m[48;2;158;100;73m▀[0m[38;2;180;122;93m[48;2;170;114;85m▀[0m[38;2;205;146;113m[48;2;196;138;105m▀[0m[38;2;235;176;138m[48;2;219;160;125m▀[0m[38;2;245;191;153m[48;2;239;182;144m▀[0m[38;2;246;199;162m[48;2;245;194;156m▀[0m[38;2;248;208;170m[48;2;246;201;164m▀[0m[38;2;249;215;178m[48;2;248;208;170m▀[0m[38;2;250;221;185m[48;2;248;213;175m▀[0m[38;2;250;225;188m[48;2;249;215;178m▀[0m[38;2;250;225;188m[48;2;249;215;178m▀[0m[38;2;250;221;185m[48;2;248;213;175m▀[0m[38;2;249;215;178m[48;2;248;208;170m▀[0m[38;2;248;208;170m[48;2;246;201;164m▀[0m[38;2;246;199;162m[48;2;245;194;156m▀[0m[38;2;245;191;153m[48;2;244;186;148m▀[0m[38;2;242;181;142m[48;2;238;175;136m▀[0m[38;2;220;157;121m[48;2;223;156;120m▀[0m[38;2;191;130;98m[48;2;191;127;96m▀[0m[38;2;162;104;77m[48;2;166;105;77m▀[0m[38;2;145;88;63m[48;2;149;89;63m▀[0m[38;2;183;105;73m[48;2;128;72;50m▀[0m[38;2;181;97;65m[48;2;110;58;38m▀[0m[38;2;174;87;55m[48;2;97;48;30m▀[0m[38;2;165;76;45m[48;2;96;44;26m▀[0m[38;2;153;65;36m▀[0m[38;2;141;54;27m▀[0m
    [38;2;139;55;28m▄[0m[38;2;140;62;36m[48;2;156;67;38m▀[0m[38;2;160;77;47m[48;2;172;80;48m▀[0m[38;2;182;94;61m[48;2;183;92;59m▀[0m[38;2;203;112;76m[48;2;187;100;67m▀[0m[38;2;133;78;55m[48;2;178;101;70m▀[0m[38;2;144;90;65m[48;2;133;80;57m▀[0m[38;2;161;105;78m[48;2;152;96;70m▀[0m[38;2;180;123;94m[48;2;169;112;84m▀[0m[38;2;202;144;112m[48;2;192;133;102m▀[0m[38;2;225;167;131m[48;2;210;151;117m▀[0m[38;2;244;188;149m[48;2;228;169;133m▀[0m[38;2;245;194;156m[48;2;244;186;148m▀[0m[38;2;246;199;162m[48;2;245;191;153m▀[0m[38;2;247;203;166m[48;2;245;194;156m▀[0m[38;2;247;206;168m[48;2;246;196;158m▀[0m[38;2;247;206;168m[48;2;246;196;158m▀[0m[38;2;247;203;166m[48;2;245;194;156m▀[0m[38;2;246;199;162m[48;2;245;191;153m▀[0m[38;2;245;194;156m[48;2;244;186;148m▀[0m[38;2;244;188;149m[48;2;236;175;137m▀[0m[38;2;241;179;140m[48;2;224;161;125m▀[0m[38;2;229;164;127m[48;2;208;144;110m▀[0m[38;2;210;144;109m[48;2;190;126;94m▀[0m[38;2;187;122;91m[48;2;170;108;79m▀[0m[38;2;163;101;73m[48;2;152;92;65m▀[0m[38;2;143;84;59m[48;2;135;77;53m▀[0m[38;2;126;69;47m[48;2;122;65;44m▀[0m[38;2;105;54;35m[48;2;102;51;33m▀[0m[38;2;97;46;29m[48;2;97;45;27m▀[0m[38;2;96;43;24m▀[0m
    [38;2;140;53;26m▀[0m[38;2;151;63;34m▀[0m[38;2;157;71;41m▀[0m[38;2;155;75;47m[48;2;97;45;27m▀[0m[38;2;143;74;48m[48;2;97;48;31m▀[0m[38;2;107;59;40m[48;2;98;52;34m▀[0m[38;2;117;68;48m[48;2;103;58;39m▀[0m[38;2;132;81;58m[48;2;117;69;48m▀[0m[38;2;149;96;70m[48;2;129;80;57m▀[0m[38;2;170;114;85m[48;2;151;97;71m▀[0m[38;2;189;131;100m[48;2;172;114;85m▀[0m[38;2;210;150;116m[48;2;186;127;96m▀[0m[38;2;231;169;132m[48;2;205;144;110m▀[0m[38;2;230;172;135m[48;2;205;146;113m▀[0m[38;2;231;175;139m[48;2;206;149;116m▀[0m[38;2;236;180;143m[48;2;207;151;117m▀[0m[38;2;239;183;145m[48;2;212;154;120m▀[0m[38;2;244;185;146m[48;2;221;160;124m▀[0m[38;2;234;175;138m[48;2;218;156;120m▀[0m[38;2;229;168;131m[48;2;209;147;112m▀[0m[38;2;218;156;120m[48;2;200;137;104m▀[0m[38;2;201;139;106m[48;2;183;121;91m▀[0m[38;2;190;127;95m[48;2;172;111;81m▀[0m[38;2;173;111;82m[48;2;153;94;68m▀[0m[38;2;157;97;69m[48;2;139;82;58m▀[0m[38;2;140;81;57m[48;2;207;116;80m▀[0m[38;2;165;91;62m[48;2;192;102;67m▀[0m[38;2;109;56;37m[48;2;164;82;52m▀[0m[38;2;97;47;29m[48;2;97;45;27m▀[0m[38;2;96;43;25m▀[0m
       [38;2;96;43;25m▀[0m[38;2;97;46;28m[48;2;96;44;26m▀[0m[38;2;97;49;32m[48;2;97;47;29m▀[0m[38;2;98;52;35m[48;2;97;50;32m▀[0m[38;2;146;82;56m[48;2;176;95;63m▀[0m[38;2;112;66;46m[48;2;207;116;80m▀[0m[38;2;129;79;57m[48;2;109;64;45m▀[0m[38;2;153;97;71m[48;2;128;77;55m▀[0m[38;2;164;107;79m[48;2;135;84;60m▀[0m[38;2;172;115;86m[48;2;143;91;66m▀[0m[38;2;180;123;93m[48;2;156;101;74m▀[0m[38;2;190;131;100m[48;2;172;112;83m▀[0m[38;2;193;134;102m[48;2;174;114;85m▀[0m[38;2;190;132;100m[48;2;175;115;85m▀[0m[38;2;197;136;103m[48;2;174;114;84m▀[0m[38;2;192;131;99m[48;2;174;112;83m▀[0m[38;2;194;130;97m[48;2;175;111;81m▀[0m[38;2;182;119;88m[48;2;166;103;74m▀[0m[38;2;168;107;78m[48;2;154;93;66m▀[0m[38;2;157;96;69m[48;2;138;81;56m▀[0m[38;2;136;80;57m[48;2;126;71;48m▀[0m[38;2;146;82;56m[48;2;113;61;40m▀[0m[38;2;176;95;63m[48;2;102;52;33m▀[0m[38;2;185;94;60m[48;2;157;76;47m▀[0m[38;2;175;83;51m[48;2;163;74;43m▀[0m[38;2;155;69;40m[48;2;156;66;36m▀[0m[38;2;140;55;28m▄[0m
         [38;2;97;44;26m[48;2;139;59;33m▀[0m[38;2;157;76;47m[48;2;163;74;43m▀[0m[38;2;185;94;60m[48;2;175;83;51m▀[0m[38;2;192;102;67m[48;2;164;82;52m▀[0m[38;2;165;91;62m[48;2;98;51;33m▀[0m[38;2;107;61;42m[48;2;98;52;35m▀[0m[38;2;112;66;46m[48;2;98;54;37m▀[0m[38;2;123;74;52m[48;2;105;59;41m▀[0m[38;2;132;80;58m[48;2;183;105;73m▀[0m[38;2;145;90;65m[48;2;126;73;51m▀[0m[38;2;148;92;66m[48;2;123;72;50m▀[0m[38;2;153;95;68m[48;2;131;76;53m▀[0m[38;2;156;96;70m[48;2;131;76;53m▀[0m[38;2;153;93;67m[48;2;128;73;51m▀[0m[38;2;149;89;64m[48;2;171;96;66m▀[0m[38;2;146;86;60m[48;2;203;112;76m▀[0m[38;2;178;101;70m[48;2;187;100;67m▀[0m[38;2;120;66;45m[48;2;143;74;48m▀[0m[38;2;110;58;39m[48;2;99;49;31m▀[0m[38;2;102;52;33m[48;2;97;46;28m▀[0m[38;2;97;47;29m[48;2;96;44;26m▀[0m[38;2;97;44;26m▀[0m[38;2;139;59;33m▀[0m[38;2;142;57;29m▀[0m
         [38;2;142;57;29m▀[0m[38;2;156;66;36m[48;2;140;55;28m▀[0m[38;2;155;69;40m▀[0m[38;2;97;45;27m▀[0m[38;2;97;47;29m[48;2;96;43;25m▀[0m[38;2;97;49;31m[48;2;97;45;27m▀[0m[38;2;98;50;33m[48;2;97;46;29m▀[0m[38;2;98;52;34m[48;2;97;48;30m▀[0m[38;2;181;97;65m[48;2;174;87;55m▀[0m[38;2;200;109;73m[48;2;185;93;60m▀[0m[38;2;170;93;62m[48;2;157;80;51m▀[0m[38;2;112;61;41m[48;2;97;49;32m▀[0m[38;2;103;56;37m[48;2;97;49;31m▀[0m[38;2;102;54;36m[48;2;97;48;31m▀[0m[38;2;146;77;51m[48;2;97;48;30m▀[0m[38;2;182;94;61m[48;2;160;77;47m▀[0m[38;2;183;92;59m[48;2;172;80;48m▀[0m[38;2;155;75;47m[48;2;157;71;41m▀[0m[38;2;97;45;27m▀[0m[38;2;96;43;25m▀[0m
               [38;2;96;43;24m▀[0m[38;2;96;44;26m▀[0m[38;2;165;76;45m[48;2;153;65;36m▀[0m[38;2;169;79;48m[48;2;154;66;37m▀[0m[38;2;145;68;41m▀[0m[38;2;97;45;27m▀[0m[38;2;97;45;27m▀[0m[38;2;97;44;26m▀[0m[38;2;96;44;26m▀[0m[38;2;140;62;36m▀[0m[38;2;156;67;38m[48;2;139;55;28m▀[0m[38;2;151;63;34m[48;2;140;53;26m▀[0m
                 [38;2;141;54;27m▀[0m[38;2;140;54;27m▀[0m
