     [38;2;12;2;0m▄[0m[38;2;21;4;0m▄[0m[38;2;16;4;0m[48;2;45;10;1m▀[0m[38;2;14;3;0m[48;2;46;10;1m▀[0m[38;2;23;5;1m[48;2;59;13;2m▀[0m[38;2;37;8;1m[48;2;95;23;3m▀[0m[38;2;21;5;1m[48;2;60;14;2m▀[0m[38;2;11;2;0m[48;2;31;7;1m▀[0m[38;2;12;3;0m[48;2;31;7;1m▀[0m[38;2;11;2;0m[48;2;20;5;0m▀[0m[38;2;13;3;0m▄[0m
  [38;2;11;2;0m▄[0m[38;2;14;2;0m▄[0m[38;2;12;2;0m[48;2;30;5;1m▀[0m[38;2;26;5;1m[48;2;109;36;5m▀[0m[38;2;63;15;2m[48;2;212;113;22m▀[0m[38;2;158;68;13m[48;2;228;148;47m▀[0m[38;2;193;101;23m[48;2;214;118;28m▀[0m[38;2;213;123;32m[48;2;214;114;23m▀[0m[38;2;214;116;24m[48;2;219;131;37m▀[0m[38;2;207;110;22m[48;2;217;127;34m▀[0m[38;2;163;73;14m[48;2;224;135;37m▀[0m[38;2;128;44;7m[48;2;205;95;14m▀[0m[38;2;57;13;2m[48;2;174;80;14m▀[0m[38;2;30;7;1m[48;2;63;14;2m▀[0m[38;2;19;4;0m[48;2;51;12;1m▀[0m[38;2;14;3;0m[48;2;27;6;1m▀[0m[38;2;12;2;0m▄[0m[38;2;11;2;0m▄[0m
[38;2;15;3;0m▄[0m[38;2;20;5;0m[48;2;38;9;1m▀[0m[38;2;49;13;2m[48;2;139;48;7m▀[0m[38;2;42;8;1m[48;2;175;77;13m▀[0m[38;2;146;60;11m[48;2;212;105;17m▀[0m[38;2;198;87;14m[48;2;206;102;18m▀[0m[38;2;214;119;28m[48;2;192;89;17m▀[0m[38;2;215;123;32m[48;2;194;90;15m▀[0m[38;2;206;104;20m[48;2;195;90;14m▀[0m[38;2;215;121;26m[48;2;208;113;27m▀[0m[38;2;221;138;42m[48;2;220;135;37m▀[0m[38;2;202;99;18m[48;2;209;111;22m▀[0m[38;2;206;108;26m[48;2;189;81;12m▀[0m[38;2;195;88;15m[48;2;213;126;35m▀[0m[38;2;220;126;27m[48;2;216;122;27m▀[0m[38;2;201;108;23m[48;2;221;134;45m▀[0m[38;2;122;36;5m[48;2;236;158;51m▀[0m[38;2;73;21;3m[48;2;213;122;30m▀[0m[38;2;29;7;1m[48;2;95;28;3m▀[0m[38;2;22;6;1m[48;2;23;6;1m▀[0m
[38;2;24;5;1m[48;2;34;9;1m▀[0m[38;2;102;35;5m[48;2;132;49;7m▀[0m[38;2;231;169;93m[48;2;210;122;51m▀[0m[38;2;238;185;119m[48;2;231;164;83m▀[0m[38;2;228;156;80m[48;2;230;165;84m▀[0m[38;2;204;104;31m[48;2;224;155;87m▀[0m[38;2;205;109;30m[48;2;196;99;37m▀[0m[38;2;199;99;21m[48;2;192;95;40m▀[0m[38;2;192;88;15m[48;2;200;100;21m▀[0m[38;2;186;82;14m[48;2;192;92;19m▀[0m[38;2;174;68;9m[48;2;185;83;16m▀[0m[38;2;195;98;21m[48;2;180;72;10m▀[0m[38;2;226;150;56m[48;2;235;176;90m▀[0m[38;2;208;111;28m[48;2;243;212;156m▀[0m[38;2;224;147;64m[48;2;247;228;186m▀[0m[38;2;232;177;122m[48;2;232;163;74m▀[0m[38;2;245;224;191m[48;2;215;127;55m▀[0m[38;2;200;115;52m[48;2;183;87;25m▀[0m[38;2;56;13;2m[48;2;61;14;2m▀[0m[38;2;13;3;0m[48;2;30;7;1m▀[0m
[38;2;34;8;1m[48;2;49;12;2m▀[0m[38;2;74;19;3m[48;2;133;54;13m▀[0m[38;2;142;52;8m[48;2;208;111;31m▀[0m[38;2;217;123;31m[48;2;202;98;20m▀[0m[38;2;214;121;35m[48;2;218;129;33m▀[0m[38;2;217;128;35m[48;2;212;123;33m▀[0m[38;2;212;136;83m[48;2;209;115;29m▀[0m[38;2;215;141;80m[48;2;190;90;20m▀[0m[38;2;217;134;41m[48;2;195;92;16m▀[0m[38;2;201;112;40m[48;2;204;109;24m▀[0m[38;2;194;96;23m[48;2;229;166;74m▀[0m[38;2;211;124;39m[48;2;219;135;46m▀[0m[38;2;227;156;70m[48;2;191;87;14m▀[0m[38;2;234;178;104m[48;2;173;63;8m▀[0m[38;2;238;192;127m[48;2;175;64;9m▀[0m[38;2;206;115;42m[48;2;187;78;13m▀[0m[38;2;205;107;23m[48;2;175;72;16m▀[0m[38;2;219;130;44m[48;2;215;130;54m▀[0m[38;2;151;58;9m[48;2;184;92;22m▀[0m[38;2;47;12;1m[48;2;66;17;2m▀[0m
[38;2;67;18;2m[48;2;51;13;2m▀[0m[38;2;128;42;7m[48;2;120;42;7m▀[0m[38;2;217;126;33m[48;2;221;141;61m▀[0m[38;2;201;103;34m[48;2;211;113;34m▀[0m[38;2;210;115;30m[48;2;223;152;86m▀[0m[38;2;199;95;21m[48;2;237;196;141m▀[0m[38;2;203;108;31m[48;2;230;179;124m▀[0m[38;2;206;107;27m[48;2;230;174;113m▀[0m[38;2;201;105;36m[48;2;206;112;44m▀[0m[38;2;203;104;21m[48;2;190;88;17m▀[0m[38;2;208;118;29m[48;2;184;81;14m▀[0m[38;2;197;100;25m[48;2;180;77;13m▀[0m[38;2;205;109;24m[48;2;211;121;33m▀[0m[38;2;171;66;11m[48;2;211;141;89m▀[0m[38;2;191;102;49m[48;2;240;217;192m▀[0m[38;2;212;138;87m[48;2;223;146;70m▀[0m[38;2;201;104;30m[48;2;201;111;36m▀[0m[38;2;220;126;29m[48;2;228;143;38m▀[0m[38;2;157;60;8m[48;2;135;47;6m▀[0m[38;2;73;20;2m[48;2;47;12;1m▀[0m
[38;2;48;12;1m[48;2;42;11;1m▀[0m[38;2;163;72;12m[48;2;128;44;6m▀[0m[38;2;242;189;102m[48;2;235;164;71m▀[0m[38;2;234;189;141m[48;2;237;187;130m▀[0m[38;2;242;209;156m[48;2;238;182;100m▀[0m[38;2;247;228;190m[48;2;238;188;117m▀[0m[38;2;245;230;211m[48;2;239;192;125m▀[0m[38;2;242;198;126m[48;2;220;138;54m▀[0m[38;2;207;123;62m[48;2;199;108;39m▀[0m[38;2;178;76;28m[48;2;189;83;17m▀[0m[38;2;174;74;14m[48;2;201;103;25m▀[0m[38;2;172;74;28m[48;2;198;99;28m▀[0m[38;2;200;108;51m[48;2;191;88;20m▀[0m[38;2;215;144;96m[48;2;208;115;36m▀[0m[38;2;234;193;143m[48;2;227;160;79m▀[0m[38;2;236;183;96m[48;2;225;155;68m▀[0m[38;2;215;126;44m[48;2;210;108;26m▀[0m[38;2;228;149;55m[48;2;204;106;24m▀[0m[38;2;97;27;3m[48;2;83;22;3m▀[0m[38;2;35;8;1m[48;2;28;7;1m▀[0m
[38;2;29;8;1m[48;2;13;2;0m▀[0m[38;2;70;19;4m[48;2;15;3;0m▀[0m[38;2;150;59;11m[48;2;22;5;1m▀[0m[38;2;155;68;15m[48;2;48;12;2m▀[0m[38;2;226;133;31m[48;2;154;63;11m▀[0m[38;2;218;119;25m[48;2;227;137;34m▀[0m[38;2;196;86;15m[48;2;206;99;17m▀[0m[38;2;210;113;26m[48;2;191;83;15m▀[0m[38;2;215;124;30m[48;2;189;77;12m▀[0m[38;2;207;116;35m[48;2;199;96;19m▀[0m[38;2;204;111;30m[48;2;191;82;13m▀[0m[38;2;184;78;13m[48;2;168;65;14m▀[0m[38;2;204;107;25m[48;2;199;96;20m▀[0m[38;2;203;101;20m[48;2;201;97;19m▀[0m[38;2;211;109;22m[48;2;220;120;23m▀[0m[38;2;223;132;36m[48;2;175;81;14m▀[0m[38;2;190;87;15m[48;2;106;29;4m▀[0m[38;2;71;17;2m[48;2;54;13;1m▀[0m[38;2;34;8;1m[48;2;21;5;1m▀[0m[38;2;17;4;0m[48;2;13;3;0m▀[0m
 [38;2;13;3;0m▀[0m[38;2;17;4;0m[48;2;12;2;0m▀[0m[38;2;22;6;1m[48;2;18;4;0m▀[0m[38;2;48;12;2m[48;2;22;5;1m▀[0m[38;2;116;44;8m[48;2;33;8;1m▀[0m[38;2;187;84;15m[48;2;74;20;3m▀[0m[38;2;201;88;14m[48;2;127;41;6m▀[0m[38;2;194;84;13m[48;2;191;93;18m▀[0m[38;2;197;88;15m[48;2;215;125;33m▀[0m[38;2;211;112;24m[48;2;226;141;48m▀[0m[38;2;219;127;32m[48;2;208;115;26m▀[0m[38;2;212;109;22m[48;2;154;66;11m▀[0m[38;2;199;89;13m[48;2;62;15;2m▀[0m[38;2;127;49;7m[48;2;19;4;0m▀[0m[38;2;49;12;2m[48;2;15;3;0m▀[0m[38;2;32;7;1m[48;2;12;2;0m▀[0m[38;2;21;5;1m▀[0m[38;2;13;3;0m▀[0m
   [38;2;12;2;0m▀[0m[38;2;14;3;0m▀[0m[38;2;14;3;0m▀[0m[38;2;13;3;0m▀[0m[38;2;25;6;1m[48;2;13;3;0m▀[0m[38;2;59;14;2m[48;2;22;5;1m▀[0m[38;2;93;26;4m[48;2;28;7;1m▀[0m[38;2;112;33;5m[48;2;33;8;1m▀[0m[38;2;79;21;3m[48;2;24;6;1m▀[0m[38;2;28;6;1m[48;2;12;3;0m▀[0m[38;2;16;4;0m▀[0m[38;2;11;2;0m▀[0m
