                        [38;2;26;20;18m▄[0m[38;2;28;22;20m▄[0m[38;2;47;25;19m▄[0m[38;2;115;66;31m▄[0m[38;2;146;95;41m▄[0m[38;2;96;51;26m▄[0m[38;2;43;22;17m▄[0m[38;2;23;18;16m▄[0m[38;2;24;18;17m▄[0m[38;2;24;19;17m▄[0m[38;2;23;18;16m▄[0m[38;2;21;17;15m▄[0m[38;2;20;16;14m▄[0m[38;2;20;16;14m▄[0m[38;2;20;16;14m▄[0m[38;2;18;14;13m▄[0m
                   [38;2;88;45;24m▄[0m[38;2;78;40;24m▄[0m[38;2;42;24;19m[48;2;58;31;23m▀[0m[38;2;27;21;19m[48;2;30;23;21m▀[0m[38;2;27;21;19m[48;2;29;23;21m▀[0m[38;2;28;22;20m[48;2;29;23;21m▀[0m[38;2;28;22;20m[48;2;26;21;19m▀[0m[38;2;69;34;21m[48;2;93;49;25m▀[0m[38;2;142;90;40m[48;2;186;138;57m▀[0m[38;2;128;78;35m[48;2;160;109;46m▀[0m[38;2;105;58;28m[48;2;202;157;64m▀[0m[38;2;55;26;18m[48;2;125;75;34m▀[0m[38;2;24;19;17m[48;2;43;22;17m▀[0m[38;2;26;20;18m[48;2;27;21;19m▀[0m[38;2;26;20;18m[48;2;27;21;19m▀[0m[38;2;25;19;17m[48;2;26;20;18m▀[0m[38;2;24;19;17m[48;2;26;20;18m▀[0m[38;2;23;18;16m[48;2;33;20;17m▀[0m[38;2;22;17;15m[48;2;22;17;16m▀[0m[38;2;21;16;15m[48;2;21;17;15m▀[0m[38;2;20;16;14m[48;2;21;16;15m▀[0m[38;2;18;14;13m[48;2;19;15;14m▀[0m[38;2;16;13;11m[48;2;18;14;13m▀[0m[38;2;16;12;11m[48;2;18;14;13m▀[0m[38;2;35;17;12m▄[0m[38;2;93;48;22m▄[0m
               [38;2;184;136;56m▄[0m[38;2;207;163;66m▄[0m[38;2;231;193;78m[48;2;251;219;88m▀[0m[38;2;222;181;73m[48;2;230;192;77m▀[0m[38;2;187;138;57m[48;2;248;216;86m▀[0m[38;2;156;104;46m[48;2;189;140;59m▀[0m[38;2;95;50;28m[48;2;149;97;44m▀[0m[38;2;32;25;23m[48;2;108;60;31m▀[0m[38;2;29;23;21m[48;2;75;38;23m▀[0m[38;2;26;21;19m[48;2;64;31;20m▀[0m[38;2;44;22;17m[48;2;123;73;33m▀[0m[38;2;130;80;35m[48;2;186;139;57m▀[0m[38;2;209;166;67m[48;2;250;219;87m▀[0m[38;2;203;158;64m[48;2;217;176;71m▀[0m[38;2;190;143;59m[48;2;231;193;78m▀[0m[38;2;142;91;40m[48;2;152;100;44m▀[0m[38;2;109;61;30m[48;2;150;98;43m▀[0m[38;2;28;22;20m[48;2;97;52;28m▀[0m[38;2;29;22;20m[48;2;30;24;22m▀[0m[38;2;27;21;19m[48;2;28;22;20m▀[0m[38;2;25;19;18m[48;2;24;19;17m▀[0m[38;2;53;25;17m[48;2;70;34;19m▀[0m[38;2;21;17;15m[48;2;64;30;18m▀[0m[38;2;20;16;14m[48;2;65;30;18m▀[0m[38;2;20;16;14m[48;2;27;17;15m▀[0m[38;2;19;15;14m[48;2;20;16;14m▀[0m[38;2;18;14;13m[48;2;19;14;13m▀[0m[38;2;17;13;12m[48;2;18;14;13m▀[0m[38;2;17;13;12m[48;2;18;14;13m▀[0m[38;2;37;17;12m[48;2;30;16;12m▀[0m[38;2;120;70;30m[48;2;107;59;26m▀[0m[38;2;231;193;77m[48;2;247;214;85m▀[0m[38;2;246;213;85m▄[0m[38;2;241;207;83m▄[0m
            [38;2;240;205;82m▄[0m[38;2;209;165;67m▄[0m[38;2;241;207;83m[48;2;202;157;64m▀[0m[38;2;172;123;51m[48;2;248;216;86m▀[0m[38;2;204;160;65m[48;2;253;222;89m▀[0m[38;2;252;222;88m[48;2;217;176;71m▀[0m[38;2;214;172;70m[48;2;143;92;40m▀[0m[38;2;212;169;69m[48;2;169;119;50m▀[0m[38;2;247;214;85m[48;2;233;195;79m▀[0m[38;2;253;223;89m[48;2;199;152;63m▀[0m[38;2;239;203;82m[48;2;227;188;76m▀[0m[38;2;176;126;53m[48;2;225;185;75m▀[0m[38;2;222;182;73m[48;2;178;129;54m▀[0m[38;2;214;172;69m[48;2;175;126;52m▀[0m[38;2;189;142;58m[48;2;115;66;30m▀[0m[38;2;145;94;40m[48;2;69;32;18m▀[0m[38;2;145;94;40m[48;2;64;30;18m▀[0m[38;2;196;150;62m[48;2;89;45;24m▀[0m[38;2;185;136;57m[48;2;164;113;48m▀[0m[38;2;153;101;44m[48;2;217;175;71m▀[0m[38;2;134;82;38m[48;2;232;194;78m▀[0m[38;2;117;67;33m[48;2;225;185;75m▀[0m[38;2;70;35;22m[48;2;140;88;40m▀[0m[38;2;36;21;18m[48;2;101;54;28m▀[0m[38;2;95;50;25m[48;2;135;84;38m▀[0m[38;2;120;71;32m[48;2;168;117;49m▀[0m[38;2;133;82;36m[48;2;158;107;46m▀[0m[38;2;120;70;32m[48;2;171;121;50m▀[0m[38;2;65;30;18m[48;2;124;74;33m▀[0m[38;2;19;15;14m[48;2;19;15;14m▀[0m[38;2;19;15;14m[48;2;18;14;13m▀[0m[38;2;18;14;13m[48;2;17;13;12m▀[0m[38;2;56;25;15m[48;2;50;22;14m▀[0m[38;2;93;48;23m[48;2;123;74;32m▀[0m[38;2;194;148;60m[48;2;254;223;89m▀[0m[38;2;205;161;65m[48;2;176;128;52m▀[0m[38;2;122;72;30m[48;2;103;56;25m▀[0m[38;2;179;131;53m[48;2;151;101;41m▀[0m[38;2;162;113;46m▄[0m[38;2;190;144;58m▄[0m
          [38;2;185;137;56m▄[0m[38;2;195;149;61m[48;2;126;75;34m▀[0m[38;2;182;133;55m[48;2;131;80;36m▀[0m[38;2;167;117;49m[48;2;111;63;30m▀[0m[38;2;173;123;52m[48;2;82;42;23m▀[0m[38;2;142;91;40m[48;2;52;27;20m▀[0m[38;2;156;105;45m[48;2;95;50;26m▀[0m[38;2;147;95;42m[48;2;136;84;38m▀[0m[38;2;142;90;40m[48;2;142;90;40m▀[0m[38;2;135;84;38m[48;2;142;90;40m▀[0m[38;2;198;152;63m[48;2;175;125;53m▀[0m[38;2;199;152;63m[48;2;125;74;34m▀[0m[38;2;138;87;39m[48;2;51;26;19m▀[0m[38;2;122;72;33m[48;2;25;20;18m▀[0m[38;2;65;31;20m[48;2;24;19;17m▀[0m[38;2;75;37;21m[48;2;22;18;16m▀[0m[38;2;58;27;17m[48;2;21;16;15m▀[0m[38;2;42;20;15m[48;2;20;16;14m▀[0m[38;2;21;16;15m[48;2;21;16;15m▀[0m[38;2;22;17;16m[48;2;21;16;15m▀[0m[38;2;49;24;18m[48;2;21;17;15m▀[0m[38;2;61;30;20m[48;2;22;17;16m▀[0m[38;2;90;47;25m[48;2;24;19;17m▀[0m[38;2;159;107;46m[48;2;54;26;19m▀[0m[38;2;225;186;75m[48;2;192;145;60m▀[0m[38;2;178;128;54m[48;2;235;199;80m▀[0m[38;2;172;122;52m[48;2;167;116;49m▀[0m[38;2;206;162;66m[48;2;199;153;63m▀[0m[38;2;224;185;74m[48;2;244;210;84m▀[0m[38;2;244;210;84m[48;2;213;170;69m▀[0m[38;2;186;138;57m[48;2;214;172;69m▀[0m[38;2;24;15;13m[48;2;55;25;15m▀[0m[38;2;16;13;12m[48;2;16;12;11m▀[0m[38;2;16;13;11m[48;2;16;13;11m▀[0m[38;2;83;41;20m[48;2;138;87;37m▀[0m[38;2;178;129;53m[48;2;233;196;79m▀[0m[38;2;236;201;80m[48;2;203;159;64m▀[0m[38;2;102;56;25m[48;2;93;49;23m▀[0m[38;2;38;16;11m[48;2;29;14;11m▀[0m[38;2;101;55;24m[48;2;83;41;19m▀[0m[38;2;115;67;28m[48;2;67;31;15m▀[0m[38;2;114;66;28m[48;2;64;28;14m▀[0m[38;2;42;16;9m[48;2;13;8;6m▀[0m[38;2;8;6;6m▄[0m
        [38;2;180;131;54m▄[0m[38;2;137;86;38m[48;2;97;52;26m▀[0m[38;2;114;65;30m[48;2;34;20;16m▀[0m[38;2;28;18;16m[48;2;23;18;16m▀[0m[38;2;28;19;16m[48;2;25;19;18m▀[0m[38;2;27;19;17m[48;2;26;20;18m▀[0m[38;2;26;20;18m[48;2;26;20;18m▀[0m[38;2;29;22;20m[48;2;34;23;20m▀[0m[38;2;61;31;21m[48;2;69;34;22m▀[0m[38;2;85;43;24m[48;2;71;35;22m▀[0m[38;2;87;45;25m[48;2;57;29;21m▀[0m[38;2;73;36;22m[48;2;28;22;20m▀[0m[38;2;48;25;18m[48;2;26;21;19m▀[0m[38;2;24;18;16m[48;2;24;19;17m▀[0m[38;2;25;19;17m[48;2;23;18;16m▀[0m[38;2;25;20;18m[48;2;22;17;16m▀[0m[38;2;25;19;18m[48;2;23;18;16m▀[0m[38;2;23;18;16m[48;2;24;19;17m▀[0m[38;2;22;17;16m[48;2;25;19;18m▀[0m[38;2;21;16;15m[48;2;24;19;17m▀[0m[38;2;21;16;15m[48;2;22;17;16m▀[0m[38;2;20;16;14m[48;2;20;16;14m▀[0m[38;2;19;15;13m[48;2;18;14;13m▀[0m[38;2;18;14;13m[48;2;18;14;12m▀[0m[38;2;21;17;15m[48;2;20;16;14m▀[0m[38;2;23;18;17m[48;2;22;17;16m▀[0m[38;2;97;51;26m[48;2;73;35;20m▀[0m[38;2;157;106;45m[48;2;74;36;21m▀[0m[38;2;207;163;67m[48;2;100;54;27m▀[0m[38;2;195;149;61m[48;2;120;71;33m▀[0m[38;2;186;138;57m[48;2;139;88;39m▀[0m[38;2;213;171;69m[48;2;171;121;51m▀[0m[38;2;220;180;72m[48;2;212;169;68m▀[0m[38;2;106;59;26m[48;2;164;115;47m▀[0m[38;2;15;12;11m[48;2;92;48;22m▀[0m[38;2;80;39;19m[48;2;192;146;59m▀[0m[38;2;173;124;51m[48;2;219;178;72m▀[0m[38;2;250;218;87m[48;2;224;185;74m▀[0m[38;2;197;152;62m[48;2;196;150;61m▀[0m[38;2;130;79;34m[48;2;142;91;39m▀[0m[38;2;67;31;17m[48;2;85;43;22m▀[0m[38;2;50;22;13m[48;2;19;15;13m▀[0m[38;2;15;11;10m[48;2;17;13;12m▀[0m[38;2;12;10;9m[48;2;14;11;10m▀[0m[38;2;10;8;7m[48;2;11;8;7m▀[0m[38;2;9;7;6m[48;2;9;7;6m▀[0m[38;2;7;6;5m[48;2;9;7;6m▀[0m[38;2;7;5;5m▄[0m
       [38;2;201;155;63m[48;2;135;84;37m▀[0m[38;2;162;111;47m[48;2;91;47;24m▀[0m[38;2;74;36;21m[48;2;37;20;16m▀[0m[38;2;24;19;17m[48;2;24;19;17m▀[0m[38;2;25;20;18m[48;2;27;21;19m▀[0m[38;2;26;20;19m[48;2;27;21;19m▀[0m[38;2;27;21;19m[48;2;27;21;19m▀[0m[38;2;27;21;19m[48;2;28;22;20m▀[0m[38;2;30;23;21m[48;2;30;24;21m▀[0m[38;2;47;26;21m[48;2;30;24;22m▀[0m[38;2;73;36;22m[48;2;27;21;19m▀[0m[38;2;59;29;20m[48;2;26;21;19m▀[0m[38;2;26;21;19m[48;2;25;19;18m▀[0m[38;2;25;20;18m[48;2;23;18;16m▀[0m[38;2;24;18;17m[48;2;21;17;15m▀[0m[38;2;22;17;16m[48;2;21;16;15m▀[0m[38;2;22;17;16m[48;2;22;17;15m▀[0m[38;2;24;18;17m[48;2;23;18;16m▀[0m[38;2;23;18;17m[48;2;23;18;17m▀[0m[38;2;25;20;18m[48;2;25;20;18m▀[0m[38;2;25;20;18m[48;2;26;20;18m▀[0m[38;2;23;18;16m[48;2;25;19;18m▀[0m[38;2;22;17;16m[48;2;24;19;17m▀[0m[38;2;20;15;14m[48;2;22;17;15m▀[0m[38;2;18;14;13m[48;2;20;16;14m▀[0m[38;2;20;16;14m[48;2;20;16;14m▀[0m[38;2;22;17;15m[48;2;25;17;15m▀[0m[38;2;27;18;16m[48;2;58;27;17m▀[0m[38;2;29;19;17m[48;2;79;39;22m▀[0m[38;2;38;21;17m[48;2;102;56;27m▀[0m[38;2;66;32;19m[48;2;129;79;35m▀[0m[38;2;87;44;23m[48;2;144;93;40m▀[0m[38;2;116;67;30m[48;2;176;128;52m▀[0m[38;2;164;114;47m[48;2;225;185;74m▀[0m[38;2;203;158;64m[48;2;133;82;35m▀[0m[38;2;107;59;26m[48;2;28;13;10m▀[0m[38;2;219;178;72m[48;2;111;62;28m▀[0m[38;2;209;166;67m[48;2;122;72;32m▀[0m[38;2;243;209;84m[48;2;167;117;49m▀[0m[38;2;199;154;63m[48;2;218;177;71m▀[0m[38;2;157;106;45m[48;2;210;167;68m▀[0m[38;2;123;73;32m[48;2;183;135;55m▀[0m[38;2;17;13;12m[48;2;62;28;15m▀[0m[38;2;15;12;11m[48;2;13;10;9m▀[0m[38;2;12;10;9m[48;2;11;9;8m▀[0m[38;2;10;8;7m[48;2;9;7;6m▀[0m[38;2;9;7;6m[48;2;8;6;6m▀[0m[38;2;8;7;6m[48;2;8;6;6m▀[0m[38;2;8;6;5m[48;2;8;6;6m▀[0m[38;2;6;4;4m[48;2;7;5;5m▀[0m
     [38;2;101;55;26m▄[0m[38;2;139;87;38m[48;2;136;85;37m▀[0m[38;2;84;42;22m[48;2;70;34;19m▀[0m[38;2;20;16;14m[48;2;21;17;15m▀[0m[38;2;30;18;15m[48;2;23;18;16m▀[0m[38;2;23;18;16m[48;2;25;19;17m▀[0m[38;2;26;21;19m[48;2;25;19;18m▀[0m[38;2;26;20;18m[48;2;27;21;19m▀[0m[38;2;26;20;18m[48;2;28;22;20m▀[0m[38;2;28;22;20m[48;2;27;21;19m▀[0m[38;2;29;23;21m[48;2;28;22;20m▀[0m[38;2;30;23;21m[48;2;29;22;20m▀[0m[38;2;27;21;19m[48;2;27;21;19m▀[0m[38;2;27;21;19m[48;2;24;19;17m▀[0m[38;2;24;19;17m[48;2;22;17;15m▀[0m[38;2;22;17;15m[48;2;21;16;14m▀[0m[38;2;18;14;13m[48;2;41;19;14m▀[0m[38;2;20;15;14m[48;2;33;18;15m▀[0m[38;2;21;16;15m[48;2;22;17;15m▀[0m[38;2;22;17;15m[48;2;25;19;17m▀[0m[38;2;24;19;17m[48;2;46;24;18m▀[0m[38;2;27;21;19m[48;2;31;22;19m▀[0m[38;2;28;22;20m[48;2;35;22;19m▀[0m[38;2;27;21;19m[48;2;24;19;17m▀[0m[38;2;25;20;18m[48;2;25;19;17m▀[0m[38;2;24;19;17m[48;2;23;18;16m▀[0m[38;2;23;18;16m[48;2;21;17;15m▀[0m[38;2;20;16;14m[48;2;22;17;15m▀[0m[38;2;43;21;15m[48;2;74;36;20m▀[0m[38;2;94;50;25m[48;2;155;104;44m▀[0m[38;2;139;88;38m[48;2;190;142;58m▀[0m[38;2;196;150;61m[48;2;170;120;50m▀[0m[38;2;218;177;71m[48;2;207;163;66m▀[0m[38;2;191;144;59m[48;2;199;154;62m▀[0m[38;2;252;222;88m[48;2;131;80;35m▀[0m[38;2;88;44;21m[48;2;59;27;15m▀[0m[38;2;72;34;17m[48;2;16;13;12m▀[0m[38;2;14;11;10m[48;2;17;13;12m▀[0m[38;2;27;15;12m[48;2;18;14;13m▀[0m[38;2;85;43;21m[48;2;27;15;13m▀[0m[38;2;111;63;28m[48;2;67;31;17m▀[0m[38;2;124;74;32m[48;2;113;65;29m▀[0m[38;2;212;169;68m[48;2;153;103;43m▀[0m[38;2;236;200;80m[48;2;179;130;53m▀[0m[38;2;155;105;43m[48;2;192;146;59m▀[0m[38;2;21;11;9m[48;2;31;14;10m▀[0m[38;2;10;8;7m[48;2;11;9;8m▀[0m[38;2;8;6;6m[48;2;9;7;7m▀[0m[38;2;8;6;5m[48;2;9;7;6m▀[0m[38;2;9;7;6m[48;2;9;7;6m▀[0m[38;2;9;7;6m[48;2;8;7;6m▀[0m[38;2;7;6;5m[48;2;8;6;5m▀[0m[38;2;6;4;4m[48;2;7;5;5m▀[0m[38;2;5;4;3m▄[0m
    [38;2;101;54;25m▄[0m[38;2;111;63;28m[48;2;114;65;29m▀[0m[38;2;128;77;34m[48;2;88;45;23m▀[0m[38;2;74;36;20m[48;2;36;21;17m▀[0m[38;2;24;19;17m[48;2;26;20;19m▀[0m[38;2;25;20;18m[48;2;26;20;18m▀[0m[38;2;25;20;18m[48;2;25;19;17m▀[0m[38;2;23;18;17m[48;2;22;17;16m▀[0m[38;2;25;20;18m[48;2;24;19;17m▀[0m[38;2;27;21;19m[48;2;26;20;18m▀[0m[38;2;27;21;19m[48;2;27;21;19m▀[0m[38;2;28;22;20m[48;2;29;22;20m▀[0m[38;2;29;22;20m[48;2;29;23;21m▀[0m[38;2;27;21;19m[48;2;28;22;20m▀[0m[38;2;23;18;16m[48;2;24;19;17m▀[0m[38;2;20;16;14m[48;2;21;17;15m▀[0m[38;2;30;17;14m[48;2;21;16;15m▀[0m[38;2;74;36;19m[48;2;77;38;21m▀[0m[38;2;73;35;20m[48;2;104;57;27m▀[0m[38;2;84;42;23m[48;2;207;164;66m▀[0m[38;2;109;61;29m[48;2;206;162;66m▀[0m[38;2;95;50;26m[48;2;147;96;42m▀[0m[38;2;86;44;24m[48;2;133;82;37m▀[0m[38;2;85;43;24m[48;2;149;98;42m▀[0m[38;2;56;27;18m[48;2;101;54;26m▀[0m[38;2;41;22;17m[48;2;127;76;34m▀[0m[38;2;25;18;16m[48;2;124;74;33m▀[0m[38;2;21;16;15m[48;2;130;80;35m▀[0m[38;2;41;21;16m[48;2;102;55;27m▀[0m[38;2;113;64;30m[48;2;121;71;32m▀[0m[38;2;145;93;40m[48;2;130;80;35m▀[0m[38;2;156;105;44m[48;2;178;128;53m▀[0m[38;2;172;122;51m[48;2;173;124;52m▀[0m[38;2;219;178;72m[48;2;239;204;82m▀[0m[38;2;202;157;64m[48;2;188;141;58m▀[0m[38;2;110;62;28m[48;2;129;78;34m▀[0m[38;2;47;21;14m[48;2;42;20;14m▀[0m[38;2;18;14;13m[48;2;19;15;13m▀[0m[38;2;18;14;13m[48;2;18;14;13m▀[0m[38;2;18;14;13m[48;2;18;14;12m▀[0m[38;2;17;14;12m[48;2;16;13;11m▀[0m[38;2;16;13;11m[48;2;15;12;11m▀[0m[38;2;80;39;19m[48;2;16;12;11m▀[0m[38;2;112;63;28m[48;2;75;36;18m▀[0m[38;2;168;119;49m[48;2;121;72;31m▀[0m[38;2;249;217;87m[48;2;210;167;67m▀[0m[38;2;98;52;23m[48;2;184;136;55m▀[0m[38;2;12;9;8m[48;2;52;22;12m▀[0m[38;2;11;8;8m[48;2;11;9;8m▀[0m[38;2;10;7;7m[48;2;9;7;7m▀[0m[38;2;9;7;7m[48;2;10;7;7m▀[0m[38;2;9;7;6m[48;2;36;14;9m▀[0m[38;2;8;6;6m[48;2;45;18;9m▀[0m[38;2;7;5;5m[48;2;69;31;14m▀[0m[38;2;39;14;7m[48;2;174;126;50m▀[0m[38;2;232;195;78m▄[0m
   [38;2;243;209;84m▄[0m[38;2;171;122;51m[48;2;210;167;68m▀[0m[38;2;157;106;45m[48;2;184;135;56m▀[0m[38;2;109;61;29m[48;2;131;80;36m▀[0m[38;2;79;39;22m[48;2;99;53;26m▀[0m[38;2;49;24;17m[48;2;39;20;16m▀[0m[38;2;22;17;16m[48;2;21;16;15m▀[0m[38;2;22;17;15m[48;2;21;16;15m▀[0m[38;2;23;18;16m[48;2;21;16;15m▀[0m[38;2;25;20;18m[48;2;24;19;17m▀[0m[38;2;27;21;19m[48;2;27;21;19m▀[0m[38;2;28;22;20m[48;2;29;22;20m▀[0m[38;2;28;22;20m[48;2;28;22;20m▀[0m[38;2;28;22;20m[48;2;27;21;19m▀[0m[38;2;26;20;18m[48;2;26;20;18m▀[0m[38;2;25;20;18m[48;2;25;20;18m▀[0m[38;2;25;19;17m[48;2;25;19;18m▀[0m[38;2;34;20;17m[48;2;24;18;17m▀[0m[38;2;107;59;28m[48;2;44;22;16m▀[0m[38;2;117;68;31m[48;2;81;41;22m▀[0m[38;2;215;173;70m[48;2;111;63;29m▀[0m[38;2;202;158;64m[48;2;130;79;35m▀[0m[38;2;187;139;57m[48;2;98;53;26m▀[0m[38;2;127;77;35m[48;2;54;27;19m▀[0m[38;2;102;55;28m[48;2;26;20;18m▀[0m[38;2;106;59;28m[48;2;24;19;17m▀[0m[38;2;113;64;30m[48;2;25;19;17m▀[0m[38;2;144;92;40m[48;2;34;21;18m▀[0m[38;2;89;46;24m[48;2;25;20;18m▀[0m[38;2;70;34;20m[48;2;23;18;16m▀[0m[38;2;93;48;24m[48;2;53;25;17m▀[0m[38;2;115;66;31m[48;2;79;39;22m▀[0m[38;2;170;120;50m[48;2;116;67;31m▀[0m[38;2;186;138;57m[48;2;149;98;42m▀[0m[38;2;230;193;77m[48;2;209;165;67m▀[0m[38;2;231;193;77m[48;2;210;167;68m▀[0m[38;2;169;120;50m[48;2;175;126;52m▀[0m[38;2;80;39;20m[48;2;126;75;33m▀[0m[38;2;18;14;13m[48;2;18;14;12m▀[0m[38;2;16;13;11m[48;2;15;12;11m▀[0m[38;2;16;13;12m[48;2;15;12;11m▀[0m[38;2;15;12;11m[48;2;17;11;10m▀[0m[38;2;14;11;10m[48;2;44;19;12m▀[0m[38;2;27;14;11m[48;2;80;39;19m▀[0m[38;2;90;46;22m[48;2;164;114;47m▀[0m[38;2;145;94;39m[48;2;191;145;59m▀[0m[38;2;178;130;53m[48;2;248;216;86m▀[0m[38;2;234;198;79m[48;2;154;105;43m▀[0m[38;2;142;91;38m[48;2;44;18;10m▀[0m[38;2;10;8;7m[48;2;9;7;6m▀[0m[38;2;9;7;6m[48;2;9;7;6m▀[0m[38;2;9;7;6m[48;2;11;7;6m▀[0m[38;2;59;25;12m[48;2;72;33;15m▀[0m[38;2;86;43;19m[48;2;126;77;31m▀[0m[38;2;161;112;45m[48;2;152;102;41m▀[0m[38;2;246;214;85m[48;2;233;196;78m▀[0m[38;2;186;140;56m[48;2;206;164;65m▀[0m[38;2;120;72;29m▄[0m
  [38;2;62;29;17m▄[0m[38;2;132;82;36m[48;2;70;34;20m▀[0m[38;2;224;184;74m[48;2;150;99;42m▀[0m[38;2;216;174;70m[48;2;246;214;85m▀[0m[38;2;193;146;60m[48;2;186;138;57m▀[0m[38;2;97;51;26m[48;2;105;58;29m▀[0m[38;2;31;19;16m[48;2;27;20;18m▀[0m[38;2;23;18;16m[48;2;25;20;18m▀[0m[38;2;23;18;16m[48;2;25;19;17m▀[0m[38;2;22;17;15m[48;2;24;19;17m▀[0m[38;2;23;18;17m[48;2;24;18;17m▀[0m[38;2;26;20;18m[48;2;23;18;17m▀[0m[38;2;27;21;19m[48;2;24;19;17m▀[0m[38;2;27;21;19m[48;2;25;20;18m▀[0m[38;2;27;21;19m[48;2;26;20;18m▀[0m[38;2;25;20;18m[48;2;24;19;17m▀[0m[38;2;24;19;17m[48;2;47;23;17m▀[0m[38;2;23;18;16m[48;2;23;18;17m▀[0m[38;2;22;17;15m[48;2;21;17;15m▀[0m[38;2;20;15;14m[48;2;17;13;12m▀[0m[38;2;29;18;15m[48;2;19;15;13m▀[0m[38;2;37;20;16m[48;2;21;17;15m▀[0m[38;2;83;42;22m[48;2;57;28;18m▀[0m[38;2;38;21;16m[48;2;25;20;18m▀[0m[38;2;26;20;18m[48;2;26;21;19m▀[0m[38;2;26;20;19m[48;2;27;21;19m▀[0m[38;2;25;19;18m[48;2;26;20;18m▀[0m[38;2;24;19;17m[48;2;24;18;17m▀[0m[38;2;24;19;17m[48;2;23;18;16m▀[0m[38;2;25;19;18m[48;2;24;19;17m▀[0m[38;2;23;18;16m[48;2;24;19;17m▀[0m[38;2;25;19;17m[48;2;26;20;18m▀[0m[38;2;24;19;17m[48;2;24;19;17m▀[0m[38;2;39;21;16m[48;2;21;16;15m▀[0m[38;2;80;40;22m[48;2;55;26;16m▀[0m[38;2;143;92;40m[48;2;170;120;50m▀[0m[38;2;211;169;68m[48;2;230;192;77m▀[0m[38;2;142;92;39m[48;2;161;110;46m▀[0m[38;2;113;64;29m[48;2;90;46;22m▀[0m[38;2;23;14;12m[48;2;15;12;11m▀[0m[38;2;15;12;11m[48;2;15;11;10m▀[0m[38;2;15;12;11m[48;2;33;16;11m▀[0m[38;2;20;12;10m[48;2;99;53;24m▀[0m[38;2;102;56;25m[48;2;245;212;85m▀[0m[38;2;147;97;40m[48;2;196;150;61m▀[0m[38;2;207;164;66m[48;2;201;157;63m▀[0m[38;2;216;175;70m[48;2;173;125;50m▀[0m[38;2;219;179;72m[48;2;218;177;71m▀[0m[38;2;105;58;25m[48;2;51;21;11m▀[0m[38;2;10;8;7m[48;2;10;8;7m▀[0m[38;2;9;7;6m[48;2;9;7;6m▀[0m[38;2;9;7;6m[48;2;9;7;6m▀[0m[38;2;9;7;6m[48;2;16;8;7m▀[0m[38;2;50;20;10m[48;2;48;19;10m▀[0m[38;2;80;39;17m[48;2;103;56;24m▀[0m[38;2;166;117;47m[48;2;254;224;89m▀[0m[38;2;239;204;82m[48;2;230;193;77m▀[0m[38;2;200;156;62m[48;2;213;172;69m▀[0m[38;2;168;120;48m[48;2;249;217;86m▀[0m[38;2;58;24;10m▄[0m
  [38;2;58;27;16m[48;2;52;24;16m▀[0m[38;2;67;32;19m[48;2;68;33;19m▀[0m[38;2;137;85;38m[48;2;118;68;32m▀[0m[38;2;222;182;74m[48;2;186;138;57m▀[0m[38;2;207;163;66m[48;2;247;215;86m▀[0m[38;2;103;56;28m[48;2;98;52;26m▀[0m[38;2;26;20;18m[48;2;24;19;17m▀[0m[38;2;26;20;18m[48;2;24;19;17m▀[0m[38;2;26;20;19m[48;2;25;19;17m▀[0m[38;2;25;20;18m[48;2;24;19;17m▀[0m[38;2;24;18;17m[48;2;24;18;17m▀[0m[38;2;23;18;16m[48;2;23;18;17m▀[0m[38;2;23;18;16m[48;2;24;18;17m▀[0m[38;2;25;19;18m[48;2;27;21;19m▀[0m[38;2;26;20;18m[48;2;28;22;20m▀[0m[38;2;36;21;17m[48;2;37;22;18m▀[0m[38;2;79;39;22m[48;2;88;45;24m▀[0m[38;2;30;19;16m[48;2;60;28;18m▀[0m[38;2;22;17;15m[48;2;38;20;16m▀[0m[38;2;19;15;14m[48;2;22;17;16m▀[0m[38;2;21;17;15m[48;2;23;18;17m▀[0m[38;2;23;18;16m[48;2;23;18;16m▀[0m[38;2;23;18;17m[48;2;22;17;16m▀[0m[38;2;24;19;17m[48;2;22;17;16m▀[0m[38;2;24;19;17m[48;2;22;17;16m▀[0m[38;2;24;19;17m[48;2;23;18;16m▀[0m[38;2;24;19;17m[48;2;24;19;17m▀[0m[38;2;23;18;16m[48;2;23;18;16m▀[0m[38;2;22;17;15m[48;2;21;16;15m▀[0m[38;2;23;18;16m[48;2;22;17;15m▀[0m[38;2;25;20;18m[48;2;23;18;17m▀[0m[38;2;27;21;19m[48;2;25;19;17m▀[0m[38;2;24;19;17m[48;2;24;18;17m▀[0m[38;2;21;17;15m[48;2;22;17;15m▀[0m[38;2;49;23;15m[48;2;21;16;15m▀[0m[38;2;143;92;39m[48;2;106;58;27m▀[0m[38;2;254;224;89m[48;2;254;224;89m▀[0m[38;2;141;90;38m[48;2;114;65;29m▀[0m[38;2;35;17;12m[48;2;18;14;13m▀[0m[38;2;16;13;12m[48;2;18;14;13m▀[0m[38;2;16;13;11m[48;2;17;14;12m▀[0m[38;2;25;14;11m[48;2;16;13;11m▀[0m[38;2;85;43;20m[48;2;62;28;15m▀[0m[38;2;195;150;61m[48;2;157;106;44m▀[0m[38;2;188;142;57m[48;2;214;173;69m▀[0m[38;2;240;205;82m[48;2;192;146;59m▀[0m[38;2;224;185;74m[48;2;97;51;23m▀[0m[38;2;103;57;24m[48;2;30;13;9m▀[0m[38;2;11;8;7m[48;2;11;9;8m▀[0m[38;2;10;8;7m[48;2;11;9;8m▀[0m[38;2;10;7;7m[48;2;11;8;8m▀[0m[38;2;10;8;7m[48;2;11;9;8m▀[0m[38;2;10;7;7m[48;2;10;8;7m▀[0m[38;2;9;7;6m[48;2;10;7;7m▀[0m[38;2;94;49;21m[48;2;41;16;9m▀[0m[38;2;210;167;67m[48;2;157;107;43m▀[0m[38;2;177;129;52m[48;2;151;102;41m▀[0m[38;2;206;163;65m[48;2;202;159;63m▀[0m[38;2;252;221;88m[48;2;249;217;87m▀[0m[38;2;105;58;24m[48;2;146;97;39m▀[0m
 [38;2;57;26;16m[48;2;89;46;23m▀[0m[38;2;98;53;25m[48;2;157;106;45m▀[0m[38;2;124;73;33m[48;2;175;126;53m▀[0m[38;2;202;157;64m[48;2;210;167;68m▀[0m[38;2;237;202;81m[48;2;212;169;69m▀[0m[38;2;171;120;51m[48;2;135;84;38m▀[0m[38;2;50;26;19m[48;2;58;29;20m▀[0m[38;2;24;19;17m[48;2;25;20;18m▀[0m[38;2;23;18;16m[48;2;25;19;18m▀[0m[38;2;23;18;17m[48;2;25;19;18m▀[0m[38;2;24;18;17m[48;2;24;19;17m▀[0m[38;2;24;19;17m[48;2;24;19;17m▀[0m[38;2;24;19;17m[48;2;24;19;17m▀[0m[38;2;24;19;17m[48;2;24;19;17m▀[0m[38;2;29;22;20m[48;2;28;22;20m▀[0m[38;2;30;24;21m[48;2;31;24;22m▀[0m[38;2;27;21;19m[48;2;30;23;21m▀[0m[38;2;24;19;17m[48;2;27;21;19m▀[0m[38;2;22;17;16m[48;2;24;19;17m▀[0m[38;2;22;18;16m[48;2;24;19;17m▀[0m[38;2;24;19;17m[48;2;26;20;18m▀[0m[38;2;25;19;18m[48;2;26;21;19m▀[0m[38;2;23;18;16m[48;2;24;19;17m▀[0m[38;2;21;16;15m[48;2;21;16;15m▀[0m[38;2;21;16;15m[48;2;19;15;14m▀[0m[38;2;21;17;15m[48;2;19;15;14m▀[0m[38;2;23;18;16m[48;2;21;17;15m▀[0m[38;2;24;19;17m[48;2;22;17;16m▀[0m[38;2;22;17;16m[48;2;22;17;16m▀[0m[38;2;20;16;14m[48;2;21;17;15m▀[0m[38;2;21;16;15m[48;2;21;16;15m▀[0m[38;2;21;16;15m[48;2;31;17;14m▀[0m[38;2;22;17;16m[48;2;76;37;20m▀[0m[38;2;22;18;16m[48;2;78;38;21m▀[0m[38;2;22;17;15m[48;2;143;92;40m▀[0m[38;2;46;23;16m[48;2;156;105;45m▀[0m[38;2;136;85;37m[48;2;224;184;74m▀[0m[38;2;241;207;83m[48;2;197;151;62m▀[0m[38;2;94;49;24m[48;2;145;94;40m▀[0m[38;2;36;18;14m[48;2;71;34;19m▀[0m[38;2;19;15;13m[48;2;19;14;13m▀[0m[38;2;18;14;13m[48;2;18;14;12m▀[0m[38;2;16;13;12m[48;2;20;14;12m▀[0m[38;2;16;13;11m[48;2;29;15;12m▀[0m[38;2;38;17;12m[48;2;35;16;12m▀[0m[38;2;137;87;36m[48;2;114;65;29m▀[0m[38;2;213;171;69m[48;2;253;222;89m▀[0m[38;2;61;27;15m[48;2;100;54;24m▀[0m[38;2;13;10;9m[48;2;59;26;14m▀[0m[38;2;12;10;9m[48;2;14;11;10m▀[0m[38;2;12;10;9m[48;2;14;11;10m▀[0m[38;2;12;10;9m[48;2;13;10;9m▀[0m[38;2;12;9;8m[48;2;12;9;8m▀[0m[38;2;11;9;8m[48;2;11;8;8m▀[0m[38;2;10;8;7m[48;2;10;8;7m▀[0m[38;2;9;7;6m[48;2;8;6;6m▀[0m[38;2;68;30;13m[48;2;28;10;6m▀[0m[38;2;104;57;23m[48;2;95;50;20m▀[0m[38;2;162;114;45m[48;2;135;86;34m▀[0m[38;2;162;113;45m[48;2;135;85;34m▀[0m[38;2;178;131;52m[48;2;198;154;61m▀[0m[38;2;46;18;8m[48;2;99;53;22m▀[0m
 [38;2;104;57;27m[48;2;144;93;40m▀[0m[38;2;127;76;34m[48;2;163;112;47m▀[0m[38;2;174;124;52m[48;2;201;155;64m▀[0m[38;2;249;217;87m[48;2;216;174;71m▀[0m[38;2;182;133;56m[48;2;125;75;35m▀[0m[38;2;116;66;32m[48;2;55;28;20m▀[0m[38;2;61;30;21m[48;2;59;30;21m▀[0m[38;2;27;21;19m[48;2;54;28;21m▀[0m[38;2;26;21;19m[48;2;28;22;20m▀[0m[38;2;25;19;18m[48;2;26;20;18m▀[0m[38;2;24;19;17m[48;2;24;19;17m▀[0m[38;2;24;19;17m[48;2;24;19;17m▀[0m[38;2;24;18;17m[48;2;24;18;17m▀[0m[38;2;24;19;17m[48;2;24;19;17m▀[0m[38;2;27;21;19m[48;2;26;20;18m▀[0m[38;2;30;24;21m[48;2;28;22;20m▀[0m[38;2;30;23;21m[48;2;29;23;20m▀[0m[38;2;27;21;19m[48;2;27;21;19m▀[0m[38;2;26;20;18m[48;2;26;20;18m▀[0m[38;2;26;20;18m[48;2;26;20;18m▀[0m[38;2;27;21;19m[48;2;27;21;19m▀[0m[38;2;27;21;19m[48;2;26;20;19m▀[0m[38;2;41;22;17m[48;2;60;29;19m▀[0m[38;2;22;17;15m[48;2;23;17;15m▀[0m[38;2;20;16;14m[48;2;43;21;15m▀[0m[38;2;20;15;13m[48;2;77;37;19m▀[0m[38;2;19;15;13m[48;2;131;81;35m▀[0m[38;2;19;15;14m[48;2;131;81;35m▀[0m[38;2;21;16;15m[48;2;69;32;18m▀[0m[38;2;21;16;15m[48;2;19;15;14m▀[0m[38;2;21;16;15m[48;2;73;35;19m▀[0m[38;2;116;67;30m[48;2;178;129;53m▀[0m[38;2;203;159;64m[48;2;219;178;72m▀[0m[38;2;222;181;73m[48;2;188;141;58m▀[0m[38;2;236;200;80m[48;2;122;72;32m▀[0m[38;2;250;218;87m[48;2;94;49;24m▀[0m[38;2;253;223;89m[48;2;137;86;37m▀[0m[38;2;206;162;66m[48;2;177;128;53m▀[0m[38;2;169;119;49m[48;2;209;166;67m▀[0m[38;2;73;35;19m[48;2;183;135;55m▀[0m[38;2;68;32;17m[48;2;80;39;20m▀[0m[38;2;25;15;12m[48;2;18;14;13m▀[0m[38;2;18;14;13m[48;2;58;27;16m▀[0m[38;2;45;21;14m[48;2;57;26;16m▀[0m[38;2;76;36;19m[48;2;66;30;17m▀[0m[38;2;87;44;21m[48;2;81;40;20m▀[0m[38;2;208;164;66m[48;2;207;164;66m▀[0m[38;2;130;79;34m[48;2;166;117;48m▀[0m[38;2;27;14;12m[48;2;62;28;15m▀[0m[38;2;15;12;10m[48;2;14;11;10m▀[0m[38;2;14;11;10m[48;2;13;10;9m▀[0m[38;2;13;10;9m[48;2;12;9;8m▀[0m[38;2;12;9;8m[48;2;11;8;8m▀[0m[38;2;10;8;7m[48;2;10;7;7m▀[0m[38;2;9;7;6m[48;2;8;6;6m▀[0m[38;2;7;5;5m[48;2;6;5;4m▀[0m[38;2;46;17;8m[48;2;20;7;4m▀[0m[38;2;50;19;9m[48;2;50;19;8m▀[0m[38;2;106;59;24m[48;2;92;47;19m▀[0m[38;2;193;147;59m[48;2;118;70;28m▀[0m[38;2;228;191;76m[48;2;205;161;64m▀[0m[38;2;143;93;37m[48;2;189;143;57m▀[0m
 [38;2;165;115;48m[48;2;169;118;50m▀[0m[38;2;227;188;76m[48;2;254;223;89m▀[0m[38;2;209;165;67m[48;2;214;172;70m▀[0m[38;2;189;142;58m[48;2;174;124;52m▀[0m[38;2;129;78;36m[48;2;139;87;39m▀[0m[38;2;92;48;26m[48;2;116;67;32m▀[0m[38;2;64;32;22m[48;2;83;42;24m▀[0m[38;2;61;31;22m[48;2;45;26;21m▀[0m[38;2;29;23;21m[48;2;44;25;21m▀[0m[38;2;28;22;20m[48;2;30;23;21m▀[0m[38;2;26;20;19m[48;2;28;22;20m▀[0m[38;2;26;20;19m[48;2;27;21;19m▀[0m[38;2;26;20;18m[48;2;26;21;19m▀[0m[38;2;26;20;18m[48;2;26;20;18m▀[0m[38;2;25;20;18m[48;2;26;20;18m▀[0m[38;2;27;21;19m[48;2;26;20;18m▀[0m[38;2;28;22;20m[48;2;26;20;18m▀[0m[38;2;27;21;19m[48;2;24;19;17m▀[0m[38;2;26;20;18m[48;2;23;18;16m▀[0m[38;2;25;20;18m[48;2;22;17;16m▀[0m[38;2;26;20;18m[48;2;22;17;15m▀[0m[38;2;24;19;17m[48;2;21;16;15m▀[0m[38;2;26;17;15m[48;2;20;16;14m▀[0m[38;2;20;15;14m[48;2;19;15;14m▀[0m[38;2;56;26;16m[48;2;35;17;13m▀[0m[38;2;81;40;20m[48;2;49;22;14m▀[0m[38;2;148;97;41m[48;2;124;74;32m▀[0m[38;2;167;117;49m[48;2;193;146;60m▀[0m[38;2;135;84;36m[48;2;177;129;53m▀[0m[38;2;83;42;21m[48;2;180;131;54m▀[0m[38;2;156;105;44m[48;2;227;188;76m▀[0m[38;2;203;158;64m[48;2;218;177;71m▀[0m[38;2;245;211;84m[48;2;205;161;65m▀[0m[38;2;177;128;53m[48;2;163;113;47m▀[0m[38;2;124;74;33m[48;2;81;40;21m▀[0m[38;2;83;41;21m[48;2;63;29;17m▀[0m[38;2;82;40;21m[48;2;64;30;18m▀[0m[38;2;120;70;31m[48;2;122;73;32m▀[0m[38;2;195;150;61m[48;2;130;80;35m▀[0m[38;2;176;127;52m[48;2;180;131;54m▀[0m[38;2;61;28;16m[48;2;84;42;21m▀[0m[38;2;29;17;14m[48;2;18;14;13m▀[0m[38;2;72;34;18m[48;2;46;21;14m▀[0m[38;2;52;24;15m[48;2;33;16;12m▀[0m[38;2;52;23;14m[48;2;29;15;11m▀[0m[38;2;83;41;20m[48;2;133;82;35m▀[0m[38;2;226;187;75m[48;2;230;193;77m▀[0m[38;2;141;91;38m[48;2;119;70;30m▀[0m[38;2;18;11;10m[48;2;35;15;10m▀[0m[38;2;13;10;9m[48;2;12;9;9m▀[0m[38;2;12;9;8m[48;2;11;9;8m▀[0m[38;2;11;9;8m[48;2;10;8;7m▀[0m[38;2;10;8;7m[48;2;9;7;7m▀[0m[38;2;9;7;6m[48;2;8;6;6m▀[0m[38;2;8;6;5m[48;2;7;5;5m▀[0m[38;2;7;5;5m[48;2;6;5;4m▀[0m[38;2;5;4;3m[48;2;5;4;3m▀[0m[38;2;31;11;5m[48;2;34;12;6m▀[0m[38;2;52;20;9m[48;2;43;16;7m▀[0m[38;2;53;21;9m[48;2;57;23;10m▀[0m[38;2;154;105;42m[48;2;104;57;23m▀[0m[38;2;223;184;74m[48;2;156;107;43m▀[0m
 [38;2;217;176;71m[48;2;226;187;75m▀[0m[38;2;215;173;70m[48;2;194;147;60m▀[0m[38;2;208;165;67m[48;2;210;167;68m▀[0m[38;2;182;133;55m[48;2;219;178;72m▀[0m[38;2;178;128;53m[48;2;227;188;76m▀[0m[38;2;196;150;61m[48;2;199;153;63m▀[0m[38;2;114;65;31m[48;2;143;92;41m▀[0m[38;2;89;46;26m[48;2;131;80;37m▀[0m[38;2;39;25;21m[48;2;65;33;22m▀[0m[38;2;30;23;21m[48;2;29;22;20m▀[0m[38;2;29;23;21m[48;2;28;22;20m▀[0m[38;2;29;22;20m[48;2;27;21;19m▀[0m[38;2;28;22;20m[48;2;26;20;18m▀[0m[38;2;26;20;19m[48;2;23;18;16m▀[0m[38;2;25;20;18m[48;2;22;17;15m▀[0m[38;2;24;19;17m[48;2;20;16;14m▀[0m[38;2;23;18;16m[48;2;19;15;13m▀[0m[38;2;22;17;15m[48;2;18;14;13m▀[0m[38;2;21;17;15m[48;2;19;14;13m▀[0m[38;2;20;16;14m[48;2;19;15;13m▀[0m[38;2;19;15;14m[48;2;19;15;13m▀[0m[38;2;19;15;13m[48;2;19;15;13m▀[0m[38;2;19;14;13m[48;2;18;14;13m▀[0m[38;2;18;14;13m[48;2;18;14;13m▀[0m[38;2;17;13;12m[48;2;17;13;12m▀[0m[38;2;17;13;12m[48;2;17;13;12m▀[0m[38;2;74;35;19m[48;2;64;29;16m▀[0m[38;2;150;100;42m[48;2;108;60;27m▀[0m[38;2;161;111;46m[48;2;143;93;39m▀[0m[38;2;161;110;46m[48;2;142;92;39m▀[0m[38;2;170;121;50m[48;2;158;108;45m▀[0m[38;2;219;178;72m[48;2;218;178;71m▀[0m[38;2;245;212;85m[48;2;199;154;63m▀[0m[38;2;156;105;44m[48;2;94;49;24m▀[0m[38;2;139;88;38m[48;2;118;68;31m▀[0m[38;2;115;66;30m[48;2;141;90;39m▀[0m[38;2;82;41;22m[48;2;114;65;30m▀[0m[38;2;77;38;21m[48;2;78;39;21m▀[0m[38;2;48;23;16m[48;2;22;17;16m▀[0m[38;2;93;48;24m[48;2;78;38;20m▀[0m[38;2;72;34;18m[48;2;58;27;17m▀[0m[38;2;49;22;14m[48;2;71;34;19m▀[0m[38;2;63;29;16m[48;2;85;43;21m▀[0m[38;2;54;24;14m[48;2;114;65;29m▀[0m[38;2;60;27;15m[48;2;101;55;24m▀[0m[38;2;149;99;41m[48;2;144;94;39m▀[0m[38;2;182;135;54m[48;2;245;212;84m▀[0m[38;2;45;19;11m[48;2;109;61;26m▀[0m[38;2;11;8;8m[48;2;8;6;6m▀[0m[38;2;11;8;7m[48;2;8;7;6m▀[0m[38;2;10;8;7m[48;2;9;7;6m▀[0m[38;2;9;7;7m[48;2;9;7;6m▀[0m[38;2;8;6;6m[48;2;7;6;5m▀[0m[38;2;7;6;5m[48;2;7;5;5m▀[0m[38;2;6;5;4m[48;2;6;5;4m▀[0m[38;2;6;4;4m[48;2;5;4;4m▀[0m[38;2;24;8;5m[48;2;5;4;4m▀[0m[38;2;57;23;10m[48;2;17;7;5m▀[0m[38;2;94;49;20m[48;2;54;22;10m▀[0m[38;2;124;75;30m[48;2;111;63;26m▀[0m[38;2;137;88;35m[48;2;146;96;39m▀[0m[38;2;132;82;33m[48;2;168;120;48m▀[0m
 [38;2;203;158;64m[48;2;176;127;53m▀[0m[38;2;231;193;78m[48;2;172;122;51m▀[0m[38;2;231;193;78m[48;2;181;133;55m▀[0m[38;2;200;154;63m[48;2;169;119;50m▀[0m[38;2;213;171;69m[48;2;176;127;53m▀[0m[38;2;192;145;60m[48;2;193;146;60m▀[0m[38;2;197;150;62m[48;2;180;131;54m▀[0m[38;2;152;100;44m[48;2;216;174;70m▀[0m[38;2;160;108;47m[48;2;240;205;82m▀[0m[38;2;62;31;21m[48;2;120;70;33m▀[0m[38;2;27;21;19m[48;2;31;19;17m▀[0m[38;2;24;19;17m[48;2;21;17;15m▀[0m[38;2;22;17;15m[48;2;19;15;13m▀[0m[38;2;21;16;15m[48;2;17;13;12m▀[0m[38;2;18;14;12m[48;2;16;12;11m▀[0m[38;2;16;13;11m[48;2;15;12;11m▀[0m[38;2;17;13;12m[48;2;17;13;12m▀[0m[38;2;17;14;12m[48;2;17;13;12m▀[0m[38;2;18;14;13m[48;2;18;14;13m▀[0m[38;2;19;14;13m[48;2;19;15;13m▀[0m[38;2;20;15;14m[48;2;19;15;14m▀[0m[38;2;20;16;14m[48;2;20;16;14m▀[0m[38;2;20;15;14m[48;2;20;16;14m▀[0m[38;2;19;15;13m[48;2;24;16;14m▀[0m[38;2;18;14;13m[48;2;19;15;14m▀[0m[38;2;26;15;13m[48;2;22;15;13m▀[0m[38;2;25;15;12m[48;2;17;13;12m▀[0m[38;2;109;61;27m[48;2;39;18;13m▀[0m[38;2;130;80;34m[48;2;130;80;34m▀[0m[38;2;159;109;45m[48;2;161;111;46m▀[0m[38;2;173;124;51m[48;2;221;182;73m▀[0m[38;2;227;188;75m[48;2;206;162;65m▀[0m[38;2;164;114;47m[48;2;150;99;41m▀[0m[38;2;91;47;23m[48;2;124;74;32m▀[0m[38;2;153;102;43m[48;2;186;139;57m▀[0m[38;2;174;125;51m[48;2;219;179;72m▀[0m[38;2;123;73;33m[48;2;179;131;54m▀[0m[38;2;74;36;20m[48;2;147;96;41m▀[0m[38;2;74;36;20m[48;2;102;56;26m▀[0m[38;2;109;61;28m[48;2;184;137;56m▀[0m[38;2;76;37;20m[48;2;123;73;32m▀[0m[38;2;66;31;18m[48;2;90;46;22m▀[0m[38;2;87;44;21m[48;2;144;93;39m▀[0m[38;2;91;47;22m[48;2;161;111;45m▀[0m[38;2;155;105;43m[48;2;184;137;55m▀[0m[38;2;213;172;69m[48;2;252;221;88m▀[0m[38;2;198;154;61m[48;2;236;200;80m▀[0m[38;2;141;91;37m[48;2;208;166;66m▀[0m[38;2;86;43;18m[48;2;149;100;40m▀[0m[38;2;8;6;6m[48;2;20;8;6m▀[0m[38;2;8;7;6m[48;2;8;6;6m▀[0m[38;2;8;6;6m[48;2;8;6;5m▀[0m[38;2;7;6;5m[48;2;7;5;5m▀[0m[38;2;6;5;4m[48;2;6;5;4m▀[0m[38;2;5;4;4m[48;2;5;4;3m▀[0m[38;2;5;4;4m[48;2;5;4;4m▀[0m[38;2;6;4;4m[48;2;6;5;4m▀[0m[38;2;6;4;4m[48;2;6;5;4m▀[0m[38;2;35;13;6m[48;2;29;10;6m▀[0m[38;2;104;58;23m[48;2;60;25;11m▀[0m[38;2;145;95;38m[48;2;164;115;46m▀[0m[38;2;186;140;56m[48;2;235;199;79m▀[0m
 [38;2;174;125;51m[48;2;136;85;37m▀[0m[38;2;116;67;30m[48;2;60;27;16m▀[0m[38;2;66;31;18m[48;2;19;15;13m▀[0m[38;2;86;43;23m[48;2;23;18;16m▀[0m[38;2;108;60;29m[48;2;50;25;18m▀[0m[38;2;168;117;49m[48;2;90;46;24m▀[0m[38;2;159;108;46m[48;2;96;51;26m▀[0m[38;2;174;124;52m[48;2;71;35;20m▀[0m[38;2;175;125;52m[48;2;25;20;18m▀[0m[38;2;135;84;37m[48;2;70;34;21m▀[0m[38;2;82;41;22m[48;2;106;59;29m▀[0m[38;2;55;26;17m[48;2;139;88;38m▀[0m[38;2;19;15;14m[48;2;91;47;23m▀[0m[38;2;17;13;12m[48;2;47;22;14m▀[0m[38;2;16;12;11m[48;2;23;13;11m▀[0m[38;2;15;12;11m[48;2;15;11;10m▀[0m[38;2;16;13;12m[48;2;16;13;12m▀[0m[38;2;17;13;12m[48;2;17;13;12m▀[0m[38;2;18;14;13m[48;2;19;15;13m▀[0m[38;2;20;16;14m[48;2;21;17;15m▀[0m[38;2;21;16;15m[48;2;24;19;17m▀[0m[38;2;21;17;15m[48;2;24;19;17m▀[0m[38;2;20;16;14m[48;2;22;18;16m▀[0m[38;2;20;15;14m[48;2;21;16;15m▀[0m[38;2;20;16;14m[48;2;22;17;15m▀[0m[38;2;19;15;13m[48;2;20;16;14m▀[0m[38;2;17;14;12m[48;2;18;14;13m▀[0m[38;2;18;14;12m[48;2;18;14;12m▀[0m[38;2;92;47;23m[48;2;68;32;17m▀[0m[38;2;139;88;38m[48;2;114;66;29m▀[0m[38;2;186;139;57m[48;2;118;69;30m▀[0m[38;2;212;169;68m[48;2;213;171;69m▀[0m[38;2;171;122;50m[48;2;230;193;77m▀[0m[38;2;171;121;50m[48;2;171;122;50m▀[0m[38;2;188;141;57m[48;2;200;156;63m▀[0m[38;2;215;173;70m[48;2;202;158;64m▀[0m[38;2;201;156;63m[48;2;195;149;60m▀[0m[38;2;195;149;60m[48;2;168;119;49m▀[0m[38;2;178;129;53m[48;2;236;200;80m▀[0m[38;2;234;197;79m[48;2;208;165;66m▀[0m[38;2;196;151;61m[48;2;218;177;71m▀[0m[38;2;126;76;33m[48;2;234;197;79m▀[0m[38;2;190;143;58m[48;2;177;128;52m▀[0m[38;2;175;127;51m[48;2;189;142;58m▀[0m[38;2;226;188;75m[48;2;216;175;70m▀[0m[38;2;244;211;84m[48;2;197;152;61m▀[0m[38;2;208;165;66m[48;2;206;163;65m▀[0m[38;2;199;154;62m[48;2;182;134;54m▀[0m[38;2;189;143;57m[48;2;136;86;35m▀[0m[38;2;98;53;22m[48;2;142;92;37m▀[0m[38;2;59;25;12m[48;2;189;143;57m▀[0m[38;2;7;5;5m[48;2;75;35;15m▀[0m[38;2;6;5;4m[48;2;40;15;7m▀[0m[38;2;5;4;4m[48;2;51;20;9m▀[0m[38;2;40;14;7m[48;2;65;28;12m▀[0m[38;2;17;6;4m[48;2;74;34;15m▀[0m[38;2;36;13;7m[48;2;45;17;8m▀[0m[38;2;54;22;10m[48;2;108;60;25m▀[0m[38;2;63;27;12m[48;2;180;133;53m▀[0m[38;2;91;47;19m[48;2;234;198;79m▀[0m[38;2;155;105;42m[48;2;168;120;48m▀[0m[38;2;235;199;79m[48;2;171;123;49m▀[0m
 [38;2;64;29;16m[48;2;34;16;12m▀[0m[38;2;18;14;12m[48;2;17;13;12m▀[0m[38;2;18;14;13m[48;2;17;13;12m▀[0m[38;2;21;17;15m[48;2;19;15;13m▀[0m[38;2;24;18;17m[48;2;21;17;15m▀[0m[38;2;25;19;17m[48;2;23;18;16m▀[0m[38;2;24;19;17m[48;2;22;17;16m▀[0m[38;2;23;18;16m[48;2;22;17;16m▀[0m[38;2;24;19;17m[48;2;23;18;16m▀[0m[38;2;25;20;18m[48;2;45;23;17m▀[0m[38;2;82;41;22m[48;2;93;48;24m▀[0m[38;2;144;93;40m[48;2;117;68;31m▀[0m[38;2;129;78;34m[48;2;91;47;23m▀[0m[38;2;107;60;27m[48;2;95;50;23m▀[0m[38;2;124;74;32m[48;2;94;49;22m▀[0m[38;2;65;29;15m[48;2;57;25;14m▀[0m[38;2;16;13;11m[48;2;17;13;12m▀[0m[38;2;17;13;12m[48;2;18;14;13m▀[0m[38;2;19;15;14m[48;2;21;16;15m▀[0m[38;2;22;17;15m[48;2;36;20;16m▀[0m[38;2;23;18;16m[48;2;23;18;16m▀[0m[38;2;23;18;16m[48;2;22;17;15m▀[0m[38;2;23;18;16m[48;2;22;17;16m▀[0m[38;2;23;18;16m[48;2;22;17;16m▀[0m[38;2;22;17;15m[48;2;21;16;15m▀[0m[38;2;21;17;15m[48;2;20;16;14m▀[0m[38;2;20;16;14m[48;2;19;15;14m▀[0m[38;2;18;14;12m[48;2;24;14;12m▀[0m[38;2;57;25;15m[48;2;39;18;12m▀[0m[38;2;88;45;21m[48;2;89;45;21m▀[0m[38;2;95;50;23m[48;2;91;47;22m▀[0m[38;2;163;113;46m[48;2;144;94;39m▀[0m[38;2;233;196;79m[48;2;185;138;56m▀[0m[38;2;215;174;70m[48;2;200;156;63m▀[0m[38;2;190;143;58m[48;2;173;125;51m▀[0m[38;2;189;143;58m[48;2;132;82;34m▀[0m[38;2;178;130;53m[48;2;105;58;25m▀[0m[38;2;185;137;56m[48;2;118;69;29m▀[0m[38;2;242;208;83m[48;2;167;118;48m▀[0m[38;2;182;134;54m[48;2;224;185;74m▀[0m[38;2;224;184;74m[48;2;163;114;46m▀[0m[38;2;197;152;61m[48;2;130;80;33m▀[0m[38;2;197;152;61m[48;2;138;88;36m▀[0m[38;2;201;157;63m[48;2;209;166;66m▀[0m[38;2;238;203;81m[48;2;217;176;71m▀[0m[38;2;186;140;56m[48;2;130;80;33m▀[0m[38;2;166;117;47m[48;2;148;98;40m▀[0m[38;2;133;83;34m[48;2;151;101;41m▀[0m[38;2;137;87;35m[48;2;115;66;27m▀[0m[38;2;211;169;68m[48;2;182;135;54m▀[0m[38;2;232;196;78m[48;2;215;174;69m▀[0m[38;2;192;147;59m[48;2;183;136;54m▀[0m[38;2;163;114;46m[48;2;173;126;50m▀[0m[38;2;141;92;37m[48;2;173;125;50m▀[0m[38;2;131;82;33m[48;2;180;133;53m▀[0m[38;2;134;84;34m[48;2;199;154;62m▀[0m[38;2;117;69;28m[48;2;245;212;84m▀[0m[38;2;156;106;43m[48;2;242;209;83m▀[0m[38;2;206;163;65m[48;2;217;177;71m▀[0m[38;2;228;190;76m[48;2;209;167;66m▀[0m[38;2;187;140;56m[48;2;173;125;50m▀[0m[38;2;172;124;50m[48;2;159;110;44m▀[0m
 [38;2;14;11;10m[48;2;12;9;9m▀[0m[38;2;15;12;11m[48;2;14;11;10m▀[0m[38;2;15;12;11m[48;2;15;11;10m▀[0m[38;2;17;13;12m[48;2;16;12;11m▀[0m[38;2;18;14;13m[48;2;18;14;12m▀[0m[38;2;20;15;14m[48;2;19;15;13m▀[0m[38;2;20;16;14m[48;2;18;14;13m▀[0m[38;2;21;16;15m[48;2;19;15;13m▀[0m[38;2;21;16;15m[48;2;18;14;13m▀[0m[38;2;20;16;14m[48;2;18;14;13m▀[0m[38;2;49;23;16m[48;2;18;14;13m▀[0m[38;2;40;19;14m[48;2;17;13;12m▀[0m[38;2;33;16;13m[48;2;16;12;11m▀[0m[38;2;64;29;16m[48;2;16;12;11m▀[0m[38;2;50;22;13m[48;2;15;12;11m▀[0m[38;2;46;20;12m[48;2;52;22;13m▀[0m[38;2;65;30;17m[48;2;82;41;20m▀[0m[38;2;92;48;23m[48;2;161;110;46m▀[0m[38;2;83;41;22m[48;2;172;122;51m▀[0m[38;2;88;45;23m[48;2;188;141;58m▀[0m[38;2;88;45;23m[48;2;248;215;86m▀[0m[38;2;37;19;14m[48;2;107;60;28m▀[0m[38;2;19;15;14m[48;2;24;15;13m▀[0m[38;2;19;15;13m[48;2;18;14;13m▀[0m[38;2;18;14;13m[48;2;17;13;12m▀[0m[38;2;17;13;12m[48;2;16;13;11m▀[0m[38;2;17;13;12m[48;2;16;13;11m▀[0m[38;2;18;12;11m[48;2;16;12;11m▀[0m[38;2;23;13;11m[48;2;14;11;10m▀[0m[38;2;102;55;25m[48;2;88;45;21m▀[0m[38;2;110;62;27m[48;2;84;42;20m▀[0m[38;2;146;95;40m[48;2;69;32;17m▀[0m[38;2;196;150;61m[48;2;129;79;34m▀[0m[38;2;155;105;43m[48;2;174;125;51m▀[0m[38;2;114;65;28m[48;2;76;36;17m▀[0m[38;2;90;46;20m[48;2;23;11;8m▀[0m[38;2;111;63;27m[48;2;46;19;10m▀[0m[38;2;59;25;12m[48;2;20;9;7m▀[0m[38;2;76;36;16m[48;2;36;14;9m▀[0m[38;2;117;68;28m[48;2;20;9;6m▀[0m[38;2;88;44;19m[48;2;31;12;7m▀[0m[38;2;52;21;10m[48;2;44;17;9m▀[0m[38;2;142;92;37m[48;2;130;81;33m▀[0m[38;2;191;145;58m[48;2;162;113;46m▀[0m[38;2;252;221;88m[48;2;232;196;78m▀[0m[38;2;145;95;39m[48;2;161;111;45m▀[0m[38;2;135;85;35m[48;2;95;50;22m▀[0m[38;2;85;42;19m[48;2;83;41;18m▀[0m[38;2;104;57;24m[48;2;115;67;27m▀[0m[38;2;135;85;34m[48;2;61;26;11m▀[0m[38;2;135;86;34m[48;2;55;22;10m▀[0m[38;2;133;84;33m[48;2;118;69;28m▀[0m[38;2;187;141;56m[48;2;229;192;76m▀[0m[38;2;250;218;87m[48;2;168;120;48m▀[0m[38;2;221;182;72m[48;2;126;77;31m▀[0m[38;2;205;162;65m[48;2;75;35;15m▀[0m[38;2;146;96;39m[48;2;68;30;13m▀[0m[38;2;171;123;49m[48;2;50;20;9m▀[0m[38;2;203;160;64m[48;2;153;104;42m▀[0m[38;2;222;182;73m[48;2;233;197;78m▀[0m[38;2;209;166;66m[48;2;199;155;62m▀[0m[38;2;208;165;66m[48;2;216;176;70m▀[0m
  [38;2;12;9;8m[48;2;10;8;7m▀[0m[38;2;13;10;9m[48;2;11;9;8m▀[0m[38;2;14;11;10m[48;2;13;10;9m▀[0m[38;2;17;13;12m[48;2;15;12;11m▀[0m[38;2;18;14;13m[48;2;16;13;11m▀[0m[38;2;17;13;12m[48;2;16;12;11m▀[0m[38;2;17;13;12m[48;2;16;12;11m▀[0m[38;2;17;13;12m[48;2;15;12;11m▀[0m[38;2;16;13;12m[48;2;15;11;10m▀[0m[38;2;15;12;10m[48;2;12;9;9m▀[0m[38;2;59;26;15m[48;2;78;38;18m▀[0m[38;2;56;25;14m[48;2;104;57;25m▀[0m[38;2;31;15;11m[48;2;99;53;24m▀[0m[38;2;73;35;17m[48;2;128;78;33m▀[0m[38;2;126;76;33m[48;2;203;158;64m▀[0m[38;2;156;105;44m[48;2;246;213;85m▀[0m[38;2;215;173;70m[48;2;201;156;63m▀[0m[38;2;233;196;79m[48;2;153;102;43m▀[0m[38;2;169;119;49m[48;2;141;91;39m▀[0m[38;2;217;176;71m[48;2;140;89;39m▀[0m[38;2;146;95;40m[48;2;217;176;71m▀[0m[38;2;39;19;14m[48;2;105;58;27m▀[0m[38;2;24;14;12m[48;2;62;28;16m▀[0m[38;2;19;13;11m[48;2;72;34;17m▀[0m[38;2;19;13;11m[48;2;86;43;20m▀[0m[38;2;16;12;11m[48;2;72;34;17m▀[0m[38;2;16;12;11m[48;2;78;38;19m▀[0m[38;2;15;12;11m[48;2;98;52;24m▀[0m[38;2;65;30;16m[48;2;110;62;28m▀[0m[38;2;89;46;21m[48;2;97;52;23m▀[0m[38;2;90;46;21m[48;2;132;82;35m▀[0m[38;2;161;111;46m[48;2;212;169;68m▀[0m[38;2;205;161;65m[48;2;165;116;47m▀[0m[38;2;98;52;23m[48;2;120;70;30m▀[0m[38;2;53;23;13m[48;2;81;40;19m▀[0m[38;2;77;37;17m[48;2;120;71;30m▀[0m[38;2;68;31;15m[48;2;151;101;42m▀[0m[38;2;39;15;9m[48;2;147;97;39m▀[0m[38;2;8;6;6m[48;2;133;84;34m▀[0m[38;2;60;26;12m[48;2;184;138;55m▀[0m[38;2;96;51;21m[48;2;240;205;82m▀[0m[38;2;196;151;60m[48;2;218;178;71m▀[0m[38;2;239;204;82m[48;2;247;215;86m▀[0m[38;2;207;164;66m[48;2;234;198;79m▀[0m[38;2;135;85;35m[48;2;175;127;51m▀[0m[38;2;130;81;33m[48;2;210;168;67m▀[0m[38;2;100;54;22m[48;2;215;174;70m▀[0m[38;2;176;129;51m[48;2;214;173;69m▀[0m[38;2;130;80;32m[48;2;203;160;64m▀[0m[38;2;123;74;30m[48;2;205;161;64m▀[0m[38;2;205;162;64m[48;2;161;111;45m▀[0m[38;2;203;159;63m[48;2;75;35;15m▀[0m[38;2;96;51;21m[48;2;13;5;4m▀[0m[38;2;83;41;17m[48;2;52;21;9m▀[0m[38;2;63;27;12m[48;2;38;14;7m▀[0m[38;2;17;6;4m[48;2;33;11;6m▀[0m[38;2;8;4;4m[48;2;46;17;8m▀[0m[38;2;94;49;20m[48;2;92;48;20m▀[0m[38;2;235;200;80m[48;2;118;70;28m▀[0m[38;2;239;205;82m[48;2;118;69;28m▀[0m
  [38;2;9;7;6m▀[0m[38;2;9;7;7m[48;2;9;7;6m▀[0m[38;2;11;9;8m[48;2;10;8;7m▀[0m[38;2;12;9;8m[48;2;10;8;7m▀[0m[38;2;12;10;9m[48;2;10;8;7m▀[0m[38;2;13;10;9m[48;2;11;8;8m▀[0m[38;2;14;11;10m[48;2;12;9;8m▀[0m[38;2;14;11;10m[48;2;13;10;9m▀[0m[38;2;14;11;10m[48;2;15;11;10m▀[0m[38;2;12;10;9m[48;2;14;11;10m▀[0m[38;2;52;22;13m[48;2;15;11;10m▀[0m[38;2;96;51;23m[48;2;15;12;10m▀[0m[38;2;140;89;37m[48;2;15;11;10m▀[0m[38;2;177;128;52m[48;2;86;43;20m▀[0m[38;2;241;206;82m[48;2;143;92;39m▀[0m[38;2;200;155;63m[48;2;176;127;52m▀[0m[38;2;138;87;37m[48;2;235;199;80m▀[0m[38;2;131;81;35m[48;2;205;161;65m▀[0m[38;2;130;80;34m[48;2;162;112;46m▀[0m[38;2;72;35;19m[48;2;100;54;25m▀[0m[38;2;170;121;50m[48;2;143;92;39m▀[0m[38;2;204;160;65m[48;2;211;169;68m▀[0m[38;2;159;109;45m[48;2;224;185;74m▀[0m[38;2;131;81;34m[48;2;217;176;71m▀[0m[38;2;157;107;44m[48;2;184;137;55m▀[0m[38;2;140;90;37m[48;2;199;155;62m▀[0m[38;2;156;106;44m[48;2;175;127;51m▀[0m[38;2;157;107;44m[48;2;184;137;55m▀[0m[38;2;146;95;40m[48;2;235;199;79m▀[0m[38;2;157;107;44m[48;2;211;169;68m▀[0m[38;2;198;154;62m[48;2;207;163;66m▀[0m[38;2;216;175;70m[48;2;254;224;89m▀[0m[38;2;171;122;50m[48;2;191;144;58m▀[0m[38;2;133;83;34m[48;2;200;155;62m▀[0m[38;2;187;140;57m[48;2;234;198;79m▀[0m[38;2;225;186;74m[48;2;251;220;88m▀[0m[38;2;225;187;75m[48;2;177;129;52m▀[0m[38;2;203;160;64m[48;2;127;77;32m▀[0m[38;2;197;152;61m[48;2;176;128;52m▀[0m[38;2;159;110;44m[48;2;182;135;54m▀[0m[38;2;141;91;37m[48;2;148;98;40m▀[0m[38;2;127;77;32m[48;2;126;77;31m▀[0m[38;2;245;212;84m[48;2;249;217;87m▀[0m[38;2;172;123;50m[48;2;205;162;65m▀[0m[38;2;216;175;70m[48;2;233;197;78m▀[0m[38;2;247;214;85m[48;2;250;219;87m▀[0m[38;2;229;191;76m[48;2;229;192;76m▀[0m[38;2;100;54;22m[48;2;188;141;56m▀[0m[38;2;71;32;14m[48;2;141;91;37m▀[0m[38;2;30;11;6m[48;2;65;28;12m▀[0m[38;2;45;17;8m[48;2;63;27;12m▀[0m[38;2;6;4;4m[48;2;41;15;7m▀[0m[38;2;5;4;4m[48;2;27;9;5m▀[0m[38;2;20;7;5m[48;2;61;26;11m▀[0m[38;2;44;16;8m[48;2;77;37;15m▀[0m[38;2;53;21;9m[48;2;106;59;24m▀[0m[38;2;68;30;13m[48;2;103;56;23m▀[0m[38;2;58;24;10m[48;2;97;51;21m▀[0m[38;2;4;3;3m[48;2;53;21;9m▀[0m[38;2;27;9;5m▀[0m
   [38;2;8;6;6m▀[0m[38;2;10;7;7m[48;2;10;8;7m▀[0m[38;2;10;7;7m[48;2;10;8;7m▀[0m[38;2;10;8;7m[48;2;11;9;8m▀[0m[38;2;10;8;7m[48;2;11;9;8m▀[0m[38;2;11;9;8m[48;2;12;9;8m▀[0m[38;2;13;10;9m[48;2;13;10;9m▀[0m[38;2;15;12;11m[48;2;14;11;10m▀[0m[38;2;16;13;12m[48;2;16;12;11m▀[0m[38;2;16;13;11m[48;2;16;12;11m▀[0m[38;2;16;12;11m[48;2;15;12;11m▀[0m[38;2;14;11;10m[48;2;14;11;10m▀[0m[38;2;56;25;14m[48;2;15;12;11m▀[0m[38;2;116;67;29m[48;2;72;34;17m▀[0m[38;2;190;143;58m[48;2;159;109;45m▀[0m[38;2;205;161;65m[48;2;251;220;88m▀[0m[38;2;166;116;48m[48;2;196;151;61m▀[0m[38;2;145;95;40m[48;2;121;71;31m▀[0m[38;2;106;59;27m[48;2;137;86;36m▀[0m[38;2;153;103;43m[48;2;167;117;48m▀[0m[38;2;214;172;69m[48;2;168;118;49m▀[0m[38;2;245;211;84m[48;2;191;144;58m▀[0m[38;2;220;179;72m[48;2;236;200;80m▀[0m[38;2;191;145;59m[48;2;238;203;81m▀[0m[38;2;172;123;50m[48;2;201;157;63m▀[0m[38;2;181;133;54m[48;2;226;187;75m▀[0m[38;2;213;171;68m[48;2;239;204;81m▀[0m[38;2;252;221;88m[48;2;245;212;85m▀[0m[38;2;246;213;85m[48;2;247;215;86m▀[0m[38;2;253;222;89m[48;2;209;166;66m▀[0m[38;2;215;174;70m[48;2;216;175;70m▀[0m[38;2;196;150;61m[48;2;200;156;63m▀[0m[38;2;249;217;86m[48;2;220;180;72m▀[0m[38;2;239;204;81m[48;2;143;93;38m▀[0m[38;2;183;135;55m[48;2;103;56;24m▀[0m[38;2;139;89;36m[48;2;99;53;23m▀[0m[38;2;105;58;25m[48;2;64;28;13m▀[0m[38;2;111;63;26m[48;2;42;17;9m▀[0m[38;2;150;100;41m[48;2;109;62;26m▀[0m[38;2;187;140;56m[48;2;184;137;55m▀[0m[38;2;171;122;49m[48;2;191;145;58m▀[0m[38;2;226;187;75m[48;2;228;191;76m▀[0m[38;2;212;171;68m[48;2;235;199;79m▀[0m[38;2;216;176;70m[48;2;198;154;61m▀[0m[38;2;236;200;80m[48;2;235;199;79m▀[0m[38;2;241;207;82m[48;2;252;222;88m▀[0m[38;2;195;150;60m[48;2;251;221;88m▀[0m[38;2;187;141;56m[48;2;241;207;82m▀[0m[38;2;162;113;45m[48;2;239;204;81m▀[0m[38;2;99;53;22m[48;2;173;125;50m▀[0m[38;2;97;52;21m[48;2;162;112;45m▀[0m[38;2;71;32;14m[48;2;102;56;23m▀[0m[38;2;82;40;17m[48;2;95;50;20m▀[0m[38;2;132;83;33m[48;2;144;94;38m▀[0m[38;2;189;143;57m[48;2;226;188;75m▀[0m[38;2;192;147;59m[48;2;206;163;65m▀[0m[38;2;189;144;57m[48;2;241;207;83m▀[0m[38;2;169;120;48m▀[0m
    [38;2;10;7;7m▀[0m[38;2;10;8;7m[48;2;10;7;7m▀[0m[38;2;11;8;7m[48;2;10;8;7m▀[0m[38;2;11;8;7m[48;2;12;8;7m▀[0m[38;2;11;9;8m[48;2;54;23;12m▀[0m[38;2;12;9;9m[48;2;81;39;18m▀[0m[38;2;13;10;9m[48;2;78;38;18m▀[0m[38;2;14;11;10m[48;2;105;58;25m▀[0m[38;2;15;11;10m[48;2;88;45;21m▀[0m[38;2;19;12;11m[48;2;94;49;22m▀[0m[38;2;14;11;10m[48;2;64;29;15m▀[0m[38;2;40;17;11m[48;2;82;40;19m▀[0m[38;2;70;33;16m[48;2;144;94;39m▀[0m[38;2;106;59;26m[48;2;190;144;58m▀[0m[38;2;182;134;54m[48;2;220;179;72m▀[0m[38;2;227;188;75m[48;2;196;151;61m▀[0m[38;2;225;186;75m[48;2;178;130;53m▀[0m[38;2;230;193;77m[48;2;248;216;86m▀[0m[38;2;216;174;70m[48;2;221;181;73m▀[0m[38;2;141;90;38m[48;2;168;119;48m▀[0m[38;2;136;86;36m[48;2;121;72;30m▀[0m[38;2;197;152;61m[48;2;169;120;49m▀[0m[38;2;231;193;77m[48;2;198;153;62m▀[0m[38;2;252;222;88m[48;2;204;161;64m▀[0m[38;2;223;184;74m[48;2;108;60;25m▀[0m[38;2;161;111;45m[48;2;89;45;19m▀[0m[38;2;135;85;35m[48;2;60;26;12m▀[0m[38;2;191;146;58m[48;2;64;28;13m▀[0m[38;2;183;136;55m[48;2;83;41;18m▀[0m[38;2;136;86;35m[48;2;57;24;12m▀[0m[38;2;105;58;25m[48;2;52;22;11m▀[0m[38;2;242;208;83m[48;2;174;125;51m▀[0m[38;2;146;96;39m[48;2;216;176;70m▀[0m[38;2;103;56;24m[48;2;217;176;70m▀[0m[38;2;132;82;34m[48;2;252;221;88m▀[0m[38;2;108;60;25m[48;2;225;186;74m▀[0m[38;2;16;8;6m[48;2;117;69;28m▀[0m[38;2;66;29;13m[48;2;156;106;43m▀[0m[38;2;114;66;27m[48;2;172;123;49m▀[0m[38;2;176;128;51m[48;2;177;129;52m▀[0m[38;2;237;201;80m[48;2;192;146;58m▀[0m[38;2;229;191;76m[48;2;195;150;60m▀[0m[38;2;197;152;61m[48;2;194;148;59m▀[0m[38;2;217;177;70m[48;2;196;151;60m▀[0m[38;2;211;169;67m[48;2;224;185;74m▀[0m[38;2;179;132;53m[48;2;209;166;66m▀[0m[38;2;220;180;72m[48;2;227;189;75m▀[0m[38;2;244;211;84m[48;2;202;158;63m▀[0m[38;2;209;166;66m[48;2;203;159;64m▀[0m[38;2;181;134;54m[48;2;182;135;54m▀[0m[38;2;98;52;21m[48;2;185;138;55m▀[0m[38;2;161;111;45m[48;2;221;181;72m▀[0m[38;2;250;218;87m[48;2;245;213;85m▀[0m[38;2;215;174;69m[48;2;178;131;52m▀[0m[38;2;164;115;46m[48;2;168;120;48m▀[0m[38;2;208;166;66m▀[0m
     [38;2;58;25;12m▀[0m[38;2;62;27;13m[48;2;81;39;17m▀[0m[38;2;116;67;28m[48;2;165;116;47m▀[0m[38;2;169;120;49m[48;2;234;198;79m▀[0m[38;2;234;197;79m[48;2;183;136;55m▀[0m[38;2;240;205;82m[48;2;132;82;34m▀[0m[38;2;254;223;89m[48;2;153;103;42m▀[0m[38;2;234;197;79m[48;2;163;113;46m▀[0m[38;2;226;188;75m[48;2;137;87;36m▀[0m[38;2;174;126;51m[48;2;158;108;44m▀[0m[38;2;173;124;51m[48;2;106;58;25m▀[0m[38;2;208;165;66m[48;2;100;54;24m▀[0m[38;2;197;152;61m[48;2;111;63;27m▀[0m[38;2;116;67;29m[48;2;75;35;17m▀[0m[38;2;144;94;39m[48;2;109;61;26m▀[0m[38;2;206;162;65m[48;2;191;145;58m▀[0m[38;2;243;209;83m[48;2;223;184;74m▀[0m[38;2;219;178;71m[48;2;146;96;40m▀[0m[38;2;181;134;54m[48;2;120;71;30m▀[0m[38;2;108;60;26m[48;2;106;58;25m▀[0m[38;2;106;59;25m[48;2;90;46;20m▀[0m[38;2;141;91;37m[48;2;35;14;9m▀[0m[38;2;142;92;38m[48;2;71;33;15m▀[0m[38;2;95;50;22m[48;2;33;13;9m▀[0m[38;2;38;15;8m[48;2;10;7;7m▀[0m[38;2;8;6;6m[48;2;9;7;6m▀[0m[38;2;8;6;6m[48;2;9;7;6m▀[0m[38;2;8;6;6m[48;2;9;7;6m▀[0m[38;2;9;7;6m[48;2;9;7;6m▀[0m[38;2;9;7;6m[48;2;8;6;6m▀[0m[38;2;94;49;21m[48;2;54;22;11m▀[0m[38;2;215;174;69m[48;2;136;86;35m▀[0m[38;2;174;126;51m[48;2;139;89;36m▀[0m[38;2;155;106;43m[48;2;139;89;36m▀[0m[38;2;159;109;44m[48;2;203;159;63m▀[0m[38;2;230;192;77m[48;2;212;171;68m▀[0m[38;2;225;186;74m[48;2;223;184;74m▀[0m[38;2;229;191;76m[48;2;209;167;67m▀[0m[38;2;190;144;58m[48;2;146;96;39m▀[0m[38;2;155;105;42m[48;2;172;124;49m▀[0m[38;2;125;76;31m[48;2;123;74;30m▀[0m[38;2;123;74;30m[48;2;90;46;19m▀[0m[38;2;135;86;34m[48;2;130;80;32m▀[0m[38;2;170;122;48m[48;2;176;128;51m▀[0m[38;2;228;191;76m[48;2;153;104;41m▀[0m[38;2;231;194;77m[48;2;215;175;70m▀[0m[38;2;176;128;51m[48;2;113;65;26m▀[0m[38;2;186;139;55m[48;2;123;74;30m▀[0m[38;2;191;146;58m[48;2;158;108;43m▀[0m[38;2;246;213;85m[48;2;254;224;89m▀[0m[38;2;216;175;70m[48;2;169;121;48m▀[0m[38;2;216;175;70m[48;2;192;147;59m▀[0m[38;2;176;128;51m[48;2;228;190;76m▀[0m[38;2;190;145;58m▀[0m
       [38;2;172;124;50m[48;2;214;173;69m▀[0m[38;2;239;204;81m[48;2;252;222;88m▀[0m[38;2;172;124;50m[48;2;195;149;60m▀[0m[38;2;115;66;28m[48;2;64;28;13m▀[0m[38;2;93;48;21m[48;2;15;8;6m▀[0m[38;2;76;36;16m[48;2;9;7;6m▀[0m[38;2;64;28;14m[48;2;9;7;6m▀[0m[38;2;28;11;8m[48;2;8;6;6m▀[0m[38;2;10;8;7m[48;2;9;7;6m▀[0m[38;2;30;12;8m[48;2;9;7;6m▀[0m[38;2;45;18;10m[48;2;9;7;6m▀[0m[38;2;11;9;8m[48;2;10;8;7m▀[0m[38;2;51;21;12m[48;2;10;8;7m▀[0m[38;2;112;64;27m[48;2;27;12;8m▀[0m[38;2;132;82;34m[48;2;63;28;14m▀[0m[38;2;102;55;24m[48;2;69;32;16m▀[0m[38;2;80;39;18m[48;2;77;37;17m▀[0m[38;2;76;36;17m[48;2;82;40;18m▀[0m[38;2;75;36;16m[48;2;54;23;12m▀[0m[38;2;26;11;8m[48;2;28;12;8m▀[0m[38;2;42;17;10m[48;2;9;7;7m▀[0m[38;2;10;7;7m[48;2;9;7;6m▀[0m[38;2;9;7;7m[48;2;9;7;6m▀[0m[38;2;9;7;6m[48;2;8;6;6m▀[0m[38;2;8;7;6m[48;2;8;6;5m▀[0m[38;2;8;6;6m[48;2;7;6;5m▀[0m[38;2;8;6;6m[48;2;7;5;5m▀[0m[38;2;8;6;5m[48;2;7;5;5m▀[0m[38;2;13;6;5m[48;2;6;5;4m▀[0m[38;2;65;29;13m[48;2;6;4;4m▀[0m[38;2;73;33;14m[48;2;12;5;4m▀[0m[38;2;143;93;37m[48;2;128;78;31m▀[0m[38;2;232;196;78m[48;2;224;186;74m▀[0m[38;2;198;153;61m[48;2;245;212;84m▀[0m[38;2;218;178;71m[48;2;233;197;78m▀[0m[38;2;241;206;82m[48;2;251;220;88m▀[0m[38;2;202;158;63m[48;2;234;198;79m▀[0m[38;2;172;124;49m[48;2;214;173;69m▀[0m[38;2;181;134;53m[48;2;199;155;62m▀[0m[38;2;139;89;36m[48;2;121;72;29m▀[0m[38;2;137;88;35m[48;2;82;40;16m▀[0m[38;2;110;62;25m[48;2;55;22;9m▀[0m[38;2;173;125;50m[48;2;141;91;36m▀[0m[38;2;227;190;76m[48;2;237;202;80m▀[0m[38;2;169;121;48m[48;2;177;129;51m▀[0m[38;2;152;103;41m[48;2;226;188;75m▀[0m[38;2;221;181;72m[48;2;235;199;79m▀[0m[38;2;216;176;70m[48;2;193;148;59m▀[0m[38;2;195;150;60m[48;2;217;177;71m▀[0m[38;2;217;176;70m[48;2;246;213;85m▀[0m
        [38;2;82;40;17m▀[0m[38;2;21;8;6m[48;2;6;4;4m▀[0m[38;2;8;6;5m[48;2;6;5;4m▀[0m[38;2;8;6;5m[48;2;6;5;4m▀[0m[38;2;8;6;6m[48;2;7;5;5m▀[0m[38;2;8;6;6m[48;2;7;5;5m▀[0m[38;2;7;5;5m[48;2;7;5;5m▀[0m[38;2;8;6;5m[48;2;7;5;5m▀[0m[38;2;8;6;5m[48;2;7;6;5m▀[0m[38;2;8;6;6m[48;2;8;6;6m▀[0m[38;2;9;7;6m[48;2;8;7;6m▀[0m[38;2;9;7;7m[48;2;11;7;6m▀[0m[38;2;50;20;11m[48;2;79;38;17m▀[0m[38;2;94;49;21m[48;2;88;45;19m▀[0m[38;2;66;30;14m[48;2;28;12;8m▀[0m[38;2;33;13;9m[48;2;10;7;7m▀[0m[38;2;10;8;7m[48;2;9;7;7m▀[0m[38;2;10;8;7m[48;2;9;7;6m▀[0m[38;2;9;7;7m[48;2;9;7;6m▀[0m[38;2;9;7;6m[48;2;9;7;6m▀[0m[38;2;9;7;6m[48;2;8;6;6m▀[0m[38;2;8;6;5m[48;2;7;6;5m▀[0m[38;2;7;6;5m[48;2;7;5;5m▀[0m[38;2;7;6;5m[48;2;7;5;5m▀[0m[38;2;6;5;4m[48;2;6;5;4m▀[0m[38;2;6;5;4m[48;2;5;4;4m▀[0m[38;2;5;4;4m[48;2;5;4;3m▀[0m[38;2;5;4;3m[48;2;25;8;5m▀[0m[38;2;5;4;3m[48;2;46;17;8m▀[0m[38;2;22;7;4m[48;2;124;75;30m▀[0m[38;2;104;58;23m[48;2;159;110;44m▀[0m[38;2;181;134;54m[48;2;222;183;73m▀[0m[38;2;233;196;78m[48;2;157;108;43m▀[0m[38;2;203;160;64m[48;2;146;97;39m▀[0m[38;2;203;160;64m[48;2;152;103;41m▀[0m[38;2;241;206;82m[48;2;130;81;32m▀[0m[38;2;198;154;61m[48;2;128;78;31m▀[0m[38;2;138;88;35m[48;2;106;59;24m▀[0m[38;2;59;24;10m[48;2;49;19;8m▀[0m[38;2;47;18;7m[48;2;69;31;12m▀[0m[38;2;21;7;3m[48;2;72;33;13m▀[0m[38;2;105;58;23m[48;2;77;36;15m▀[0m[38;2;178;131;52m[48;2;144;94;37m▀[0m[38;2;239;205;82m[48;2;216;176;70m▀[0m[38;2;197;153;61m[48;2;143;93;37m▀[0m[38;2;155;106;42m[48;2;132;82;33m▀[0m[38;2;142;92;37m[48;2;168;120;48m▀[0m[38;2;159;110;44m▀[0m
          [38;2;4;3;3m▀[0m[38;2;5;4;3m[48;2;4;3;3m▀[0m[38;2;5;4;4m[48;2;16;5;3m▀[0m[38;2;6;5;4m[48;2;5;4;3m▀[0m[38;2;7;5;5m[48;2;6;4;4m▀[0m[38;2;7;5;5m[48;2;6;5;4m▀[0m[38;2;7;6;5m[48;2;7;5;5m▀[0m[38;2;8;6;5m[48;2;7;5;5m▀[0m[38;2;7;6;5m[48;2;6;5;4m▀[0m[38;2;21;8;6m[48;2;6;5;4m▀[0m[38;2;65;29;13m[48;2;6;5;4m▀[0m[38;2;77;37;16m[48;2;39;15;8m▀[0m[38;2;8;6;6m[48;2;7;5;5m▀[0m[38;2;8;6;6m[48;2;7;5;5m▀[0m[38;2;8;6;6m[48;2;7;5;5m▀[0m[38;2;8;6;5m[48;2;6;5;4m▀[0m[38;2;8;6;5m[48;2;6;5;4m▀[0m[38;2;7;6;5m[48;2;6;5;4m▀[0m[38;2;7;5;5m[48;2;6;4;4m▀[0m[38;2;7;5;5m[48;2;6;4;4m▀[0m[38;2;6;5;4m[48;2;6;4;4m▀[0m[38;2;6;4;4m[48;2;14;6;4m▀[0m[38;2;5;4;4m[48;2;45;17;8m▀[0m[38;2;24;8;5m[48;2;135;85;34m▀[0m[38;2;91;46;19m[48;2;190;144;58m▀[0m[38;2;131;81;33m[48;2;225;186;74m▀[0m[38;2;196;152;61m[48;2;226;188;75m▀[0m[38;2;253;222;89m[48;2;251;220;88m▀[0m[38;2;227;189;75m[48;2;139;89;36m▀[0m[38;2;162;114;45m[48;2;124;75;30m▀[0m[38;2;95;49;20m[48;2;92;48;19m▀[0m[38;2;105;58;23m[48;2;43;16;7m▀[0m[38;2;100;54;22m[48;2;31;11;5m▀[0m[38;2;65;28;12m[48;2;89;45;18m▀[0m[38;2;66;29;12m[48;2;89;45;18m▀[0m[38;2;29;10;5m[48;2;64;28;12m▀[0m[38;2;47;18;8m[48;2;136;87;35m▀[0m[38;2;89;45;18m[48;2;187;141;56m▀[0m[38;2;178;131;52m[48;2;219;180;72m▀[0m[38;2;122;73;29m[48;2;137;87;35m▀[0m[38;2;166;118;47m[48;2;130;81;32m▀[0m[38;2;161;112;45m[48;2;127;77;31m▀[0m[38;2;142;92;37m[48;2;168;120;48m▀[0m[38;2;166;118;47m▀[0m
            [38;2;64;28;11m▀[0m[38;2;9;4;3m▀[0m[38;2;4;3;2m[48;2;4;3;2m▀[0m[38;2;4;3;3m[48;2;3;2;2m▀[0m[38;2;5;4;3m[48;2;3;3;2m▀[0m[38;2;5;4;4m[48;2;4;3;3m▀[0m[38;2;5;4;4m[48;2;5;4;3m▀[0m[38;2;6;4;4m[48;2;5;4;4m▀[0m[38;2;6;4;4m[48;2;5;4;4m▀[0m[38;2;6;5;4m[48;2;6;4;4m▀[0m[38;2;6;5;4m[48;2;6;4;4m▀[0m[38;2;6;5;4m[48;2;6;4;4m▀[0m[38;2;6;4;4m[48;2;5;4;4m▀[0m[38;2;5;4;3m[48;2;5;4;4m▀[0m[38;2;5;4;3m[48;2;5;4;4m▀[0m[38;2;5;4;4m[48;2;6;4;4m▀[0m[38;2;6;4;4m[48;2;6;4;4m▀[0m[38;2;5;4;4m[48;2;5;4;4m▀[0m[38;2;5;4;4m[48;2;5;4;3m▀[0m[38;2;38;14;7m[48;2;72;33;14m▀[0m[38;2;149;100;40m[48;2;233;196;78m▀[0m[38;2;244;211;84m[48;2;127;78;31m▀[0m[38;2;210;168;67m[48;2;104;57;23m▀[0m[38;2;213;172;68m[48;2;180;132;53m▀[0m[38;2;234;198;79m[48;2;213;172;69m▀[0m[38;2;204;161;64m[48;2;139;90;36m▀[0m[38;2;110;62;25m[48;2;98;52;21m▀[0m[38;2;46;17;8m[48;2;34;12;6m▀[0m[38;2;52;20;9m[48;2;49;19;8m▀[0m[38;2;43;16;7m[48;2;34;11;5m▀[0m[38;2;33;11;5m[48;2;34;11;5m▀[0m[38;2;92;47;19m[48;2;93;48;19m▀[0m[38;2;105;58;24m[48;2;134;84;34m▀[0m[38;2;107;60;24m[48;2;127;78;31m▀[0m[38;2;96;51;21m[48;2;110;62;25m▀[0m[38;2;185;139;55m[48;2;200;156;62m▀[0m[38;2;248;215;86m[48;2;225;186;74m▀[0m[38;2;163;114;46m[48;2;243;209;83m▀[0m[38;2;191;145;58m▀[0m[38;2;149;99;40m▀[0m
               [38;2;3;2;2m▀[0m[38;2;3;2;2m▀[0m[38;2;4;3;3m[48;2;63;27;11m▀[0m[38;2;11;5;3m[48;2;56;23;10m▀[0m[38;2;5;4;4m[48;2;9;4;3m▀[0m[38;2;6;4;4m[48;2;5;4;4m▀[0m[38;2;6;5;4m[48;2;6;5;4m▀[0m[38;2;6;4;4m[48;2;6;5;4m▀[0m[38;2;6;4;4m[48;2;5;4;4m▀[0m[38;2;5;4;4m[48;2;5;4;3m▀[0m[38;2;5;4;4m[48;2;21;7;4m▀[0m[38;2;5;4;4m[48;2;54;22;10m▀[0m[38;2;5;4;4m[48;2;111;63;25m▀[0m[38;2;17;6;4m[48;2;161;112;45m▀[0m[38;2;77;37;15m[48;2;186;140;56m▀[0m[38;2;83;41;17m[48;2;183;137;55m▀[0m[38;2;130;80;32m[48;2;150;100;40m▀[0m[38;2;227;189;75m[48;2;199;155;62m▀[0m[38;2;176;128;51m[48;2;228;191;76m▀[0m[38;2;132;83;33m[48;2;182;135;54m▀[0m[38;2;133;84;34m[48;2;119;70;28m▀[0m[38;2;146;96;38m[48;2;152;102;41m▀[0m[38;2;103;56;23m[48;2;116;68;27m▀[0m[38;2;94;49;20m[48;2;97;51;21m▀[0m[38;2;52;20;9m[48;2;55;22;10m▀[0m[38;2;82;40;16m[48;2;87;43;18m▀[0m[38;2;56;22;10m[48;2;45;17;7m▀[0m[38;2;36;12;6m[48;2;29;9;5m▀[0m[38;2;70;32;13m[48;2;59;24;10m▀[0m[38;2;95;50;20m[48;2;82;40;16m▀[0m[38;2;125;76;31m[48;2;96;51;21m▀[0m[38;2;99;53;22m[48;2;100;54;22m▀[0m[38;2;156;106;43m▀[0m[38;2;237;202;80m▀[0m
                   [38;2;14;5;4m▀[0m[38;2;5;4;4m▀[0m[38;2;6;5;4m[48;2;6;5;4m▀[0m[38;2;6;5;4m[48;2;6;4;4m▀[0m[38;2;5;4;4m[48;2;5;4;4m▀[0m[38;2;5;4;3m[48;2;9;4;3m▀[0m[38;2;69;31;13m[48;2;82;40;16m▀[0m[38;2;123;74;30m[48;2;188;142;56m▀[0m[38;2;209;166;66m[48;2;224;185;74m▀[0m[38;2;201;158;63m[48;2;163;114;45m▀[0m[38;2;251;220;88m[48;2;156;107;43m▀[0m[38;2;253;223;89m[48;2;166;118;47m▀[0m[38;2;207;165;66m[48;2;202;158;63m▀[0m[38;2;221;182;73m[48;2;209;166;66m▀[0m[38;2;194;149;59m[48;2;177;129;52m▀[0m[38;2;218;178;71m[48;2;135;86;34m▀[0m[38;2;167;119;47m[48;2;146;97;39m▀[0m[38;2;145;96;38m[48;2;137;88;35m▀[0m[38;2;108;61;25m[48;2;126;77;31m▀[0m[38;2;54;22;10m[48;2;139;89;36m▀[0m[38;2;14;5;4m[48;2;106;59;24m▀[0m[38;2;77;36;15m[48;2;146;96;38m▀[0m[38;2;35;12;6m[48;2;100;54;22m▀[0m[38;2;4;3;3m[48;2;42;15;7m▀[0m[38;2;7;4;3m▀[0m[38;2;53;21;10m▀[0m
                        [38;2;38;14;6m▀[0m[38;2;96;51;21m▀[0m[38;2;222;182;73m▀[0m[38;2;199;155;62m▀[0m[38;2;127;78;31m▀[0m[38;2;71;32;13m▀[0m[38;2;75;35;15m▀[0m[38;2;108;60;24m▀[0m[38;2;154;104;42m▀[0m[38;2;125;76;31m▀[0m[38;2;134;84;34m▀[0m[38;2;160;111;44m▀[0m[38;2;158;109;44m▀[0m[38;2;164;115;46m▀[0m[38;2;186;140;56m▀[0m[38;2;194;149;59m▀[0m
