              [38;2;7;9;11m▄[0m
        [38;2;16;19;22m▄[0m[38;2;11;14;16m[48;2;27;33;38m▀[0m[38;2;9;11;14m[48;2;26;33;38m▀[0m[38;2;43;53;60m▄[0m[38;2;17;22;26m[48;2;45;56;63m▀[0m[38;2;17;22;26m[48;2;36;46;52m▀[0m[38;2;10;15;18m[48;2;12;17;21m▀[0m[38;2;11;15;18m[48;2;11;16;20m▀[0m  [38;2;11;15;18m▄[0m[38;2;9;13;16m▄[0m[38;2;7;9;11m▄[0m
        [38;2;26;31;36m[48;2;11;12;14m▀[0m[38;2;31;37;42m[48;2;42;47;52m▀[0m[38;2;26;32;36m[48;2;53;59;64m▀[0m[38;2;47;55;62m[48;2;77;84;91m▀[0m[38;2;59;69;77m[48;2;70;79;87m▀[0m[38;2;34;43;49m[48;2;26;34;40m▀[0m[38;2;16;25;30m[48;2;15;22;27m▀[0m[38;2;20;32;38m[48;2;21;25;28m▀[0m[38;2;18;27;32m[48;2;65;67;72m▀[0m[38;2;29;37;42m[48;2;55;51;53m▀[0m[38;2;26;36;42m[48;2;70;72;76m▀[0m[38;2;34;40;45m[48;2;52;50;52m▀[0m[38;2;52;58;63m[48;2;67;69;72m▀[0m[38;2;26;30;34m[48;2;96;101;108m▀[0m[38;2;28;31;35m[48;2;81;84;89m▀[0m[38;2;39;42;47m[48;2;79;82;88m▀[0m[38;2;12;13;16m[48;2;75;78;84m▀[0m[38;2;10;10;12m[48;2;55;58;63m▀[0m[38;2;19;20;23m▄[0m[38;2;11;8;8m[48;2;14;12;15m▀[0m[38;2;11;7;6m[48;2;14;10;11m▀[0m[38;2;11;6;5m[48;2;14;9;8m▀[0m[38;2;11;6;5m[48;2;14;8;7m▀[0m[38;2;11;6;5m[48;2;14;8;6m▀[0m[38;2;11;6;5m[48;2;14;8;6m▀[0m[38;2;11;6;5m[48;2;14;8;7m▀[0m[38;2;13;8;6m▄[0m[38;2;12;7;6m▄[0m
      [38;2;15;14;16m[48;2;17;14;14m▀[0m[38;2;25;25;28m[48;2;31;27;28m▀[0m[38;2;30;30;32m[48;2;24;20;22m▀[0m[38;2;38;39;42m[48;2;29;27;29m▀[0m[38;2;58;60;65m[48;2;53;49;53m▀[0m[38;2;86;90;97m[48;2;65;60;64m▀[0m[38;2;89;93;102m[48;2;85;88;93m▀[0m[38;2;63;68;73m[48;2;79;84;90m▀[0m[38;2;37;39;41m[48;2;48;50;54m▀[0m[38;2;39;42;44m[48;2;48;52;56m▀[0m[38;2;47;50;54m[48;2;58;61;66m▀[0m[38;2;24;25;27m[48;2;42;44;48m▀[0m[38;2;34;36;38m[48;2;62;65;70m▀[0m[38;2;22;23;25m[48;2;52;54;58m▀[0m[38;2;33;30;32m[48;2;56;56;60m▀[0m[38;2;73;57;59m[48;2;77;74;77m▀[0m[38;2;69;53;53m[48;2;73;73;78m▀[0m[38;2;70;63;66m[48;2;36;32;34m▀[0m[38;2;89;85;88m[48;2;70;62;66m▀[0m[38;2;109;76;65m[48;2;94;67;66m▀[0m[38;2;78;81;87m[48;2;119;126;134m▀[0m[38;2;75;78;85m[48;2;121;129;136m▀[0m[38;2;30;28;32m[48;2;112;116;125m▀[0m[38;2;19;13;15m[48;2;56;54;60m▀[0m[38;2;18;10;10m[48;2;26;15;18m▀[0m[38;2;17;8;8m[48;2;25;10;12m▀[0m[38;2;18;8;7m[48;2;25;9;10m▀[0m[38;2;17;8;7m[48;2;23;9;9m▀[0m[38;2;17;8;7m[48;2;21;8;7m▀[0m[38;2;15;8;7m[48;2;18;8;8m▀[0m[38;2;13;7;6m[48;2;15;8;7m▀[0m[38;2;11;7;6m[48;2;12;7;6m▀[0m
     [38;2;15;4;3m▄[0m[38;2;12;4;3m[48;2;23;6;5m▀[0m[38;2;15;7;6m[48;2;27;9;8m▀[0m[38;2;19;13;13m[48;2;20;8;8m▀[0m[38;2;16;14;15m[48;2;22;17;18m▀[0m[38;2;20;18;19m[48;2;33;30;31m▀[0m[38;2;33;31;32m[48;2;20;10;10m▀[0m[38;2;70;67;71m[48;2;70;45;46m▀[0m[38;2;101;102;108m[48;2;67;47;48m▀[0m[38;2;66;68;73m[48;2;36;35;36m▀[0m[38;2;45;47;51m[48;2;65;68;73m▀[0m[38;2;50;51;55m[48;2;67;70;75m▀[0m[38;2;70;74;79m[48;2;78;80;85m▀[0m[38;2;65;66;70m[48;2;87;87;93m▀[0m[38;2;55;57;60m[48;2;67;66;70m▀[0m[38;2;66;67;71m[48;2;74;74;78m▀[0m[38;2;68;66;69m[48;2;67;68;71m▀[0m[38;2;71;72;76m[48;2;80;55;56m▀[0m[38;2;79;68;69m[48;2;82;56;50m▀[0m[38;2;93;54;45m[48;2;60;60;64m▀[0m[38;2;98;96;101m[48;2;50;51;53m▀[0m[38;2;81;85;90m[48;2;75;75;80m▀[0m[38;2;36;37;39m[48;2;43;43;46m▀[0m[38;2;86;88;93m[48;2;102;87;92m▀[0m[38;2;88;91;95m[48;2;97;64;66m▀[0m[38;2;74;68;74m[48;2;108;77;80m▀[0m[38;2;41;19;20m[48;2;126;92;95m▀[0m[38;2;41;14;13m[48;2;82;31;26m▀[0m[38;2;38;12;10m[48;2;64;19;13m▀[0m[38;2;31;10;9m[48;2;48;16;11m▀[0m[38;2;24;9;8m[48;2;29;11;9m▀[0m[38;2;17;9;8m[48;2;19;9;8m▀[0m[38;2;13;8;7m[48;2;14;8;7m▀[0m[38;2;11;7;6m[48;2;11;7;6m▀[0m
     [38;2;20;5;2m[48;2;18;4;3m▀[0m[38;2;44;8;1m[48;2;55;10;3m▀[0m[38;2;56;8;3m[48;2;163;64;10m▀[0m[38;2;138;38;6m[48;2;136;60;20m▀[0m[38;2;153;55;7m[48;2;176;61;22m▀[0m[38;2;122;35;6m[48;2;188;55;12m▀[0m[38;2;99;23;6m[48;2;150;38;13m▀[0m[38;2;131;33;15m[48;2;137;39;19m▀[0m[38;2;137;32;14m[48;2;123;39;28m▀[0m[38;2;76;28;10m[48;2;163;50;13m▀[0m[38;2;69;72;76m[48;2;49;23;13m▀[0m[38;2;50;51;55m[48;2;38;33;35m▀[0m[38;2;58;56;59m[48;2;48;45;48m▀[0m[38;2;79;76;80m[48;2;80;68;71m▀[0m[38;2;102;95;100m[48;2;116;97;102m▀[0m[38;2;84;65;66m[48;2;83;73;76m▀[0m[38;2;46;46;49m[48;2;60;58;61m▀[0m[38;2;80;58;59m[48;2;49;44;48m▀[0m[38;2;36;33;36m[48;2;51;44;47m▀[0m[38;2;67;67;70m[48;2;149;109;94m▀[0m[38;2;75;75;81m[48;2;195;113;60m▀[0m[38;2;149;102;81m[48;2;228;142;95m▀[0m[38;2;152;80;49m[48;2;184;135;134m▀[0m[38;2;206;144;107m[48;2;212;141;132m▀[0m[38;2;226;133;91m[48;2;217;145;129m▀[0m[38;2;219;136;83m[48;2;227;152;129m▀[0m[38;2;234;169;98m[48;2;234;164;127m▀[0m[38;2;167;67;37m[48;2;241;173;106m▀[0m[38;2;110;33;17m[48;2;145;46;22m▀[0m[38;2;57;19;12m[48;2;53;19;17m▀[0m[38;2;30;11;11m[48;2;28;12;12m▀[0m[38;2;20;9;9m[48;2;18;9;9m▀[0m[38;2;14;8;7m[48;2;13;8;7m▀[0m[38;2;11;7;6m[48;2;11;7;6m▀[0m
     [38;2;11;5;5m▀[0m [38;2;15;2;2m▀[0m[38;2;21;5;3m[48;2;12;7;7m▀[0m[38;2;30;26;28m▀[0m[38;2;49;41;40m[48;2;20;20;22m▀[0m[38;2;12;8;8m[48;2;14;9;10m▀[0m[38;2;40;32;28m▀[0m[38;2;164;77;41m[48;2;73;58;48m▀[0m[38;2;122;55;53m[48;2;125;64;38m▀[0m[38;2;163;66;40m[48;2;121;55;39m▀[0m[38;2;156;59;25m[48;2;134;64;44m▀[0m[38;2;128;42;11m[48;2;125;55;50m▀[0m[38;2;102;44;32m[48;2;175;73;53m▀[0m[38;2;129;87;88m[48;2;202;106;88m▀[0m[38;2;99;83;87m[48;2;106;64;64m▀[0m[38;2;97;61;57m[48;2;95;61;51m▀[0m[38;2;38;32;35m[48;2;110;66;55m▀[0m[38;2;92;71;73m[48;2;233;162;80m▀[0m[38;2;233;155;96m[48;2;236;143;88m▀[0m[38;2;210;121;108m[48;2;231;143;100m▀[0m[38;2;194;130;115m[48;2;214;141;94m▀[0m[38;2;220;146;122m[48;2;188;135;78m▀[0m[38;2;206;142;117m[48;2;72;61;64m▀[0m[38;2;190;127;105m[48;2;49;49;52m▀[0m[38;2;203;137;117m[48;2;92;82;80m▀[0m[38;2;175;109;78m[48;2;106;78;78m▀[0m[38;2;142;104;90m[48;2;86;86;91m▀[0m[38;2;109;93;98m[48;2;117;121;131m▀[0m[38;2;48;36;39m[48;2;64;57;63m▀[0m[38;2;24;13;15m[48;2;22;17;20m▀[0m[38;2;17;10;10m[48;2;16;12;12m▀[0m[38;2;13;9;8m[48;2;13;10;9m▀[0m[38;2;11;7;7m[48;2;12;8;8m▀[0m
      [38;2;11;7;5m▄[0m    [38;2;19;21;21m[48;2;24;26;27m▀[0m[38;2;30;32;33m▄[0m[38;2;18;19;19m▄[0m[38;2;13;13;14m[48;2;18;18;19m▀[0m[38;2;12;12;13m[48;2;17;13;12m▀[0m[38;2;21;15;15m▀[0m[38;2;120;62;36m[48;2;13;11;11m▀[0m[38;2;167;67;49m[48;2;143;80;60m▀[0m[38;2;182;114;112m[48;2;218;109;90m▀[0m[38;2;203;98;72m[48;2;199;113;103m▀[0m[38;2;81;31;25m[48;2;187;65;10m▀[0m[38;2;181;138;93m[48;2;163;123;76m▀[0m[38;2;249;213;103m[48;2;248;191;88m▀[0m[38;2;250;203;90m[48;2;234;152;46m▀[0m[38;2;167;104;47m[48;2;87;64;66m▀[0m[38;2;82;73;77m[48;2;80;80;86m▀[0m[38;2;80;82;89m[48;2;79;77;82m▀[0m[38;2;77;79;86m[48;2;53;52;55m▀[0m[38;2;70;70;75m[48;2;72;74;79m▀[0m[38;2;88;72;74m[48;2;105;109;117m▀[0m[38;2;94;58;59m[48;2;100;106;114m▀[0m[38;2;84;75;81m[48;2;90;94;101m▀[0m[38;2;102;105;111m[48;2;107;105;112m▀[0m[38;2;74;75;82m[48;2;139;149;161m▀[0m[38;2;30;30;34m[48;2;37;39;46m▀[0m[38;2;16;13;15m[48;2;17;15;19m▀[0m[38;2;13;11;10m[48;2;13;12;12m▀[0m[38;2;12;9;8m[48;2;12;10;9m▀[0m[38;2;11;8;8m▄[0m
           [38;2;34;20;19m▄[0m[38;2;58;61;65m[48;2;44;32;34m▀[0m[38;2;19;20;21m[48;2;41;25;26m▀[0m[38;2;27;26;27m[48;2;22;21;22m▀[0m[38;2;33;26;27m[48;2;21;18;18m▀[0m[38;2;19;13;13m▀[0m[38;2;55;52;54m[48;2;19;11;11m▀[0m[38;2;160;109;75m[48;2;92;67;53m▀[0m[38;2;246;115;25m[48;2;148;105;31m▀[0m[38;2;214;116;99m[48;2;191;110;56m▀[0m[38;2;199;95;64m[48;2;245;134;94m▀[0m[38;2;216;133;73m[48;2;247;161;79m▀[0m[38;2;244;133;60m[48;2;234;102;51m▀[0m[38;2;161;75;17m[48;2;163;67;11m▀[0m[38;2;101;100;109m[48;2;90;88;96m▀[0m[38;2;81;79;85m[48;2;83;78;82m▀[0m[38;2;110;111;117m[48;2;96;94;100m▀[0m[38;2;76;75;79m[48;2;82;83;87m▀[0m[38;2;90;96;105m[48;2;121;132;146m▀[0m[38;2;113;123;135m[48;2;122;132;146m▀[0m[38;2;116;126;139m[48;2;74;73;79m▀[0m[38;2;88;91;98m[48;2;56;56;60m▀[0m[38;2;95;80;84m[48;2;99;72;71m▀[0m[38;2;105;110;117m[48;2;96;98;104m▀[0m[38;2;87;95;105m[48;2;105;100;107m▀[0m[38;2;19;18;23m[48;2;20;21;26m▀[0m[38;2;14;13;15m[48;2;15;14;17m▀[0m[38;2;13;11;11m[48;2;13;11;12m▀[0m[38;2;12;9;9m[48;2;12;9;9m▀[0m
        [38;2;21;6;4m▄[0m [38;2;34;35;37m[48;2;29;30;33m▀[0m[38;2;37;29;29m[48;2;51;53;56m▀[0m[38;2;48;49;51m[48;2;40;41;43m▀[0m[38;2;21;21;23m[48;2;19;19;19m▀[0m[38;2;17;10;10m[48;2;20;18;19m▀[0m[38;2;12;9;9m[48;2;32;30;32m▀[0m[38;2;26;17;16m[48;2;60;38;31m▀[0m[38;2;56;14;9m[48;2;141;59;29m▀[0m[38;2;39;14;4m[48;2;140;31;8m▀[0m[38;2;23;18;21m[48;2;108;35;8m▀[0m[38;2;75;67;69m[48;2;61;30;26m▀[0m[38;2;240;193;94m[48;2;96;81;78m▀[0m[38;2;246;162;77m[48;2;171;116;77m▀[0m[38;2;233;107;53m[48;2;237;127;65m▀[0m[38;2;214;68;9m[48;2;232;104;61m▀[0m[38;2;91;40;28m[48;2;177;63;10m▀[0m[38;2;60;53;56m[48;2;70;40;42m▀[0m[38;2;65;62;65m[48;2;80;74;78m▀[0m[38;2;85;87;94m[48;2;64;62;67m▀[0m[38;2;96;101;110m[48;2;128;136;149m▀[0m[38;2;107;89;96m[48;2;98;104;113m▀[0m[38;2;39;36;38m[48;2;41;40;43m▀[0m[38;2;50;52;55m[48;2;94;101;110m▀[0m[38;2;95;96;105m[48;2;98;105;116m▀[0m[38;2;106;77;76m[48;2;111;84;83m▀[0m[38;2;114;119;129m[48;2;87;76;80m▀[0m[38;2;23;25;31m[48;2;22;25;31m▀[0m[38;2;15;15;18m[48;2;16;16;19m▀[0m[38;2;13;12;13m[48;2;13;12;14m▀[0m[38;2;11;9;9m[48;2;11;10;10m▀[0m
           [38;2;43;44;48m[48;2;14;14;15m▀[0m[38;2;53;54;55m[48;2;46;46;47m▀[0m[38;2;14;12;12m[48;2;18;13;12m▀[0m[38;2;12;7;8m[48;2;27;13;11m▀[0m[38;2;115;70;47m[48;2;152;76;47m▀[0m[38;2;140;64;47m[48;2;111;33;22m▀[0m[38;2;137;46;27m[48;2;74;37;23m▀[0m[38;2;81;40;30m[48;2;65;60;63m▀[0m[38;2;33;15;15m[48;2;37;25;26m▀[0m[38;2;61;13;7m[48;2;52;37;39m▀[0m[38;2;84;28;15m[48;2;34;14;15m▀[0m[38;2;94;41;23m[48;2;28;11;11m▀[0m[38;2;121;75;59m[48;2;67;33;31m▀[0m[38;2;235;123;68m[48;2;165;107;58m▀[0m[38;2;237;114;74m[48;2;232;114;69m▀[0m[38;2;152;64;15m[48;2;194;78;26m▀[0m[38;2;75;63;67m[48;2;75;46;48m▀[0m[38;2;86;83;88m[48;2;106;102;108m▀[0m[38;2;86;88;95m[48;2;76;74;79m▀[0m[38;2;55;51;56m[48;2;75;71;76m▀[0m[38;2;74;72;77m[48;2;113;90;94m▀[0m[38;2;78;83;91m[48;2;107;109;119m▀[0m[38;2;111;112;123m[48;2;116;101;105m▀[0m[38;2;106;75;76m[48;2;104;98;106m▀[0m[38;2;110;114;123m[48;2;75;79;86m▀[0m[38;2;27;30;36m[48;2;21;24;30m▀[0m[38;2;16;16;19m[48;2;16;16;19m▀[0m[38;2;14;13;14m[48;2;14;13;13m▀[0m[38;2;12;10;10m[48;2;12;10;10m▀[0m
          [38;2;16;3;2m▄[0m[38;2;105;45;15m▄[0m[38;2;15;13;13m[48;2;107;32;7m▀[0m[38;2;59;39;29m[48;2;121;41;14m▀[0m[38;2;142;59;20m[48;2;115;41;21m▀[0m[38;2;118;35;23m[48;2;137;38;10m▀[0m[38;2;96;53;38m[48;2;34;22;20m▀[0m[38;2;51;52;55m[48;2;51;53;56m▀[0m[38;2;56;54;56m[48;2;71;71;76m▀[0m[38;2;51;45;47m[48;2;54;53;56m▀[0m[38;2;49;39;41m[48;2;65;63;67m▀[0m[38;2;34;16;17m[48;2;46;34;36m▀[0m[38;2;35;16;17m[48;2;36;20;21m▀[0m[38;2;43;28;30m[48;2;61;46;50m▀[0m[38;2;130;77;52m[48;2;123;65;50m▀[0m[38;2;238;120;34m[48;2;222;156;70m▀[0m[38;2;209;83;45m[48;2;215;90;34m▀[0m[38;2;122;38;13m[48;2;202;75;43m▀[0m[38;2;69;54;58m[48;2;188;78;28m▀[0m[38;2;80;68;75m[48;2;78;25;22m▀[0m[38;2;92;90;95m[48;2;102;99;107m▀[0m[38;2;75;74;79m[48;2;85;83;88m▀[0m[38;2;112;95;96m[48;2;75;70;75m▀[0m[38;2;89;85;91m[48;2;71;69;73m▀[0m[38;2;115;106;113m[48;2;76;63;67m▀[0m[38;2;79;83;91m[48;2;67;69;75m▀[0m[38;2;20;21;27m[48;2;19;19;24m▀[0m[38;2;15;15;17m[48;2;15;13;15m▀[0m[38;2;13;12;12m[48;2;13;11;11m▀[0m[38;2;12;10;10m[48;2;12;9;9m▀[0m
       [38;2;14;3;2m▄[0m[38;2;56;18;6m▄[0m[38;2;19;2;1m▄[0m[38;2;14;2;1m[48;2;95;32;8m▀[0m[38;2;130;44;12m[48;2;118;35;8m▀[0m[38;2;64;14;6m[48;2;56;12;5m▀[0m[38;2;77;22;8m[48;2;61;10;5m▀[0m[38;2;99;23;8m[48;2;47;14;6m▀[0m[38;2;71;33;22m[48;2;21;21;22m▀[0m[38;2;31;31;33m[48;2;19;19;20m▀[0m[38;2;47;48;51m[48;2;91;92;98m▀[0m[38;2;76;78;83m[48;2;51;36;39m▀[0m[38;2;80;82;87m[48;2;55;36;36m▀[0m[38;2;42;39;40m[48;2;70;26;21m▀[0m[38;2;47;37;39m[48;2;51;21;19m▀[0m[38;2;47;28;29m[48;2;65;19;15m▀[0m[38;2;58;44;47m[48;2;45;10;7m▀[0m[38;2;114;75;71m[48;2;40;19;19m▀[0m[38;2;152;92;61m[48;2;99;53;45m▀[0m[38;2;243;169;73m[48;2;126;74;59m▀[0m[38;2;232;127;57m[48;2;203;142;82m▀[0m[38;2;226;111;70m[48;2;243;127;53m▀[0m[38;2;163;51;7m[48;2;206;81;17m▀[0m[38;2;64;45;48m[48;2;75;35;36m▀[0m[38;2;77;64;67m[48;2;91;82;87m▀[0m[38;2;83;74;77m[48;2;87;75;79m▀[0m[38;2;73;71;75m[48;2;78;77;81m▀[0m[38;2;60;59;64m[48;2;72;72;77m▀[0m[38;2;41;42;49m[48;2;24;24;29m▀[0m[38;2;18;17;21m[48;2;17;14;17m▀[0m[38;2;14;13;14m[48;2;14;12;12m▀[0m[38;2;13;10;10m[48;2;13;10;9m▀[0m[38;2;12;9;8m[48;2;12;8;8m▀[0m
      [38;2;11;5;4m▄[0m[38;2;33;7;4m[48;2;14;2;1m▀[0m[38;2;35;8;3m[48;2;132;37;10m▀[0m[38;2;109;40;12m[48;2;111;24;7m▀[0m[38;2;104;23;6m[48;2;147;43;12m▀[0m[38;2;109;29;9m[48;2;113;24;8m▀[0m[38;2;65;11;5m[48;2;65;12;5m▀[0m[38;2;66;10;4m[48;2;62;9;3m▀[0m[38;2;37;17;8m[48;2;78;33;9m▀[0m [38;2;66;67;70m▄[0m[38;2;22;21;22m[48;2;32;32;33m▀[0m[38;2;18;18;18m[48;2;40;40;42m▀[0m[38;2;28;27;28m[48;2;16;16;17m▀[0m[38;2;23;23;24m[48;2;15;15;15m▀[0m[38;2;26;24;25m[48;2;11;11;12m▀[0m[38;2;58;54;57m[48;2;30;30;32m▀[0m[38;2;73;27;24m[48;2;77;51;51m▀[0m[38;2;41;27;30m[48;2;43;24;24m▀[0m[38;2;43;26;28m[48;2;56;46;49m▀[0m[38;2;147;66;41m[48;2;98;41;29m▀[0m[38;2;108;54;41m[48;2;94;42;36m▀[0m[38;2;244;134;46m[48;2;224;158;74m▀[0m[38;2;247;132;42m[48;2;246;158;71m▀[0m[38;2;213;112;24m[48;2;247;184;67m▀[0m[38;2;92;31;29m[48;2;130;26;9m▀[0m[38;2;76;70;76m[48;2;77;34;32m▀[0m[38;2;88;86;91m[48;2;91;85;90m▀[0m[38;2;43;41;46m[48;2;30;25;30m▀[0m[38;2;21;18;22m[48;2;20;15;17m▀[0m[38;2;17;13;14m[48;2;16;11;12m▀[0m[38;2;14;11;10m[48;2;14;10;10m▀[0m[38;2;13;9;9m[48;2;13;9;8m▀[0m[38;2;12;8;7m[48;2;11;7;6m▀[0m
      [38;2;11;6;7m[48;2;12;4;3m▀[0m[38;2;16;3;2m[48;2;20;3;2m▀[0m[38;2;147;43;11m[48;2;78;22;5m▀[0m[38;2;215;62;13m[48;2;134;45;9m▀[0m[38;2;189;56;9m[48;2;21;7;3m▀[0m[38;2;147;57;13m[48;2;16;4;3m▀[0m[38;2;128;40;10m[48;2;116;36;9m▀[0m[38;2;89;25;6m[48;2;64;15;6m▀[0m[38;2;14;3;1m▀[0m [38;2;39;40;43m▀[0m[38;2;54;56;59m▀[0m[38;2;65;67;71m[48;2;31;31;33m▀[0m[38;2;71;74;78m[48;2;71;71;75m▀[0m[38;2;33;33;35m▄[0m[38;2;29;29;30m[48;2;35;30;32m▀[0m[38;2;16;14;15m[48;2;25;18;18m▀[0m[38;2;32;23;24m▀[0m[38;2;57;38;39m[48;2;62;62;66m▀[0m[38;2;43;38;41m[48;2;108;65;50m▀[0m[38;2;118;59;36m[48;2;120;55;44m▀[0m[38;2;80;35;29m[48;2;86;34;27m▀[0m[38;2;162;122;92m[48;2;81;50;54m▀[0m[38;2;245;182;84m[48;2;223;174;84m▀[0m[38;2;247;188;75m[48;2;245;157;43m▀[0m[38;2;186;79;24m[48;2;133;27;7m▀[0m[38;2;80;34;33m[48;2;76;52;56m▀[0m[38;2;57;47;51m[48;2;38;22;26m▀[0m[38;2;26;17;20m[48;2;24;12;15m▀[0m[38;2;19;12;13m[48;2;19;10;11m▀[0m[38;2;16;10;10m[48;2;15;9;9m▀[0m[38;2;14;9;8m[48;2;14;9;8m▀[0m[38;2;13;8;7m[48;2;12;8;7m▀[0m
      [38;2;15;4;2m[48;2;17;4;1m▀[0m[38;2;33;5;1m[48;2;32;5;2m▀[0m[38;2;116;32;7m[48;2;49;8;2m▀[0m[38;2;127;56;10m[48;2;36;6;2m▀[0m[38;2;13;3;2m▀[0m [38;2;62;14;5m[48;2;38;8;5m▀[0m[38;2;60;14;4m[48;2;40;9;5m▀[0m     [38;2;22;22;22m▀[0m[38;2;45;44;46m[48;2;46;48;52m▀[0m[38;2;47;39;40m[48;2;67;59;61m▀[0m[38;2;12;5;4m[48;2;45;37;38m▀[0m[38;2;85;65;58m▄[0m[38;2;40;26;26m[48;2;90;32;12m▀[0m[38;2;128;68;55m[48;2;97;50;44m▀[0m[38;2;83;39;35m[48;2;83;41;35m▀[0m[38;2;39;16;16m[48;2;38;12;12m▀[0m[38;2;54;25;27m[48;2;101;34;17m▀[0m[38;2;206;162;88m[48;2;230;197;98m▀[0m[38;2;246;187;65m[48;2;236;128;55m▀[0m[38;2;123;30;19m[48;2;130;42;26m▀[0m[38;2;57;22;24m[48;2;63;20;16m▀[0m[38;2;36;15;16m[48;2;38;13;12m▀[0m[38;2;25;11;12m[48;2;25;10;10m▀[0m[38;2;19;9;10m[48;2;19;9;9m▀[0m[38;2;15;9;8m[48;2;15;8;8m▀[0m[38;2;13;8;7m[48;2;12;8;7m▀[0m[38;2;11;7;6m[48;2;11;7;6m▀[0m
      [38;2;11;3;2m▀[0m[38;2;19;4;3m▀[0m[38;2;20;4;3m▀[0m[38;2;15;5;5m▀[0m [38;2;14;5;4m▀[0m[38;2;17;5;4m▀[0m[38;2;23;8;6m[48;2;12;7;7m▀[0m[38;2;38;12;7m[48;2;19;9;8m▀[0m[38;2;12;7;7m[48;2;24;9;8m▀[0m[38;2;14;9;8m[48;2;16;7;6m▀[0m[38;2;14;9;8m▀[0m  [38;2;11;2;2m▄[0m[38;2;52;54;58m[48;2;24;20;21m▀[0m[38;2;46;46;49m[48;2;50;40;41m▀[0m[38;2;65;36;32m[48;2;82;21;8m▀[0m[38;2;102;43;29m[48;2;63;14;9m▀[0m[38;2;88;37;32m[48;2;21;5;3m▀[0m[38;2;59;41;42m[48;2;23;18;19m▀[0m[38;2;45;26;28m[48;2;54;45;50m▀[0m[38;2;120;57;51m[48;2;72;45;51m▀[0m[38;2;200;92;66m[48;2;85;44;48m▀[0m[38;2;145;47;28m[48;2;66;21;18m▀[0m[38;2;98;30;17m[48;2;61;19;12m▀[0m[38;2;62;19;14m[48;2;46;15;11m▀[0m[38;2;36;12;10m[48;2;31;11;9m▀[0m[38;2;24;10;9m[48;2;22;9;8m▀[0m[38;2;19;9;9m[48;2;17;8;8m▀[0m[38;2;15;8;7m[48;2;14;7;7m▀[0m[38;2;11;7;6m[48;2;11;6;5m▀[0m
             [38;2;9;11;14m▀[0m[38;2;9;9;11m▀[0m[38;2;8;10;13m▄[0m[38;2;12;8;8m[48;2;10;12;15m▀[0m[38;2;12;9;9m[48;2;11;13;16m▀[0m[38;2;10;12;15m▄[0m[38;2;14;11;13m▄[0m[38;2;14;14;17m▄[0m[38;2;37;19;19m[48;2;29;29;32m▀[0m[38;2;35;19;19m[48;2;31;37;43m▀[0m[38;2;46;38;40m[48;2;31;36;42m▀[0m[38;2;65;26;23m[48;2;27;34;41m▀[0m[38;2;21;19;23m[48;2;17;18;23m▀[0m[38;2;30;28;32m[48;2;16;14;16m▀[0m[38;2;29;21;25m[48;2;17;11;13m▀[0m[38;2;35;19;22m[48;2;20;10;11m▀[0m[38;2;40;16;17m[48;2;23;9;10m▀[0m[38;2;39;13;11m[48;2;24;9;9m▀[0m[38;2;35;12;9m[48;2;23;9;9m▀[0m[38;2;29;11;9m[48;2;20;8;8m▀[0m[38;2;24;9;8m[48;2;17;8;7m▀[0m[38;2;19;8;8m[48;2;14;7;6m▀[0m[38;2;15;7;7m[48;2;12;7;5m▀[0m[38;2;13;7;6m▀[0m
                  [38;2;10;12;16m[48;2;10;12;15m▀[0m[38;2;15;19;24m[48;2;18;23;28m▀[0m[38;2;21;27;34m[48;2;14;17;22m▀[0m[38;2;34;44;52m[48;2;12;15;18m▀[0m[38;2;23;30;36m[48;2;9;10;12m▀[0m[38;2;13;14;18m▀[0m[38;2;12;13;16m▀[0m[38;2;11;11;13m▀[0m[38;2;12;10;10m▀[0m[38;2;13;8;8m▀[0m[38;2;15;8;7m[48;2;11;6;6m▀[0m[38;2;16;8;7m[48;2;12;7;6m▀[0m[38;2;16;8;7m[48;2;12;7;6m▀[0m[38;2;16;7;7m[48;2;12;7;6m▀[0m[38;2;14;7;7m[48;2;11;6;5m▀[0m[38;2;13;7;6m▀[0m[38;2;11;6;5m▀[0m
                  [38;2;7;8;11m▀[0m[38;2;10;12;15m▀[0m[38;2;8;9;12m▀[0m
