    [38;2;14;17;20m▄[0m[38;2;21;26;30m▄[0m[38;2;29;36;42m▄[0m[38;2;11;16;19m▄[0m
   [38;2;22;20;22m▄[0m[38;2;28;32;36m[48;2;30;29;31m▀[0m[38;2;51;57;63m[48;2;65;64;69m▀[0m[38;2;48;57;64m[48;2;79;83;90m▀[0m[38;2;18;26;31m[48;2;43;46;49m▀[0m[38;2;41;45;50m[48;2;43;45;49m▀[0m[38;2;46;49;54m[48;2;43;45;48m▀[0m[38;2;60;64;69m[48;2;60;54;57m▀[0m[38;2;57;60;65m[48;2;62;56;58m▀[0m[38;2;38;40;44m[48;2;90;72;71m▀[0m[38;2;14;12;14m[48;2;99;104;111m▀[0m[38;2;13;8;8m[48;2;54;53;58m▀[0m[38;2;13;7;6m[48;2;22;11;12m▀[0m[38;2;13;7;6m[48;2;21;8;8m▀[0m[38;2;11;7;6m[48;2;18;8;7m▀[0m[38;2;13;7;6m▄[0m
  [38;2;13;4;2m▄[0m[38;2;19;7;6m[48;2;80;23;4m▀[0m[38;2;19;13;14m[48;2;151;53;14m▀[0m[38;2;27;22;23m[48;2;139;38;9m▀[0m[38;2;77;65;68m[48;2;132;36;19m▀[0m[38;2;53;54;58m[48;2;89;43;28m▀[0m[38;2;67;69;74m[48;2;48;46;49m▀[0m[38;2;69;69;73m[48;2;95;84;88m▀[0m[38;2;69;69;72m[48;2;68;60;63m▀[0m[38;2;78;63;63m[48;2;54;45;47m▀[0m[38;2;75;65;66m[48;2;121;91;76m▀[0m[38;2;58;60;63m[48;2;178;114;89m▀[0m[38;2;94;82;86m[48;2;216;141;114m▀[0m[38;2;88;65;68m[48;2;228;155;109m▀[0m[38;2;57;19;16m[48;2;166;80;46m▀[0m[38;2;33;12;9m[48;2;42;15;13m▀[0m[38;2;16;8;7m[48;2;16;9;8m▀[0m
   [38;2;11;3;2m▀[0m[38;2;17;11;10m▀[0m[38;2;24;20;20m[48;2;12;12;13m▀[0m[38;2;71;43;30m[48;2;14;14;15m▀[0m[38;2;133;60;42m[48;2;15;14;15m▀[0m[38;2;136;55;32m[48;2;42;23;17m▀[0m[38;2;152;78;66m[48;2;178;93;78m▀[0m[38;2;99;67;65m[48;2;168;77;53m▀[0m[38;2;116;81;60m[48;2;210;166;90m▀[0m[38;2;228;140;98m[48;2;185;131;63m▀[0m[38;2;204;138;102m[48;2;80;78;84m▀[0m[38;2;130;95;85m[48;2;68;69;74m▀[0m[38;2;145;102;89m[48;2;96;86;91m▀[0m[38;2;114;101;102m[48;2;96;94;101m▀[0m[38;2;39;31;34m[48;2;70;73;81m▀[0m[38;2;15;10;10m[48;2;15;13;14m▀[0m[38;2;11;8;8m▄[0m
     [38;2;14;11;11m[48;2;38;37;39m▀[0m[38;2;41;35;36m[48;2;32;33;34m▀[0m[38;2;26;23;24m[48;2;20;17;18m▀[0m[38;2;26;19;20m[48;2;72;33;21m▀[0m[38;2;161;99;46m[48;2;78;25;10m▀[0m[38;2;212;114;78m[48;2;116;91;66m▀[0m[38;2;235;133;66m[48;2;221;128;68m▀[0m[38;2;129;83;58m[48;2;179;69;27m▀[0m[38;2;93;91;96m[48;2;69;57;61m▀[0m[38;2;93;97;105m[48;2;94;97;105m▀[0m[38;2;107;114;125m[48;2;72;68;73m▀[0m[38;2;84;75;78m[48;2;84;89;96m▀[0m[38;2;98;101;108m[48;2;104;89;92m▀[0m[38;2;17;17;20m[48;2;19;20;25m▀[0m[38;2;12;10;10m[48;2;12;11;11m▀[0m
     [38;2;16;16;17m[48;2;32;12;5m▀[0m[38;2;33;31;32m[48;2;74;31;16m▀[0m[38;2;76;41;28m[48;2;128;43;18m▀[0m[38;2;116;45;30m[48;2;58;45;43m▀[0m[38;2;53;35;33m[48;2;58;56;59m▀[0m[38;2;58;23;19m[48;2;48;38;40m▀[0m[38;2;78;40;31m[48;2;43;27;29m▀[0m[38;2;218;115;67m[48;2;179;104;52m▀[0m[38;2;123;62;40m[48;2;186;71;34m▀[0m[38;2;89;87;93m[48;2;103;56;47m▀[0m[38;2;78;71;75m[48;2;89;87;93m▀[0m[38;2;103;101;109m[48;2;87;80;84m▀[0m[38;2;99;92;98m[48;2;84;81;87m▀[0m[38;2;20;21;26m[48;2;17;17;21m▀[0m[38;2;13;11;12m[48;2;13;10;10m▀[0m
   [38;2;17;4;3m▄[0m[38;2;22;7;4m[48;2;98;27;8m▀[0m[38;2;88;28;7m[48;2;119;30;9m▀[0m[38;2;64;15;6m[48;2;65;10;4m▀[0m[38;2;60;23;15m[48;2;32;15;6m▀[0m[38;2;47;48;51m[48;2;32;31;33m▀[0m[38;2;66;58;61m[48;2;25;25;26m▀[0m[38;2;53;31;30m[48;2;19;18;19m▀[0m[38;2;54;25;24m[48;2;59;40;41m▀[0m[38;2;101;60;49m[48;2;46;31;33m▀[0m[38;2;201;128;68m[48;2;111;51;37m▀[0m[38;2;209;92;36m[48;2;240;146;58m▀[0m[38;2;77;56;59m[48;2;172;90;33m▀[0m[38;2;81;74;78m[48;2;83;68;72m▀[0m[38;2;49;49;55m[48;2;28;25;29m▀[0m[38;2;16;14;16m[48;2;15;11;11m▀[0m[38;2;13;9;9m[48;2;12;8;7m▀[0m
   [38;2;15;4;3m[48;2;24;5;2m▀[0m[38;2;143;43;9m[48;2;83;26;5m▀[0m[38;2;92;31;7m▀[0m[38;2;99;29;8m[48;2;51;11;5m▀[0m [38;2;26;26;28m▀[0m[38;2;59;61;64m[48;2;11;8;8m▀[0m[38;2;27;26;27m[48;2;51;48;50m▀[0m[38;2;19;14;14m[48;2;36;26;25m▀[0m[38;2;68;51;49m[48;2;89;44;34m▀[0m[38;2;101;46;34m[48;2;60;27;24m▀[0m[38;2;178;133;78m[48;2;149;106;58m▀[0m[38;2;203;113;37m[48;2;185;98;42m▀[0m[38;2;63;39;42m[48;2;49;18;17m▀[0m[38;2;22;13;15m[48;2;22;10;10m▀[0m[38;2;15;9;9m[48;2;14;8;7m▀[0m[38;2;11;8;6m▀[0m
   [38;2;11;4;2m▀[0m[38;2;12;4;3m▀[0m [38;2;16;6;6m▀[0m[38;2;23;9;7m▀[0m[38;2;13;7;7m[48;2;11;11;12m▀[0m [38;2;23;20;22m[48;2;22;18;20m▀[0m[38;2;60;36;33m[48;2;36;32;36m▀[0m[38;2;69;25;18m[48;2;33;24;27m▀[0m[38;2;46;33;35m[48;2;23;19;21m▀[0m[38;2;120;60;54m[48;2;29;13;15m▀[0m[38;2;93;29;19m[48;2;30;11;10m▀[0m[38;2;44;15;11m[48;2;23;9;8m▀[0m[38;2;21;9;9m[48;2;15;7;7m▀[0m[38;2;13;7;6m▀[0m
         [38;2;13;17;21m▀[0m[38;2;20;25;31m▀[0m[38;2;13;15;19m▀[0m[38;2;10;10;11m▀[0m[38;2;11;8;8m▀[0m[38;2;13;7;6m▀[0m[38;2;14;7;6m▀[0m[38;2;12;7;6m▀[0m
