                     [38;2;11;3;2m▄[0m[38;2;12;3;3m▄[0m[38;2;12;3;3m▄[0m[38;2;13;4;2m▄[0m[38;2;14;6;3m▄[0m[38;2;17;7;3m▄[0m[38;2;20;9;5m▄[0m[38;2;24;11;8m▄[0m[38;2;27;15;11m▄[0m[38;2;11;4;3m[48;2;29;17;15m▀[0m[38;2;11;5;2m[48;2;29;18;16m▀[0m[38;2;28;18;16m▄[0m[38;2;25;16;14m▄[0m[38;2;22;14;12m▄[0m[38;2;19;11;9m▄[0m[38;2;15;8;6m▄[0m[38;2;12;6;4m▄[0m
                [38;2;11;4;2m▄[0m[38;2;12;3;2m▄[0m[38;2;11;3;2m[48;2;13;4;3m▀[0m[38;2;12;4;2m[48;2;16;6;3m▀[0m[38;2;13;4;3m[48;2;23;9;3m▀[0m[38;2;14;5;3m[48;2;37;18;11m▀[0m[38;2;18;7;3m[48;2;62;40;35m▀[0m[38;2;24;11;5m[48;2;106;84;79m▀[0m[38;2;34;17;13m[48;2;147;120;114m▀[0m[38;2;48;30;27m[48;2;170;136;125m▀[0m[38;2;66;53;53m[48;2;180;133;119m▀[0m[38;2;91;79;80m[48;2;175;124;108m▀[0m[38;2;111;98;98m[48;2;175;123;105m▀[0m[38;2;123;109;110m[48;2;179;125;107m▀[0m[38;2;134;117;116m[48;2;183;128;107m▀[0m[38;2;142;123;121m[48;2;191;139;114m▀[0m[38;2;142;125;123m[48;2;189;138;115m▀[0m[38;2;138;120;119m[48;2;182;132;110m▀[0m[38;2;125;113;114m[48;2;182;131;112m▀[0m[38;2;109;101;103m[48;2;175;124;108m▀[0m[38;2;87;83;89m[48;2;171;125;111m▀[0m[38;2;59;59;65m[48;2;167;130;118m▀[0m[38;2;36;32;36m[48;2;152;127;123m▀[0m[38;2;21;17;18m[48;2;121;110;112m▀[0m[38;2;14;8;7m[48;2;85;82;88m▀[0m[38;2;40;42;48m▄[0m[38;2;19;16;17m▄[0m[38;2;12;6;5m▄[0m
              [38;2;13;4;2m▄[0m[38;2;12;4;2m[48;2;16;5;2m▀[0m[38;2;13;4;2m[48;2;21;8;3m▀[0m[38;2;17;6;2m[48;2;41;19;10m▀[0m[38;2;25;10;4m[48;2;96;61;46m▀[0m[38;2;46;23;13m[48;2;175;133;111m▀[0m[38;2;94;64;53m[48;2;218;158;120m▀[0m[38;2;157;125;109m[48;2;218;155;111m▀[0m[38;2;202;160;132m[48;2;206;153;110m▀[0m[38;2;213;168;137m[48;2;200;147;105m▀[0m[38;2;208;168;136m[48;2;202;147;99m▀[0m[38;2;205;164;129m[48;2;207;159;111m▀[0m[38;2;201;160;127m[48;2;205;169;127m▀[0m[38;2;204;173;142m[48;2;196;153;115m▀[0m[38;2;198;160;125m[48;2;197;147;104m▀[0m[38;2;193;146;107m[48;2;196;142;96m▀[0m[38;2;192;147;107m[48;2;200;148;101m▀[0m[38;2;194;133;92m[48;2;198;132;84m▀[0m[38;2;193;113;79m[48;2;177;98;63m▀[0m[38;2;180;107;84m[48;2;159;82;59m▀[0m[38;2;170;102;82m[48;2;171;90;62m▀[0m[38;2;139;88;74m[48;2;179;95;67m▀[0m[38;2;157;85;68m[48;2;172;90;65m▀[0m[38;2;163;90;71m[48;2;166;98;75m▀[0m[38;2;170;99;79m[48;2;163;115;96m▀[0m[38;2;160;104;87m[48;2;164;107;84m▀[0m[38;2;145;103;92m[48;2;162;109;85m▀[0m[38;2;140;113;107m[48;2;149;104;84m▀[0m[38;2;105;98;102m[48;2;134;93;79m▀[0m[38;2;58;61;67m[48;2;125;99;92m▀[0m[38;2;20;20;23m[48;2;97;91;94m▀[0m[38;2;11;6;5m[48;2;49;53;60m▀[0m[38;2;16;15;17m▄[0m
            [38;2;11;4;2m[48;2;13;3;3m▀[0m[38;2;13;4;3m[48;2;17;6;3m▀[0m[38;2;16;5;3m[48;2;33;14;7m▀[0m[38;2;29;11;4m[48;2;94;60;45m▀[0m[38;2;66;36;23m[48;2;193;145;118m▀[0m[38;2;154;113;92m[48;2;222;144;105m▀[0m[38;2;219;159;119m[48;2;229;139;87m▀[0m[38;2;229;144;95m[48;2;228;134;80m▀[0m[38;2;225;139;88m[48;2;213;118;72m▀[0m[38;2;205;132;93m[48;2;211;113;69m▀[0m[38;2;189;108;74m[48;2;198;107;67m▀[0m[38;2;180;98;69m[48;2;195;117;74m▀[0m[38;2;189;118;78m[48;2;189;125;78m▀[0m[38;2;193;141;94m[48;2;174;110;69m▀[0m[38;2;186;124;78m[48;2;217;122;60m▀[0m[38;2;219;128;64m[48;2;227;134;65m▀[0m[38;2;216;126;65m[48;2;204;112;58m▀[0m[38;2;175;107;66m[48;2;182;106;62m▀[0m[38;2;172;133;111m[48;2;180;113;71m▀[0m[38;2;199;172;157m[48;2;159;107;75m▀[0m[38;2;196;135;107m[48;2;153;119;99m▀[0m[38;2;186;105;66m[48;2;142;102;76m▀[0m[38;2;184;108;70m[48;2;163;109;71m▀[0m[38;2;185;123;85m[48;2;183;122;77m▀[0m[38;2;185;124;89m[48;2;180;132;87m▀[0m[38;2;175;107;73m[48;2;177;127;86m▀[0m[38;2;170;105;70m[48;2;165;116;78m▀[0m[38;2;165;106;75m[48;2;152;98;64m▀[0m[38;2;146;94;68m[48;2;148;100;68m▀[0m[38;2;132;90;65m[48;2;129;92;65m▀[0m[38;2;137;94;70m[48;2;126;92;68m▀[0m[38;2;129;84;64m[48;2;121;80;58m▀[0m[38;2;121;86;72m[48;2;118;72;52m▀[0m[38;2;105;86;81m[48;2;113;73;56m▀[0m[38;2;75;73;79m[48;2;99;73;64m▀[0m[38;2;26;30;35m[48;2;82;74;76m▀[0m[38;2;38;44;52m▄[0m
           [38;2;12;4;3m[48;2;15;5;3m▀[0m[38;2;16;6;3m[48;2;33;16;9m▀[0m[38;2;35;16;9m[48;2;112;83;72m▀[0m[38;2;109;76;64m[48;2;200;147;125m▀[0m[38;2;201;148;123m[48;2;213;128;93m▀[0m[38;2;216;132;96m[48;2;232;137;85m▀[0m[38;2;228;138;86m[48;2;233;136;79m▀[0m[38;2;233;141;80m[48;2;231;138;74m▀[0m[38;2;233;139;76m[48;2;232;136;69m▀[0m[38;2;221;128;73m[48;2;218;125;69m▀[0m[38;2;214;131;75m[48;2;210;123;71m▀[0m[38;2;211;137;79m[48;2;206;132;77m▀[0m[38;2;200;129;76m[48;2;205;135;78m▀[0m[38;2;184;118;71m[48;2;201;130;73m▀[0m[38;2;185;111;65m[48;2;205;126;68m▀[0m[38;2;216;125;63m[48;2;220;135;67m▀[0m[38;2;220;128;64m[48;2;228;140;66m▀[0m[38;2;212;122;63m[48;2;215;128;63m▀[0m[38;2;202;112;58m[48;2;203;113;57m▀[0m[38;2;189;115;70m[48;2;198;126;78m▀[0m[38;2;168;107;68m[48;2;169;114;77m▀[0m[38;2;153;102;65m[48;2;170;108;64m▀[0m[38;2;151;107;72m[48;2;145;99;64m▀[0m[38;2;151;110;75m[48;2;126;90;62m▀[0m[38;2;141;100;67m[48;2;123;91;64m▀[0m[38;2;145;107;73m[48;2;124;92;66m▀[0m[38;2;157;115;79m[48;2;160;117;77m▀[0m[38;2;156;113;77m[48;2;170;112;67m▀[0m[38;2;155;111;74m[48;2;166;105;62m▀[0m[38;2;152;107;71m[48;2;181;106;56m▀[0m[38;2;141;100;68m[48;2;178;101;51m▀[0m[38;2;136;101;72m[48;2;151;95;56m▀[0m[38;2;129;89;62m[48;2;140;97;63m▀[0m[38;2;119;71;48m[48;2;135;87;55m▀[0m[38;2;119;67;45m[48;2;147;77;45m▀[0m[38;2;115;66;46m[48;2;136;71;44m▀[0m[38;2;98;64;53m[48;2;117;65;43m▀[0m[38;2;76;65;65m[48;2;97;61;49m▀[0m[38;2;42;48;56m[48;2;70;57;54m▀[0m[38;2;11;12;13m[48;2;38;44;53m▀[0m[38;2;11;12;14m▄[0m
         [38;2;11;4;3m▄[0m[38;2;13;5;3m[48;2;21;10;7m▀[0m[38;2;27;13;9m[48;2;78;62;59m▀[0m[38;2;102;79;71m[48;2;186;142;126m▀[0m[38;2;195;145;124m[48;2;193;125;103m▀[0m[38;2;200;122;96m[48;2;201;115;85m▀[0m[38;2;219;124;84m[48;2;200;115;79m▀[0m[38;2;208;118;76m[48;2;189;107;71m▀[0m[38;2;209;120;73m[48;2;235;135;70m▀[0m[38;2;237;142;69m[48;2;242;150;67m▀[0m[38;2;231;132;68m[48;2;228;132;65m▀[0m[38;2;209;111;62m[48;2;196;99;60m▀[0m[38;2;202;107;63m[48;2;203;110;62m▀[0m[38;2;197;107;61m[48;2;223;136;68m▀[0m[38;2;216;144;80m[48;2;224;134;67m▀[0m[38;2;221;149;79m[48;2;227;133;63m▀[0m[38;2;229;159;78m[48;2;236;158;71m▀[0m[38;2;236;164;77m[48;2;241;175;81m▀[0m[38;2;225;125;54m[48;2;231;140;62m▀[0m[38;2;219;118;53m[48;2;226;131;55m▀[0m[38;2;213;118;56m[48;2;220;125;55m▀[0m[38;2;212;131;64m[48;2;199;123;65m▀[0m[38;2;204;128;66m[48;2;201;136;78m▀[0m[38;2;196;126;69m[48;2;192;134;78m▀[0m[38;2;178;122;73m[48;2;186;126;73m▀[0m[38;2;138;94;62m[48;2;167;107;62m▀[0m[38;2;128;91;61m[48;2;110;79;58m▀[0m[38;2;120;86;59m[48;2;94;74;60m▀[0m[38;2;154;97;58m[48;2;110;79;56m▀[0m[38;2;187;103;50m[48;2;199;110;53m▀[0m[38;2;193;103;48m[48;2;194;103;47m▀[0m[38;2;212;115;50m[48;2;174;96;48m▀[0m[38;2;208;116;49m[48;2;176;96;46m▀[0m[38;2;193;109;51m[48;2;185;106;51m▀[0m[38;2;153;90;49m[48;2;171;98;49m▀[0m[38;2;135;83;50m[48;2;149;82;44m▀[0m[38;2;153;83;46m[48;2;148;81;43m▀[0m[38;2;145;73;45m[48;2;162;79;43m▀[0m[38;2;126;69;45m[48;2;127;65;42m▀[0m[38;2;109;61;44m[48;2;116;62;43m▀[0m[38;2;79;55;44m[48;2;73;47;39m▀[0m[38;2;50;42;42m[48;2;57;39;33m▀[0m[38;2;25;34;43m[48;2;26;25;25m▀[0m[38;2;9;9;11m[48;2;15;23;32m▀[0m
        [38;2;12;5;3m▄[0m[38;2;15;6;4m[48;2;28;20;19m▀[0m[38;2;50;39;39m[48;2;129;114;115m▀[0m[38;2;165;133;124m[48;2;168;117;106m▀[0m[38;2;190;123;103m[48;2;201;117;93m▀[0m[38;2;197;113;86m[48;2;164;99;82m▀[0m[38;2;156;93;77m[48;2;160;95;75m▀[0m[38;2;183;104;75m[48;2;150;88;71m▀[0m[38;2;212;121;77m[48;2;174;94;69m▀[0m[38;2;240;138;67m[48;2;239;133;67m▀[0m[38;2;245;170;76m[48;2;237;147;69m▀[0m[38;2;233;143;67m[48;2;232;127;58m▀[0m[38;2;217;122;61m[48;2;231;122;57m▀[0m[38;2;232;133;64m[48;2;201;102;55m▀[0m[38;2;228;127;60m[48;2;196;92;53m▀[0m[38;2;206;99;52m[48;2;212;99;51m▀[0m[38;2;212;102;49m[48;2;236;127;52m▀[0m[38;2;229;123;55m[48;2;217;108;51m▀[0m[38;2;233;133;55m[48;2;223;116;53m▀[0m[38;2;231;133;55m[48;2;226;126;56m▀[0m[38;2;237;166;77m[48;2;220;141;68m▀[0m[38;2;215;144;71m[48;2;212;151;82m▀[0m[38;2;176;115;69m[48;2;184;123;70m▀[0m[38;2;150;100;63m[48;2;152;99;62m▀[0m[38;2;187;121;66m[48;2;180;115;62m▀[0m[38;2;200;129;67m[48;2;189;122;65m▀[0m[38;2;192;114;59m[48;2;189;122;64m▀[0m[38;2;174;106;56m[48;2;214;129;57m▀[0m[38;2;140;92;58m[48;2;224;133;56m▀[0m[38;2;161;100;57m[48;2;224;136;57m▀[0m[38;2;175;99;52m[48;2;155;90;48m▀[0m[38;2;158;90;49m[48;2;126;78;50m▀[0m[38;2;107;76;56m[48;2;135;85;52m▀[0m[38;2;159;93;50m[48;2;145;83;47m▀[0m[38;2;166;90;45m[48;2;186;91;39m▀[0m[38;2;182;101;50m[48;2;190;93;39m▀[0m[38;2;167;90;43m[48;2;182;89;39m▀[0m[38;2;158;81;40m[48;2;179;84;37m▀[0m[38;2;166;78;40m[48;2;165;72;35m▀[0m[38;2;145;67;37m[48;2;112;52;31m▀[0m[38;2;126;60;38m[48;2;95;47;33m▀[0m[38;2;99;54;39m[48;2;114;56;37m▀[0m[38;2;84;51;38m[48;2;85;50;39m▀[0m[38;2;44;31;28m[48;2;66;41;32m▀[0m[38;2;11;12;13m[48;2;25;22;21m▀[0m[38;2;10;15;19m▀[0m
       [38;2;13;5;4m▄[0m[38;2;18;10;9m[48;2;36;32;34m▀[0m[38;2;78;77;82m[48;2;144;129;129m▀[0m[38;2;162;126;120m[48;2;160;111;99m▀[0m[38;2;180;112;93m[48;2;126;87;79m▀[0m[38;2;147;96;81m[48;2;161;96;79m▀[0m[38;2;114;80;73m[48;2;162;92;74m▀[0m[38;2;194;102;75m[48;2;165;91;72m▀[0m[38;2;171;93;71m[48;2;175;94;72m▀[0m[38;2;164;90;70m[48;2;145;81;59m▀[0m[38;2;153;91;60m[48;2;180;87;50m▀[0m[38;2;180;102;61m[48;2;223;104;53m▀[0m[38;2;215;110;60m[48;2;209;94;52m▀[0m[38;2;212;100;52m[48;2;207;92;52m▀[0m[38;2;186;86;52m[48;2;182;87;54m▀[0m[38;2;188;87;52m[48;2;172;87;57m▀[0m[38;2;230;115;51m[48;2;224;112;48m▀[0m[38;2;239;137;54m[48;2;239;131;49m▀[0m[38;2;230;128;53m[48;2;242;165;66m▀[0m[38;2;236;148;64m[48;2;244;180;79m▀[0m[38;2;232;147;63m[48;2;239;171;75m▀[0m[38;2;214;146;74m[48;2;205;127;62m▀[0m[38;2;197;134;74m[48;2;194;121;65m▀[0m[38;2;211;146;79m[48;2;212;137;68m▀[0m[38;2;212;148;79m[48;2;225;147;69m▀[0m[38;2;189;126;69m[48;2;184;96;48m▀[0m[38;2;167;108;62m[48;2;163;83;47m▀[0m[38;2;193;130;70m[48;2;174;102;55m▀[0m[38;2;207;130;62m[48;2;206;121;61m▀[0m[38;2;202;113;51m[48;2;169;83;42m▀[0m[38;2;189;103;47m[48;2;127;59;40m▀[0m[38;2;177;93;47m[48;2;127;56;37m▀[0m[38;2;181;96;47m[48;2;144;67;40m▀[0m[38;2;170;91;47m[48;2;115;64;46m▀[0m[38;2;179;94;43m[48;2;153;95;65m▀[0m[38;2;194;90;36m[48;2;171;84;44m▀[0m[38;2;208;98;38m[48;2;171;78;38m▀[0m[38;2;186;81;34m[48;2;173;76;35m▀[0m[38;2;174;75;34m[48;2;149;64;34m▀[0m[38;2;184;78;32m[48;2;187;79;34m▀[0m[38;2;145;63;32m[48;2;182;76;33m▀[0m[38;2;86;43;30m[48;2;127;56;33m▀[0m[38;2;95;47;33m[48;2;91;44;31m▀[0m[38;2;93;50;35m[48;2;92;47;34m▀[0m[38;2;64;39;31m[48;2;66;39;31m▀[0m[38;2;40;28;26m[48;2;46;29;25m▀[0m[38;2;24;18;16m▄[0m
      [38;2;12;5;4m▄[0m[38;2;19;11;11m[48;2;34;31;33m▀[0m[38;2;90;90;98m[48;2;140;131;134m▀[0m[38;2;151;122;115m[48;2;126;102;97m▀[0m[38;2;131;94;87m[48;2;132;91;83m▀[0m[38;2;173;102;81m[48;2;169;97;77m▀[0m[38;2;208;113;78m[48;2;170;93;73m▀[0m[38;2;162;88;70m[48;2;166;89;70m▀[0m[38;2;155;84;68m[48;2;162;86;63m▀[0m[38;2;140;77;64m[48;2;179;84;58m▀[0m[38;2;194;88;55m[48;2;181;84;55m▀[0m[38;2;208;92;54m[48;2;176;80;53m▀[0m[38;2;200;93;55m[48;2;109;65;57m▀[0m[38;2;152;77;56m[48;2;87;61;56m▀[0m[38;2;126;70;56m[48;2;111;64;54m▀[0m[38;2;113;64;55m[48;2;115;64;51m▀[0m[38;2;187;87;52m[48;2;206;97;51m▀[0m[38;2;229;108;49m[48;2;191;87;48m▀[0m[38;2;237;118;43m[48;2;228;109;46m▀[0m[38;2;242;140;52m[48;2;230;108;44m▀[0m[38;2;240;147;56m[48;2;228;109;44m▀[0m[38;2;239;146;57m[48;2;232;112;44m▀[0m[38;2;226;126;53m[48;2;235;121;48m▀[0m[38;2;222;122;52m[48;2;234;120;45m▀[0m[38;2;227;125;50m[48;2;232;115;42m▀[0m[38;2;208;101;45m[48;2;216;94;38m▀[0m[38;2;143;63;39m[48;2;152;60;38m▀[0m[38;2;204;92;40m[48;2;191;76;38m▀[0m[38;2;203;94;42m[48;2;150;64;36m▀[0m[38;2;130;62;40m[48;2;92;44;35m▀[0m[38;2;109;52;38m[48;2;94;43;34m▀[0m[38;2;102;46;35m[48;2;96;43;34m▀[0m[38;2;115;50;37m[48;2;116;52;37m▀[0m[38;2;112;49;36m[48;2;121;55;38m▀[0m[38;2;104;49;37m[48;2;113;52;36m▀[0m[38;2;96;65;54m[48;2;144;66;40m▀[0m[38;2;146;76;49m[48;2;165;73;39m▀[0m[38;2;112;56;38m[48;2;127;56;36m▀[0m[38;2;141;64;38m[48;2;118;53;34m▀[0m[38;2;152;66;35m[48;2;143;62;35m▀[0m[38;2;152;62;32m[48;2;145;60;33m▀[0m[38;2;166;69;33m[48;2;139;59;35m▀[0m[38;2;143;66;39m[48;2;131;62;39m▀[0m[38;2;93;49;35m[48;2;77;48;38m▀[0m[38;2;89;47;33m[48;2;88;50;35m▀[0m[38;2;80;42;31m[48;2;90;48;33m▀[0m[38;2;48;31;27m[48;2;58;37;28m▀[0m[38;2;74;55;49m[48;2;37;27;25m▀[0m
      [38;2;16;9;7m[48;2;24;17;18m▀[0m[38;2;76;80;87m[48;2;123;121;125m▀[0m[38;2;150;127;124m[48;2;133;111;107m▀[0m[38;2;114;91;87m[48;2;122;91;86m▀[0m[38;2;150;93;81m[48;2;168;101;80m▀[0m[38;2;161;91;76m[48;2;140;85;73m▀[0m[38;2;193;103;72m[48;2;150;83;67m▀[0m[38;2;159;84;65m[48;2;166;89;64m▀[0m[38;2;187;95;59m[48;2;223;125;65m▀[0m[38;2;165;79;57m[48;2;136;72;58m▀[0m[38;2;159;76;56m[48;2;130;71;59m▀[0m[38;2;119;69;58m[48;2;102;64;56m▀[0m[38;2;95;66;59m[48;2;83;58;51m▀[0m[38;2;113;70;58m[48;2;174;79;46m▀[0m[38;2;208;99;52m[48;2;132;69;52m▀[0m[38;2;217;106;49m[48;2;104;60;53m▀[0m[38;2;223;107;48m[48;2;187;87;49m▀[0m[38;2;207;92;46m[48;2;201;88;43m▀[0m[38;2;212;93;45m[48;2;213;91;41m▀[0m[38;2;210;92;44m[48;2;229;101;40m▀[0m[38;2;217;95;45m[48;2;188;79;42m▀[0m[38;2;219;94;40m[48;2;190;79;42m▀[0m[38;2;231;104;38m[48;2;231;104;38m▀[0m[38;2;235;111;38m[48;2;230;101;36m▀[0m[38;2;235;111;39m[48;2;233;104;36m▀[0m[38;2;227;99;34m[48;2;236;106;34m▀[0m[38;2;197;80;35m[48;2;226;94;31m▀[0m[38;2;195;78;36m[48;2;202;80;36m▀[0m[38;2;165;65;37m[48;2;155;62;38m▀[0m[38;2;116;51;37m[48;2;100;48;37m▀[0m[38;2;103;47;38m[48;2;96;47;39m▀[0m[38;2;118;53;37m[48;2;119;54;38m▀[0m[38;2;137;59;39m[48;2;150;61;37m▀[0m[38;2;137;60;38m[48;2;152;64;36m▀[0m[38;2;115;53;37m[48;2;164;69;36m▀[0m[38;2;145;62;37m[48;2;163;64;32m▀[0m[38;2;139;61;37m[48;2;175;69;33m▀[0m[38;2;135;57;36m[48;2;175;69;33m▀[0m[38;2;125;54;34m[48;2;154;63;35m▀[0m[38;2;134;58;37m[48;2;128;58;38m▀[0m[38;2;136;60;37m[48;2;131;62;40m▀[0m[38;2;126;58;36m[48;2;146;72;46m▀[0m[38;2;137;65;43m[48;2;132;73;50m▀[0m[38;2;75;49;39m[48;2;83;53;42m▀[0m[38;2;82;48;35m[48;2;69;43;34m▀[0m[38;2;95;50;34m[48;2;94;52;34m▀[0m[38;2;82;45;30m[48;2;80;46;32m▀[0m[38;2;36;26;23m[48;2;62;42;35m▀[0m[38;2;27;18;16m▄[0m
     [38;2;12;5;4m[48;2;16;8;7m▀[0m[38;2;41;41;46m[48;2;75;81;88m▀[0m[38;2;160;141;139m[48;2;181;147;140m▀[0m[38;2;134;105;100m[48;2;139;101;93m▀[0m[38;2;137;94;84m[48;2;125;89;83m▀[0m[38;2;128;84;74m[48;2;124;83;75m▀[0m[38;2;138;83;72m[48;2;151;87;72m▀[0m[38;2;200;105;72m[48;2;203;104;71m▀[0m[38;2;198;105;69m[48;2;148;80;65m▀[0m[38;2;155;83;60m[48;2;137;72;60m▀[0m[38;2;170;93;61m[48;2;119;67;58m▀[0m[38;2;152;80;59m[48;2;129;71;57m▀[0m[38;2;166;85;58m[48;2;160;75;55m▀[0m[38;2;167;80;54m[48;2;166;74;51m▀[0m[38;2;185;84;52m[48;2;174;84;57m▀[0m[38;2;116;63;53m[48;2;175;80;53m▀[0m[38;2;153;71;50m[48;2;169;75;50m▀[0m[38;2;201;89;48m[48;2;163;72;48m▀[0m[38;2;220;96;41m[48;2;190;79;45m▀[0m[38;2;214;90;42m[48;2;218;95;40m▀[0m[38;2;209;87;41m[48;2;198;86;43m▀[0m[38;2;173;72;43m[48;2;140;67;47m▀[0m[38;2;182;74;42m[48;2;136;65;48m▀[0m[38;2;209;87;40m[48;2;173;71;42m▀[0m[38;2;203;84;39m[48;2;160;67;41m▀[0m[38;2;203;84;37m[48;2;156;62;38m▀[0m[38;2;208;84;34m[48;2;142;60;40m▀[0m[38;2;221;91;33m[48;2;141;61;40m▀[0m[38;2;177;71;34m[48;2;141;58;37m▀[0m[38;2;173;68;37m[48;2;120;53;38m▀[0m[38;2;138;57;35m[48;2;122;53;37m▀[0m[38;2;148;59;36m[48;2;125;54;38m▀[0m[38;2;124;55;37m[48;2;86;51;43m▀[0m[38;2;146;61;39m[48;2;103;57;44m▀[0m[38;2;174;73;37m[48;2;161;69;37m▀[0m[38;2;206;86;34m[48;2;203;81;29m▀[0m[38;2;214;91;30m[48;2;231;104;27m▀[0m[38;2;199;79;30m[48;2;196;81;33m▀[0m[38;2;165;67;32m[48;2;140;61;36m▀[0m[38;2;128;57;37m[48;2;125;57;38m▀[0m[38;2;130;59;39m[48;2;129;59;39m▀[0m[38;2;161;82;50m[48;2;145;76;50m▀[0m[38;2;122;83;63m[48;2;172;107;68m▀[0m[38;2;108;65;48m[48;2;76;49;39m▀[0m[38;2;85;51;39m[48;2;90;53;39m▀[0m[38;2;95;58;44m[48;2;45;29;23m▀[0m[38;2;92;51;34m[48;2;71;43;32m▀[0m[38;2;77;42;28m[48;2;76;41;27m▀[0m[38;2;59;33;24m[48;2;59;33;25m▀[0m[38;2;19;11;10m[48;2;31;17;14m▀[0m[38;2;17;11;9m[48;2;25;15;11m▀[0m
     [38;2;19;12;12m[48;2;24;19;19m▀[0m[38;2;108;110;116m[48;2;125;123;129m▀[0m[38;2;171;140;134m[48;2;167;142;137m▀[0m[38;2;141;106;96m[48;2;142;101;89m▀[0m[38;2;110;86;84m[48;2;123;106;104m▀[0m[38;2;121;81;73m[48;2;136;108;103m▀[0m[38;2;136;83;72m[48;2;135;87;76m▀[0m[38;2;161;90;71m[48;2;150;88;73m▀[0m[38;2;133;76;64m[48;2;179;100;71m▀[0m[38;2;129;71;60m[48;2;137;76;63m▀[0m[38;2;138;74;60m[48;2;160;87;66m▀[0m[38;2;129;67;56m[48;2;161;88;70m▀[0m[38;2;161;75;53m[48;2;184;86;55m▀[0m[38;2;163;73;51m[48;2;175;78;51m▀[0m[38;2;176;82;55m[48;2;200;90;49m▀[0m[38;2;168;75;49m[48;2;154;72;49m▀[0m[38;2;168;77;49m[48;2;154;71;49m▀[0m[38;2;174;77;47m[48;2;172;77;47m▀[0m[38;2;207;99;43m[48;2;226;122;54m▀[0m[38;2;238;123;44m[48;2;190;106;62m▀[0m[38;2;226;103;40m[48;2;142;90;65m▀[0m[38;2;185;76;40m[48;2;134;81;62m▀[0m[38;2;175;73;43m[48;2;166;81;51m▀[0m[38;2;188;77;43m[48;2;169;77;50m▀[0m[38;2;166;67;40m[48;2;159;71;47m▀[0m[38;2;137;58;40m[48;2;130;58;40m▀[0m[38;2;155;63;39m[48;2;158;65;40m▀[0m[38;2;160;64;38m[48;2;166;66;37m▀[0m[38;2;148;61;39m[48;2;147;60;38m▀[0m[38;2;139;57;36m[48;2;171;68;39m▀[0m[38;2;146;59;36m[48;2;190;74;36m▀[0m[38;2;168;67;34m[48;2;170;68;35m▀[0m[38;2;141;61;36m[48;2;169;70;36m▀[0m[38;2;125;58;39m[48;2;204;83;32m▀[0m[38;2;196;80;32m[48;2;213;88;30m▀[0m[38;2;216;90;29m[48;2;219;91;30m▀[0m[38;2;228;99;28m[48;2;201;80;30m▀[0m[38;2;185;73;32m[48;2;166;67;34m▀[0m[38;2;132;59;39m[48;2;121;57;40m▀[0m[38;2;125;60;41m[48;2;129;61;41m▀[0m[38;2;140;64;42m[48;2;164;80;49m▀[0m[38;2;162;78;48m[48;2;99;52;37m▀[0m[38;2;157;85;52m[48;2;143;78;53m▀[0m[38;2;102;62;39m[48;2;90;51;28m▀[0m[38;2;71;43;34m[48;2;47;30;24m▀[0m[38;2;132;78;54m[48;2;73;48;38m▀[0m[38;2;53;36;29m[48;2;57;36;29m▀[0m[38;2;70;40;29m[48;2;61;36;25m▀[0m[38;2;56;29;21m[48;2;47;24;17m▀[0m[38;2;26;12;9m[48;2;68;30;16m▀[0m
    [38;2;11;5;3m[48;2;12;6;4m▀[0m[38;2;31;28;30m[48;2;39;38;42m▀[0m[38;2;145;133;136m[48;2;158;136;134m▀[0m[38;2;161;127;119m[48;2;146;104;95m▀[0m[38;2;114;84;79m[48;2;199;112;82m▀[0m[38;2;104;92;91m[48;2;89;74;74m▀[0m[38;2;87;79;76m[48;2;69;57;55m▀[0m[38;2;113;75;67m[48;2;97;74;70m▀[0m[38;2;134;79;69m[48;2;124;79;71m▀[0m[38;2;160;83;65m[48;2;137;77;65m▀[0m[38;2;168;85;62m[48;2;167;81;61m▀[0m[38;2;152;75;59m[48;2;174;81;56m▀[0m[38;2;173;82;57m[48;2;198;87;54m▀[0m[38;2;181;90;65m[48;2;203;87;49m▀[0m[38;2;179;80;54m[48;2;169;75;51m▀[0m[38;2;156;80;60m[48;2;134;70;55m▀[0m[38;2;157;74;54m[48;2;104;59;49m▀[0m[38;2;144;66;47m[48;2;168;74;50m▀[0m[38;2;151;72;50m[48;2;124;81;70m▀[0m[38;2;154;95;78m[48;2;127;63;46m▀[0m[38;2;144;112;93m[48;2;104;62;48m▀[0m[38;2;115;88;72m[48;2;59;45;38m▀[0m[38;2;128;86;68m[48;2;143;84;55m▀[0m[38;2;117;76;61m[48;2;195;107;52m▀[0m[38;2;114;69;54m[48;2;176;97;56m▀[0m[38;2;143;70;48m[48;2;180;94;54m▀[0m[38;2;151;69;46m[48;2;182;89;53m▀[0m[38;2;125;57;42m[48;2;199;115;59m▀[0m[38;2;139;61;40m[48;2;218;142;75m▀[0m[38;2;146;76;54m[48;2;105;68;46m▀[0m[38;2;157;69;43m[48;2;171;80;46m▀[0m[38;2;157;67;41m[48;2;157;69;44m▀[0m[38;2;131;60;42m[48;2;136;61;41m▀[0m[38;2;112;53;40m[48;2;133;60;41m▀[0m[38;2;129;58;38m[48;2;117;54;39m▀[0m[38;2;144;61;36m[48;2;127;59;42m▀[0m[38;2;152;61;35m[48;2;120;58;40m▀[0m[38;2;159;67;37m[48;2;126;56;38m▀[0m[38;2;144;65;41m[48;2;146;63;40m▀[0m[38;2;140;61;40m[48;2;145;64;41m▀[0m[38;2;161;74;44m[48;2;184;89;51m▀[0m[38;2;171;86;52m[48;2;152;86;50m▀[0m[38;2;135;74;49m[48;2;96;57;33m▀[0m[38;2;198;103;51m[48;2;172;96;61m▀[0m[38;2;235;144;60m[48;2;185;112;63m▀[0m[38;2;45;32;23m[48;2;33;28;25m▀[0m[38;2;70;46;38m[48;2;39;27;23m▀[0m[38;2;66;43;35m[48;2;68;43;34m▀[0m[38;2;54;34;27m[48;2;58;35;27m▀[0m[38;2;42;21;14m[48;2;19;11;9m▀[0m[38;2;56;28;18m▀[0m
    [38;2;14;7;5m[48;2;15;7;6m▀[0m[38;2;47;47;54m[48;2;51;52;59m▀[0m[38;2;170;138;134m[48;2;175;138;132m▀[0m[38;2;150;101;90m[48;2;167;106;89m▀[0m[38;2;219;118;85m[48;2;134;99;93m▀[0m[38;2;104;78;73m[48;2;97;85;84m▀[0m[38;2;86;74;74m[48;2;79;71;71m▀[0m[38;2;86;71;71m[48;2;85;72;73m▀[0m[38;2;104;74;70m[48;2;91;72;70m▀[0m[38;2;116;72;65m[48;2;107;73;68m▀[0m[38;2;155;77;60m[48;2;130;72;61m▀[0m[38;2;190;84;55m[48;2;178;80;56m▀[0m[38;2;201;86;52m[48;2;178;77;53m▀[0m[38;2;205;89;50m[48;2;186;79;51m▀[0m[38;2;164;74;51m[48;2;163;72;50m▀[0m[38;2;170;74;49m[48;2;169;73;49m▀[0m[38;2;137;79;66m[48;2;133;64;49m▀[0m[38;2;145;72;57m[48;2;125;65;51m▀[0m[38;2;56;50;47m[48;2;91;56;50m▀[0m[38;2;96;56;47m[48;2;82;57;51m▀[0m[38;2;112;62;50m[48;2;143;75;53m▀[0m[38;2;107;67;53m[48;2;91;57;47m▀[0m[38;2;105;78;66m[48;2;91;84;79m▀[0m[38;2;213;110;43m[48;2;139;115;91m▀[0m[38;2;237;143;60m[48;2;97;80;56m▀[0m[38;2;241;177;89m[48;2;209;170;113m▀[0m[38;2;185;136;76m[48;2;165;126;73m▀[0m[38;2;242;187;90m[48;2;137;104;63m▀[0m[38;2;137;112;69m[48;2;39;28;22m▀[0m[38;2;76;48;35m[48;2;23;17;16m▀[0m[38;2;157;78;46m[48;2;110;86;78m▀[0m[38;2;164;76;45m[48;2;142;91;72m▀[0m[38;2;143;66;43m[48;2;160;79;42m▀[0m[38;2;130;60;42m[48;2;169;78;42m▀[0m[38;2;123;56;40m[48;2;147;66;42m▀[0m[38;2;113;54;40m[48;2;143;67;42m▀[0m[38;2;125;58;41m[48;2;147;67;42m▀[0m[38;2;142;60;39m[48;2;151;66;43m▀[0m[38;2;149;64;41m[48;2;169;76;43m▀[0m[38;2;179;82;42m[48;2;213;115;51m▀[0m[38;2;230;145;63m[48;2;231;173;94m▀[0m[38;2;171;97;50m[48;2;33;25;22m▀[0m[38;2;91;53;33m[48;2;66;40;32m▀[0m[38;2;117;71;49m[48;2;103;61;43m▀[0m[38;2;68;42;31m[48;2;35;27;26m▀[0m [38;2;18;14;11m▀[0m[38;2;54;38;32m[48;2;24;19;17m▀[0m[38;2;47;30;24m[48;2;41;31;26m▀[0m[38;2;28;18;15m[48;2;24;19;17m▀[0m[38;2;60;34;23m[48;2;28;18;13m▀[0m
    [38;2;15;7;6m[48;2;15;7;5m▀[0m[38;2;51;51;58m[48;2;48;46;52m▀[0m[38;2;173;140;133m[48;2;156;137;134m▀[0m[38;2;209;121;89m[48;2;220;126;89m▀[0m[38;2;96;80;79m[48;2;126;87;76m▀[0m[38;2;116;92;87m[48;2;81;68;68m▀[0m[38;2;92;75;71m[48;2;124;83;75m▀[0m[38;2;86;72;70m[48;2;123;80;65m▀[0m[38;2;87;70;68m[48;2;108;92;91m▀[0m[38;2;101;71;67m[48;2;112;93;88m▀[0m[38;2;115;69;62m[48;2;114;80;72m▀[0m[38;2;141;70;57m[48;2;136;73;62m▀[0m[38;2;151;69;53m[48;2;137;81;68m▀[0m[38;2;163;73;51m[48;2;139;69;54m▀[0m[38;2;144;64;48m[48;2;130;66;52m▀[0m[38;2;142;64;49m[48;2;126;63;51m▀[0m[38;2;120;62;51m[48;2;114;58;48m▀[0m[38;2;93;53;45m[48;2;104;54;46m▀[0m[38;2;113;59;49m[48;2;105;57;48m▀[0m[38;2;107;71;63m[48;2;108;58;46m▀[0m[38;2;123;64;46m[48;2;102;54;41m▀[0m[38;2;128;68;54m[48;2;128;66;48m▀[0m[38;2;91;72;68m[48;2;118;75;62m▀[0m[38;2;68;60;58m[48;2;74;55;51m▀[0m[38;2;91;81;79m[48;2;130;76;57m▀[0m[38;2;83;76;73m[48;2;87;77;76m▀[0m[38;2;9;10;11m[48;2;53;32;24m▀[0m[38;2;121;74;53m[48;2;118;68;47m▀[0m[38;2;45;24;17m[48;2;72;41;28m▀[0m[38;2;71;46;36m[48;2;151;73;40m▀[0m[38;2;116;72;58m[48;2;160;78;47m▀[0m[38;2;96;63;52m[48;2;103;63;50m▀[0m[38;2;112;78;64m[48;2;91;61;51m▀[0m[38;2;145;75;40m[48;2;136;86;68m▀[0m[38;2;210;107;44m[48;2;181;102;61m▀[0m[38;2;189;93;42m[48;2;234;137;47m▀[0m[38;2;191;91;43m[48;2;171;96;49m▀[0m[38;2;214;112;45m[48;2;191;149;123m▀[0m[38;2;192;104;52m[48;2;59;43;36m▀[0m[38;2;170;98;50m[48;2;96;54;43m▀[0m[38;2;170;130;106m[48;2;98;86;83m▀[0m [38;2;75;40;27m[48;2;79;46;33m▀[0m[38;2;109;63;43m[48;2;98;70;52m▀[0m[38;2;36;31;30m[48;2;26;24;23m▀[0m[38;2;36;30;28m[48;2;39;33;31m▀[0m[38;2;45;34;29m[48;2;63;42;35m▀[0m[38;2;41;32;29m[48;2;38;30;26m▀[0m[38;2;37;31;28m[48;2;35;29;27m▀[0m[38;2;21;17;14m[48;2;20;16;14m▀[0m
    [38;2;13;6;4m[48;2;11;5;3m▀[0m[38;2;42;38;42m[48;2;34;28;31m▀[0m[38;2;157;137;136m[48;2;142;131;132m▀[0m[38;2;191;114;90m[48;2;164;107;92m▀[0m[38;2;214;113;77m[48;2;219;112;74m▀[0m[38;2;130;79;70m[48;2;188;94;66m▀[0m[38;2;180;93;65m[48;2;212;103;65m▀[0m[38;2;176;99;66m[48;2;204;106;68m▀[0m[38;2;78;61;61m[48;2;98;68;62m▀[0m[38;2;105;94;91m[48;2;77;63;63m▀[0m[38;2;107;96;94m[48;2;62;57;58m▀[0m[38;2;79;70;68m[48;2;75;54;50m▀[0m[38;2;83;58;50m[48;2;73;57;54m▀[0m[38;2;103;63;52m[48;2;77;58;53m▀[0m[38;2;103;62;55m[48;2;129;81;57m▀[0m[38;2;102;61;52m[48;2;153;98;62m▀[0m[38;2;98;56;47m[48;2;109;66;48m▀[0m[38;2;102;55;46m[48;2;102;61;46m▀[0m[38;2;109;58;46m[48;2;124;78;52m▀[0m[38;2;98;52;40m[48;2;127;81;54m▀[0m[38;2;96;50;39m[48;2;94;58;45m▀[0m[38;2;125;58;41m[48;2;99;51;39m▀[0m[38;2;143;69;44m[48;2;169;75;42m▀[0m[38;2;114;62;46m[48;2;158;71;43m▀[0m[38;2;132;73;52m[48;2;132;63;43m▀[0m[38;2;62;41;34m[48;2;115;57;42m▀[0m[38;2;131;70;48m[48;2;76;47;40m▀[0m[38;2;55;37;33m[48;2;62;42;39m▀[0m[38;2;73;63;62m[48;2;58;42;39m▀[0m[38;2;86;74;70m[48;2;53;39;36m▀[0m[38;2;90;51;35m[48;2;66;39;30m▀[0m[38;2;126;75;57m[48;2;97;55;41m▀[0m[38;2;121;78;63m[48;2;118;72;56m▀[0m[38;2;103;76;66m[48;2;151;114;98m▀[0m[38;2;125;122;122m[48;2;84;81;82m▀[0m[38;2;120;97;84m[48;2;112;112;115m▀[0m[38;2;98;92;86m[48;2;46;49;53m▀[0m[38;2;80;68;64m[48;2;26;27;28m▀[0m[38;2;22;17;15m▀[0m[38;2;93;50;38m[48;2;90;47;35m▀[0m[38;2;93;66;56m[48;2;83;46;36m▀[0m[38;2;33;31;31m[48;2;49;38;33m▀[0m[38;2;95;62;48m[48;2;86;50;35m▀[0m[38;2;21;22;22m[48;2;19;18;18m▀[0m[38;2;24;22;21m[48;2;39;30;27m▀[0m[38;2;45;33;29m[48;2;43;31;28m▀[0m[38;2;62;41;33m[48;2;38;30;27m▀[0m[38;2;41;31;28m[48;2;34;28;26m▀[0m[38;2;30;25;24m[48;2;11;10;9m▀[0m[38;2;11;9;9m▀[0m
     [38;2;27;19;20m[48;2;20;12;12m▀[0m[38;2;124;120;126m[48;2;102;102;110m▀[0m[38;2;145;109;102m[48;2;118;107;108m▀[0m[38;2;197;105;79m[48;2;126;90;85m▀[0m[38;2;224;111;68m[48;2;165;92;70m▀[0m[38;2;232;113;64m[48;2;225;113;68m▀[0m[38;2;221;112;64m[48;2;233;118;66m▀[0m[38;2;109;69;60m[48;2;198;104;65m▀[0m[38;2;77;62;62m[48;2;170;88;60m▀[0m[38;2;92;65;61m[48;2;156;76;57m▀[0m[38;2;84;59;57m[48;2;120;65;54m▀[0m[38;2;92;66;63m[48;2;116;63;52m▀[0m[38;2;110;71;56m[48;2;107;63;52m▀[0m[38;2;162;97;61m[48;2;157;90;57m▀[0m[38;2;189;127;74m[48;2;201;139;83m▀[0m[38;2;163;105;61m[48;2;190;129;75m▀[0m[38;2;161;105;62m[48;2;188;125;73m▀[0m[38;2;186;126;73m[48;2;173;115;66m▀[0m[38;2;166;103;58m[48;2;147;90;54m▀[0m[38;2;138;81;49m[48;2;155;86;48m▀[0m[38;2;98;51;39m[48;2;136;72;45m▀[0m[38;2;113;56;41m[48;2;97;50;39m▀[0m[38;2;110;56;40m[48;2;107;51;38m▀[0m[38;2;133;58;39m[48;2;142;61;36m▀[0m[38;2;130;58;39m[48;2;144;60;36m▀[0m[38;2;69;44;39m[48;2;126;55;37m▀[0m[38;2;79;47;40m[48;2;129;56;38m▀[0m[38;2;132;62;42m[48;2;138;61;41m▀[0m[38;2;139;71;48m[48;2;130;62;44m▀[0m[38;2;126;69;49m[48;2;130;76;49m▀[0m[38;2;122;66;48m[48;2;97;57;43m▀[0m[38;2;138;86;67m[48;2;103;59;47m▀[0m[38;2;139;84;58m[48;2;107;67;52m▀[0m[38;2;96;87;85m[48;2;108;82;72m▀[0m[38;2;61;61;63m[48;2;26;28;29m▀[0m[38;2;46;51;54m[48;2;14;15;15m▀[0m[38;2;25;25;25m[48;2;27;22;21m▀[0m[38;2;29;19;16m▄[0m[38;2;84;43;32m[48;2;96;49;36m▀[0m[38;2;93;46;33m[48;2;95;44;30m▀[0m[38;2;74;45;37m[48;2;74;43;34m▀[0m[38;2;55;35;28m[48;2;91;54;40m▀[0m[38;2;47;35;33m[48;2;54;41;35m▀[0m[38;2;59;39;31m[48;2;57;39;33m▀[0m[38;2;47;35;29m[48;2;51;37;31m▀[0m[38;2;28;26;25m[48;2;31;26;24m▀[0m[38;2;17;16;15m[48;2;12;11;11m▀[0m
     [38;2;15;8;7m[48;2;12;6;4m▀[0m[38;2;70;72;81m[48;2;39;38;43m▀[0m[38;2;124;115;116m[48;2;134;125;128m▀[0m[38;2;95;90;93m[48;2;120;96;92m▀[0m[38;2;93;73;71m[48;2;90;78;79m▀[0m[38;2;201;102;67m[48;2;146;86;70m▀[0m[38;2;217;112;66m[48;2;227;115;65m▀[0m[38;2;99;68;60m[48;2;188;101;63m▀[0m[38;2;155;81;59m[48;2;150;84;63m▀[0m[38;2;126;64;53m[48;2;187;91;56m▀[0m[38;2;170;78;53m[48;2;206;100;59m▀[0m[38;2;177;77;51m[48;2;178;90;60m▀[0m[38;2;146;70;49m[48;2;202;97;61m▀[0m[38;2;157;83;56m[48;2;193;98;61m▀[0m[38;2;166;106;66m[48;2;130;69;50m▀[0m[38;2;158;103;63m[48;2;87;52;42m▀[0m[38;2;130;75;48m[48;2;108;58;41m▀[0m[38;2;142;82;50m[48;2;159;88;53m▀[0m[38;2;95;53;38m[48;2;159;87;52m▀[0m[38;2;136;75;46m[48;2;185;106;58m▀[0m[38;2;177;95;49m[48;2;188;103;50m▀[0m[38;2;126;61;41m[48;2;172;87;48m▀[0m[38;2;88;45;37m[48;2;132;57;37m▀[0m[38;2;75;41;36m[48;2;131;54;34m▀[0m[38;2;138;58;36m[48;2;134;53;34m▀[0m[38;2;140;61;37m[48;2;177;67;31m▀[0m[38;2;148;61;36m[48;2;132;55;35m▀[0m[38;2;147;61;37m[48;2;129;54;36m▀[0m[38;2;130;58;41m[48;2;135;59;39m▀[0m[38;2;102;54;42m[48;2;107;54;42m▀[0m[38;2;112;59;46m[48;2;83;53;46m▀[0m[38;2;103;60;48m[48;2;79;54;49m▀[0m[38;2;111;73;60m[48;2;57;48;46m▀[0m[38;2;48;38;35m[48;2;42;41;42m▀[0m[38;2;36;34;34m[48;2;40;39;41m▀[0m[38;2;38;35;36m[48;2;61;48;45m▀[0m[38;2;45;40;40m[48;2;57;47;45m▀[0m[38;2;54;44;40m[48;2;56;46;44m▀[0m[38;2;86;49;38m[48;2;93;58;46m▀[0m[38;2;102;46;30m[48;2;95;47;33m▀[0m[38;2;87;41;29m[48;2;95;44;29m▀[0m[38;2;114;59;40m[48;2;113;54;36m▀[0m[38;2;59;39;30m[48;2;75;43;30m▀[0m[38;2;44;36;32m[48;2;33;25;23m▀[0m[38;2;63;43;35m[48;2;62;41;32m▀[0m[38;2;40;28;23m[48;2;46;29;24m▀[0m
      [38;2;23;18;18m[48;2;15;9;7m▀[0m[38;2;113;111;119m[48;2;74;77;85m▀[0m[38;2;147;103;94m[48;2;139;113;108m▀[0m[38;2;134;100;94m[48;2;147;104;97m▀[0m[38;2;107;78;73m[48;2;121;100;98m▀[0m[38;2;137;78;64m[48;2;86;65;63m▀[0m[38;2;212;109;69m[48;2;133;78;63m▀[0m[38;2;176;95;64m[48;2;161;88;66m▀[0m[38;2;213;105;62m[48;2;183;108;76m▀[0m[38;2;214;104;59m[48;2;154;79;58m▀[0m[38;2;132;67;52m[48;2;140;72;56m▀[0m[38;2;171;96;68m[48;2;114;60;50m▀[0m[38;2;217;124;84m[48;2;176;103;75m▀[0m[38;2;178;89;59m[48;2;223;147;103m▀[0m[38;2;117;57;45m[48;2;169;104;78m▀[0m[38;2;151;72;48m[48;2;152;83;62m▀[0m[38;2;157;78;50m[48;2;129;64;49m▀[0m[38;2;160;84;51m[48;2;109;57;44m▀[0m[38;2;185;105;57m[48;2;100;52;41m▀[0m[38;2;146;75;46m[48;2;112;56;40m▀[0m[38;2;166;84;47m[48;2;141;65;41m▀[0m[38;2;155;66;37m[48;2;117;56;40m▀[0m[38;2;168;67;34m[48;2;142;62;39m▀[0m[38;2;205;79;30m[48;2;194;77;33m▀[0m[38;2;213;83;27m[48;2;209;80;28m▀[0m[38;2;146;58;33m[48;2;161;62;32m▀[0m[38;2;109;48;35m[48;2;129;55;36m▀[0m[38;2;115;53;38m[48;2;132;54;36m▀[0m[38;2;95;50;41m[48;2;118;52;38m▀[0m[38;2;68;47;43m[48;2;69;44;41m▀[0m[38;2;46;45;48m[48;2;40;44;49m▀[0m[38;2;44;47;51m[48;2;40;44;46m▀[0m[38;2;38;41;43m[48;2;47;43;44m▀[0m[38;2;38;40;43m[48;2;48;43;44m▀[0m[38;2;52;48;47m[48;2;52;49;50m▀[0m[38;2;50;47;46m[48;2;46;46;47m▀[0m[38;2;48;45;45m[48;2;50;47;47m▀[0m[38;2;60;42;37m[48;2;41;42;43m▀[0m[38;2;64;42;36m[48;2;53;42;40m▀[0m[38;2;95;47;33m[48;2;62;40;35m▀[0m[38;2;83;42;31m[48;2;48;33;29m▀[0m[38;2;74;43;30m[48;2;34;29;27m▀[0m[38;2;23;17;16m[48;2;22;19;18m▀[0m[38;2;55;35;27m[48;2;25;18;16m▀[0m[38;2;36;23;18m▀[0m[38;2;12;11;10m▄[0m
       [38;2;32;29;33m[48;2;16;10;10m▀[0m[38;2;132;122;124m[48;2;83;85;93m▀[0m[38;2;131;96;90m[48;2;133;110;105m▀[0m[38;2;133;94;87m[48;2;119;90;85m▀[0m[38;2;125;81;72m[48;2;140;126;124m▀[0m[38;2;97;65;61m[48;2;147;104;94m▀[0m[38;2;134;73;60m[48;2;127;71;61m▀[0m[38;2;160;81;61m[48;2;124;67;57m▀[0m[38;2;138;70;54m[48;2;117;61;51m▀[0m[38;2;101;55;48m[48;2;107;57;49m▀[0m[38;2;123;63;50m[48;2;139;75;61m▀[0m[38;2;142;78;61m[48;2;115;108;103m▀[0m[38;2;210;127;92m[48;2;81;63;59m▀[0m[38;2;181;112;84m[48;2;93;61;55m▀[0m[38;2;139;82;64m[48;2;106;65;56m▀[0m[38;2;107;65;54m[48;2;105;61;53m▀[0m[38;2;98;60;52m[48;2;120;67;53m▀[0m[38;2;98;54;45m[48;2;110;60;50m▀[0m[38;2;90;50;42m[48;2;102;57;48m▀[0m[38;2;113;55;42m[48;2;105;59;47m▀[0m[38;2;94;50;40m[48;2;89;50;44m▀[0m[38;2;112;51;38m[48;2;91;53;44m▀[0m[38;2;149;61;37m[48;2;126;57;39m▀[0m[38;2;161;66;36m[48;2;136;56;37m▀[0m[38;2;156;60;33m[48;2;151;60;35m▀[0m[38;2;156;62;34m[48;2;141;57;34m▀[0m[38;2;161;65;35m[48;2;134;60;42m▀[0m[38;2;136;58;37m[48;2;94;48;36m▀[0m[38;2;85;46;39m[48;2;96;47;37m▀[0m[38;2;35;36;39m[48;2;39;37;39m▀[0m[38;2;59;44;42m[48;2;65;44;40m▀[0m[38;2;71;47;42m[48;2;69;47;42m▀[0m[38;2;59;47;44m[48;2;63;47;43m▀[0m[38;2;46;45;46m[48;2;66;50;47m▀[0m[38;2;55;47;46m[48;2;64;49;44m▀[0m[38;2;65;49;45m[48;2;52;44;41m▀[0m[38;2;41;39;39m[48;2;34;34;34m▀[0m[38;2;42;37;36m[48;2;66;51;43m▀[0m[38;2;32;30;30m[48;2;40;33;29m▀[0m[38;2;21;20;20m[48;2;36;26;22m▀[0m[38;2;25;23;23m[48;2;45;33;28m▀[0m[38;2;17;16;16m[48;2;22;19;16m▀[0m[38;2;28;21;17m[48;2;20;15;12m▀[0m
        [38;2;31;31;35m[48;2;14;9;9m▀[0m[38;2;124;119;123m[48;2;66;71;80m▀[0m[38;2;115;93;91m[48;2;123;107;106m▀[0m[38;2;89;77;77m[48;2;115;98;97m▀[0m[38;2;145;141;142m[48;2;94;88;90m▀[0m[38;2;117;85;79m[48;2;99;94;95m▀[0m[38;2;91;64;60m[48;2;88;71;69m▀[0m[38;2;100;59;53m[48;2;87;62;59m▀[0m[38;2;98;57;51m[48;2;84;56;53m▀[0m[38;2;126;75;59m[48;2;65;54;54m▀[0m[38;2;80;59;51m[48;2;60;52;50m▀[0m[38;2;71;60;58m[48;2;91;67;58m▀[0m[38;2;72;63;60m[48;2;88;67;58m▀[0m[38;2;82;64;60m[48;2;54;49;47m▀[0m[38;2;82;59;52m[48;2;53;48;48m▀[0m[38;2;80;58;53m[48;2;106;79;60m▀[0m[38;2;86;60;52m[48;2;124;87;63m▀[0m[38;2;82;54;48m[48;2;75;57;49m▀[0m[38;2;111;66;53m[48;2;70;52;47m▀[0m[38;2;82;54;47m[48;2;55;44;41m▀[0m[38;2;60;45;42m[48;2;57;44;43m▀[0m[38;2;112;59;46m[48;2;88;59;49m▀[0m[38;2;103;52;42m[48;2;104;57;45m▀[0m[38;2;157;99;84m[48;2;146;108;96m▀[0m[38;2;130;75;59m[48;2;74;65;64m▀[0m[38;2;120;52;35m[48;2;104;50;38m▀[0m[38;2;115;50;34m[48;2;114;50;36m▀[0m[38;2;90;46;38m[48;2;110;50;34m▀[0m[38;2;55;39;37m[48;2;92;44;35m▀[0m[38;2;59;44;41m[48;2;72;42;35m▀[0m[38;2;60;46;43m[48;2;79;49;41m▀[0m[38;2;56;44;42m[48;2;75;49;41m▀[0m[38;2;74;52;46m[48;2;75;51;42m▀[0m[38;2;63;47;44m[48;2;43;36;34m▀[0m[38;2;41;36;35m[48;2;29;29;30m▀[0m[38;2;102;68;49m[48;2;33;31;30m▀[0m[38;2;121;79;49m[48;2;23;21;20m▀[0m[38;2;40;27;24m▀[0m[38;2;47;32;24m▀[0m[38;2;24;20;17m▀[0m
         [38;2;21;19;20m▀[0m[38;2;96;99;109m[48;2;33;36;41m▀[0m[38;2;124;101;99m[48;2;104;106;114m▀[0m[38;2;94;79;80m[48;2;109;89;88m▀[0m[38;2;79;79;83m[48;2;96;75;73m▀[0m[38;2;68;63;65m[48;2;80;69;71m▀[0m[38;2;80;61;59m[48;2;71;59;59m▀[0m[38;2;90;61;56m[48;2;78;60;58m▀[0m[38;2;57;51;52m[48;2;69;55;54m▀[0m[38;2;39;45;49m[48;2;42;46;51m▀[0m[38;2;42;46;50m[48;2;35;44;49m▀[0m[38;2;78;64;56m[48;2;52;52;52m▀[0m[38;2;94;72;60m[48;2;75;61;55m▀[0m[38;2;52;47;46m[48;2;124;87;64m▀[0m[38;2;135;103;74m[48;2;146;105;74m▀[0m[38;2;126;92;67m[48;2;133;98;71m▀[0m[38;2;107;76;57m[48;2;97;70;56m▀[0m[38;2;104;74;57m[48;2;96;72;59m▀[0m[38;2;100;70;55m[48;2;90;68;55m▀[0m[38;2;86;61;51m[48;2;67;51;44m▀[0m[38;2;80;53;44m[48;2;90;61;50m▀[0m[38;2;97;59;48m[48;2;88;56;45m▀[0m[38;2;104;57;44m[48;2;83;49;42m▀[0m[38;2;86;56;48m[48;2;71;44;38m▀[0m[38;2;65;44;40m[48;2;76;46;40m▀[0m[38;2;102;48;37m[48;2;80;44;37m▀[0m[38;2;124;51;32m[48;2;111;50;35m▀[0m[38;2;129;51;30m[48;2;113;47;31m▀[0m[38;2;106;46;31m[48;2;85;41;32m▀[0m[38;2;56;35;32m[48;2;49;32;29m▀[0m[38;2;36;29;29m[48;2;49;34;32m▀[0m[38;2;31;27;27m[48;2;53;34;30m▀[0m[38;2;40;34;31m[48;2;53;33;29m▀[0m[38;2;38;29;28m[48;2;42;30;26m▀[0m[38;2;35;28;26m[48;2;32;25;22m▀[0m[38;2;29;25;24m[48;2;22;19;17m▀[0m
          [38;2;11;8;7m▀[0m[38;2;44;50;60m[48;2;13;10;9m▀[0m[38;2;96;102;111m[48;2;49;59;69m▀[0m[38;2;99;86;86m[48;2;85;96;105m▀[0m[38;2;97;74;73m[48;2;79;75;78m▀[0m[38;2;88;67;65m[48;2;86;71;71m▀[0m[38;2;98;72;67m[48;2;83;65;65m▀[0m[38;2;70;53;50m[48;2;78;60;57m▀[0m[38;2;57;51;53m[48;2;75;58;55m▀[0m[38;2;33;43;49m[48;2;67;57;57m▀[0m[38;2;36;45;50m[48;2;47;49;52m▀[0m[38;2;81;68;59m[48;2;38;45;50m▀[0m[38;2;117;84;64m[48;2;115;88;69m▀[0m[38;2;118;85;66m[48;2;117;79;61m▀[0m[38;2;76;61;53m[48;2;86;62;52m▀[0m[38;2;74;59;51m[48;2;64;52;47m▀[0m[38;2;74;59;51m[48;2;48;43;41m▀[0m[38;2;64;52;49m[48;2;33;35;37m▀[0m[38;2;68;53;48m[48;2;43;40;40m▀[0m[38;2;69;50;43m[48;2;65;48;42m▀[0m[38;2;70;48;41m[48;2;62;43;39m▀[0m[38;2;79;50;41m[48;2;74;49;42m▀[0m[38;2;71;46;40m[48;2;59;40;36m▀[0m[38;2;69;44;39m[48;2;55;40;37m▀[0m[38;2;75;51;47m[48;2;61;48;45m▀[0m[38;2;67;42;37m[48;2;74;59;56m▀[0m[38;2;71;40;35m[48;2;55;42;40m▀[0m[38;2;63;38;33m[48;2;56;38;34m▀[0m[38;2;58;37;33m[48;2;61;38;33m▀[0m[38;2;60;35;31m[48;2;64;37;30m▀[0m[38;2;48;29;24m[48;2;45;28;23m▀[0m[38;2;55;32;26m[48;2;47;27;22m▀[0m[38;2;41;28;25m[48;2;30;18;15m▀[0m[38;2;26;19;17m▀[0m
            [38;2;13;11;11m▀[0m[38;2;46;59;70m[48;2;12;10;10m▀[0m[38;2;79;94;105m[48;2;40;50;61m▀[0m[38;2;75;74;80m[48;2;74;89;101m▀[0m[38;2;78;71;72m[48;2;62;69;76m▀[0m[38;2;78;63;63m[48;2;73;67;70m▀[0m[38;2;70;56;56m[48;2;87;71;69m▀[0m[38;2;69;57;55m[48;2;76;61;59m▀[0m[38;2;96;79;69m[48;2;90;73;66m▀[0m[38;2;110;89;73m[48;2;133;104;83m▀[0m[38;2;106;82;66m[48;2;108;82;66m▀[0m[38;2;95;70;57m[48;2;71;57;51m▀[0m[38;2;71;53;46m[48;2;39;38;39m▀[0m[38;2;68;51;45m[48;2;66;49;46m▀[0m[38;2;60;47;43m[48;2;42;40;41m▀[0m[38;2;33;37;40m[48;2;31;35;38m▀[0m[38;2;26;33;37m[48;2;103;75;57m▀[0m[38;2;42;38;39m[48;2;134;102;75m▀[0m[38;2;67;50;42m[48;2;51;37;33m▀[0m[38;2;85;56;47m[48;2;39;32;33m▀[0m[38;2;41;34;33m[48;2;31;31;32m▀[0m[38;2;37;35;36m[48;2;35;35;37m▀[0m[38;2;46;40;40m[48;2;41;39;40m▀[0m[38;2;58;54;54m[48;2;40;39;39m▀[0m[38;2;31;28;27m[48;2;41;39;38m▀[0m[38;2;62;50;48m[48;2;28;27;26m▀[0m[38;2;37;29;26m[48;2;20;19;19m▀[0m[38;2;40;26;22m▀[0m[38;2;35;22;19m[48;2;13;10;9m▀[0m[38;2;26;16;14m▀[0m [38;2;14;11;10m▀[0m
               [38;2;28;37;45m▀[0m[38;2;67;85;98m[48;2;17;20;24m▀[0m[38;2;63;72;81m[48;2;51;66;79m▀[0m[38;2;71;70;74m[48;2;67;82;94m▀[0m[38;2;79;73;76m[48;2;51;65;75m▀[0m[38;2;78;67;66m[48;2;44;57;65m▀[0m[38;2;79;65;63m[48;2;56;58;62m▀[0m[38;2;50;46;47m[48;2;46;49;53m▀[0m[38;2;53;47;47m[48;2;33;40;46m▀[0m[38;2;29;33;37m[48;2;48;45;46m▀[0m[38;2;44;41;42m[48;2;71;61;58m▀[0m[38;2;45;42;44m[48;2;49;47;48m▀[0m[38;2;47;44;44m[48;2;43;47;51m▀[0m[38;2;27;32;35m[48;2;37;46;52m▀[0m[38;2;24;29;33m[48;2;34;44;50m▀[0m[38;2;21;24;27m[48;2;40;41;44m▀[0m[38;2;25;29;31m[48;2;41;39;39m▀[0m[38;2;24;28;31m[48;2;30;31;34m▀[0m[38;2;30;36;41m[48;2;33;34;37m▀[0m[38;2;27;32;36m[48;2;31;33;36m▀[0m[38;2;25;28;31m[48;2;33;35;38m▀[0m[38;2;28;29;31m[48;2;26;28;31m▀[0m[38;2;21;21;22m[48;2;19;20;21m▀[0m[38;2;13;14;15m▀[0m
                  [38;2;26;36;44m▀[0m[38;2;52;70;84m[48;2;10;12;14m▀[0m[38;2;54;73;86m[48;2;26;38;47m▀[0m[38;2;38;59;70m[48;2;43;64;78m▀[0m[38;2;25;46;58m[48;2;43;67;81m▀[0m[38;2;32;49;59m[48;2;35;59;71m▀[0m[38;2;40;52;60m[48;2;33;55;67m▀[0m[38;2;64;59;60m[48;2;36;52;61m▀[0m[38;2;76;66;64m[48;2;41;45;51m▀[0m[38;2;57;54;57m[48;2;35;38;42m▀[0m[38;2;37;42;47m[48;2;37;39;43m▀[0m[38;2;30;36;42m[48;2;31;33;37m▀[0m[38;2;36;41;43m[48;2;26;30;35m▀[0m[38;2;29;35;39m[48;2;21;25;29m▀[0m[38;2;31;33;35m[48;2;20;22;25m▀[0m[38;2;32;30;30m[48;2;18;18;19m▀[0m[38;2;23;24;26m▀[0m[38;2;15;16;18m▀[0m
                     [38;2;8;9;11m▀[0m[38;2;17;25;33m▀[0m[38;2;27;44;57m▀[0m[38;2;30;52;67m[48;2;6;8;11m▀[0m[38;2;26;47;60m[48;2;10;18;24m▀[0m[38;2;22;34;43m[48;2;13;26;36m▀[0m[38;2;19;24;31m[48;2;12;28;39m▀[0m[38;2;13;16;20m[48;2;10;24;34m▀[0m[38;2;11;12;17m[48;2;8;18;27m▀[0m[38;2;8;10;13m[48;2;7;14;22m▀[0m[38;2;6;11;18m▄[0m[38;2;6;10;15m▄[0m[38;2;7;9;14m▄[0m[38;2;7;9;12m▄[0m[38;2;7;8;11m▄[0m
