             [38;2;11;3;2m▄[0m[38;2;12;4;2m▄[0m[38;2;15;6;3m▄[0m[38;2;21;9;6m▄[0m[38;2;28;16;13m▄[0m[38;2;35;25;24m▄[0m[38;2;39;31;32m▄[0m[38;2;38;31;32m▄[0m[38;2;31;25;26m▄[0m[38;2;22;16;16m▄[0m[38;2;15;8;7m▄[0m
         [38;2;12;4;2m▄[0m[38;2;17;6;2m▄[0m[38;2;13;4;3m[48;2;41;20;11m▀[0m[38;2;17;6;3m[48;2;113;81;66m▀[0m[38;2;30;15;9m[48;2;183;138;111m▀[0m[38;2;66;47;42m[48;2;210;164;128m▀[0m[38;2;113;88;82m[48;2;206;161;122m▀[0m[38;2;141;109;100m[48;2;204;166;129m▀[0m[38;2;158;122;112m[48;2;200;165;130m▀[0m[38;2;171;130;117m[48;2;194;147;106m▀[0m[38;2;183;139;121m[48;2;199;145;101m▀[0m[38;2;184;141;124m[48;2;182;104;73m▀[0m[38;2;174;135;121m[48;2;168;97;76m▀[0m[38;2;157;124;116m[48;2;157;88;69m▀[0m[38;2;131;110;107m[48;2;162;93;73m▀[0m[38;2;93;82;84m[48;2;164;102;82m▀[0m[38;2;49;46;50m[48;2;149;107;93m▀[0m[38;2;17;13;13m[48;2;118;98;95m▀[0m[38;2;64;62;65m▄[0m[38;2;18;17;18m▄[0m
       [38;2;13;4;2m▄[0m[38;2;13;4;2m[48;2;28;13;7m▀[0m[38;2;24;9;4m[48;2;123;86;70m▀[0m[38;2;89;57;43m[48;2;215;142;106m▀[0m[38;2;194;138;103m[48;2;230;139;83m▀[0m[38;2;226;144;95m[48;2;224;128;74m▀[0m[38;2;206;131;91m[48;2;212;123;72m▀[0m[38;2;185;107;74m[48;2;200;124;74m▀[0m[38;2;195;133;88m[48;2;180;116;71m▀[0m[38;2;193;133;86m[48;2;211;121;62m▀[0m[38;2;213;128;69m[48;2;214;123;63m▀[0m[38;2;183;117;74m[48;2;193;110;61m▀[0m[38;2;185;146;125m[48;2;172;106;65m▀[0m[38;2;187;124;96m[48;2;141;97;66m▀[0m[38;2;182;106;69m[48;2;154;107;71m▀[0m[38;2;185;120;84m[48;2;162;113;73m▀[0m[38;2;174;110;77m[48;2;166;121;81m▀[0m[38;2;166;110;81m[48;2;154;108;72m▀[0m[38;2;144;96;70m[48;2;145;102;70m▀[0m[38;2;136;93;70m[48;2;129;95;69m▀[0m[38;2;124;86;70m[48;2;121;76;53m▀[0m[38;2;96;83;80m[48;2;114;69;49m▀[0m[38;2;39;40;44m[48;2;96;69;61m▀[0m[38;2;47;49;54m▄[0m
      [38;2;11;4;2m[48;2;18;8;6m▀[0m[38;2;26;12;8m[48;2;110;85;79m▀[0m[38;2;130;96;83m[48;2;194;130;107m▀[0m[38;2;211;134;102m[48;2;205;117;82m▀[0m[38;2;230;135;83m[48;2;201;114;72m▀[0m[38;2;230;136;73m[48;2;240;146;69m▀[0m[38;2;225;130;70m[48;2;213;115;62m▀[0m[38;2;210;124;71m[48;2;202;109;61m▀[0m[38;2;206;133;77m[48;2;219;134;69m▀[0m[38;2;204;131;73m[48;2;229;147;70m▀[0m[38;2;220;138;69m[48;2;238;168;77m▀[0m[38;2;222;131;62m[48;2;225;128;55m▀[0m[38;2;205;115;57m[48;2;217;124;57m▀[0m[38;2;184;123;80m[48;2;200;130;70m▀[0m[38;2;168;108;65m[48;2;195;134;77m▀[0m[38;2;133;94;64m[48;2;161;107;63m▀[0m[38;2;127;92;64m[48;2;104;78;59m▀[0m[38;2;159;111;70m[48;2;137;89;56m▀[0m[38;2;170;107;61m[48;2;200;105;48m▀[0m[38;2;185;106;53m[48;2;190;103;47m▀[0m[38;2;160;99;57m[48;2;188;107;51m▀[0m[38;2;136;91;58m[48;2;155;88;47m▀[0m[38;2;144;76;45m[48;2;152;82;45m▀[0m[38;2;122;67;44m[48;2;137;70;44m▀[0m[38;2;90;59;50m[48;2;102;59;43m▀[0m[38;2;42;43;48m[48;2;54;40;36m▀[0m[38;2;19;24;29m▄[0m
     [38;2;12;5;3m[48;2;30;24;25m▀[0m[38;2;71;59;58m[48;2;150;120;116m▀[0m[38;2;183;127;110m[48;2;169;105;88m▀[0m[38;2;188;108;85m[48;2;135;87;75m▀[0m[38;2;158;94;74m[48;2;179;96;72m▀[0m[38;2;209;118;71m[48;2;168;94;66m▀[0m[38;2;245;159;72m[48;2;191;106;59m▀[0m[38;2;228;129;61m[48;2;213;105;56m▀[0m[38;2;226;124;60m[48;2;187;88;53m▀[0m[38;2;212;104;54m[48;2;207;101;51m▀[0m[38;2;223;112;51m[48;2;236;134;54m▀[0m[38;2;226;124;54m[48;2;232;141;61m▀[0m[38;2;229;139;62m[48;2;223;145;69m▀[0m[38;2;208;142;74m[48;2;202;138;76m▀[0m[38;2;158;105;65m[48;2;203;140;75m▀[0m[38;2;187;120;64m[48;2;180;118;65m▀[0m[38;2;191;117;60m[48;2;188;124;68m▀[0m[38;2;179;110;56m[48;2;207;122;56m▀[0m[38;2;185;112;56m[48;2;191;104;49m▀[0m[38;2;147;86;50m[48;2;166;89;46m▀[0m[38;2;125;82;54m[48;2;165;91;48m▀[0m[38;2;172;91;44m[48;2;189;91;39m▀[0m[38;2;178;95;44m[48;2;195;89;35m▀[0m[38;2;165;82;39m[48;2;177;77;34m▀[0m[38;2;144;66;36m[48;2;157;68;32m▀[0m[38;2;115;56;37m[48;2;88;44;31m▀[0m[38;2;86;51;38m[48;2;95;51;36m▀[0m[38;2;32;24;23m[48;2;52;34;28m▀[0m[38;2;7;10;13m▀[0m
    [38;2;13;6;5m[48;2;29;25;26m▀[0m[38;2;95;88;91m[48;2;137;121;120m▀[0m[38;2;146;105;96m[48;2;132;92;84m▀[0m[38;2;170;100;79m[48;2;177;98;76m▀[0m[38;2;165;91;73m[48;2;162;88;68m▀[0m[38;2;157;85;69m[48;2;173;85;60m▀[0m[38;2;182;88;56m[48;2;182;83;54m▀[0m[38;2;214;99;54m[48;2;120;68;56m▀[0m[38;2;176;83;54m[48;2;113;68;56m▀[0m[38;2;155;78;54m[48;2;150;79;51m▀[0m[38;2;217;104;50m[48;2;204;94;49m▀[0m[38;2;239;134;50m[48;2;225;106;45m▀[0m[38;2;242;164;66m[48;2;227;108;45m▀[0m[38;2;228;144;62m[48;2;232;114;45m▀[0m[38;2;210;124;59m[48;2;234;118;45m▀[0m[38;2;219;127;57m[48;2;222;101;39m▀[0m[38;2;173;82;42m[48;2;165;66;38m▀[0m[38;2;192;99;48m[48;2;164;68;37m▀[0m[38;2;158;81;45m[48;2;96;44;35m▀[0m[38;2;113;51;37m[48;2;102;46;35m▀[0m[38;2;122;55;37m[48;2;124;56;38m▀[0m[38;2;110;64;49m[48;2;121;56;38m▀[0m[38;2;149;80;50m[48;2;152;68;39m▀[0m[38;2;147;67;37m[48;2;124;55;35m▀[0m[38;2;152;65;34m[48;2;141;61;35m▀[0m[38;2;176;73;33m[48;2;139;59;34m▀[0m[38;2;122;56;34m[48;2;106;54;37m▀[0m[38;2;90;46;33m[48;2;90;52;37m▀[0m[38;2;60;35;28m[48;2;78;43;31m▀[0m[38;2;38;29;26m[48;2;33;26;23m▀[0m
   [38;2;15;9;8m▄[0m[38;2;76;74;78m[48;2;130;117;118m▀[0m[38;2;128;106;103m[48;2;130;99;94m▀[0m[38;2;152;95;80m[48;2;135;86;76m▀[0m[38;2;161;90;72m[48;2;173;95;72m▀[0m[38;2;176;95;65m[48;2;179;93;65m▀[0m[38;2;165;87;58m[48;2;145;80;59m▀[0m[38;2;127;71;58m[48;2;152;80;59m▀[0m[38;2;91;61;53m[48;2;168;78;53m▀[0m[38;2;162;79;51m[48;2;157;75;53m▀[0m[38;2;153;79;51m[48;2;161;74;50m▀[0m[38;2;207;94;46m[48;2;208;90;44m▀[0m[38;2;216;94;42m[48;2;212;90;41m▀[0m[38;2;202;87;43m[48;2;170;74;45m▀[0m[38;2;217;94;39m[48;2;178;76;43m▀[0m[38;2;231;105;37m[48;2;184;77;40m▀[0m[38;2;235;106;35m[48;2;185;75;37m▀[0m[38;2;215;88;33m[48;2;188;77;35m▀[0m[38;2;160;64;37m[48;2;152;62;37m▀[0m[38;2;100;48;38m[48;2;135;56;36m▀[0m[38;2;124;55;38m[48;2;113;55;40m▀[0m[38;2;147;61;37m[48;2;152;66;38m▀[0m[38;2;146;61;35m[48;2;209;87;30m▀[0m[38;2;164;66;34m[48;2;204;85;31m▀[0m[38;2;152;62;34m[48;2;140;60;35m▀[0m[38;2;132;58;37m[48;2;135;64;42m▀[0m[38;2;135;64;41m[48;2;142;86;59m▀[0m[38;2;115;64;45m[48;2;91;56;43m▀[0m[38;2;77;48;37m[48;2;81;50;38m▀[0m[38;2;89;49;33m[48;2;83;46;31m▀[0m[38;2;46;30;24m[48;2;52;30;22m▀[0m[38;2;12;9;7m[48;2;23;14;11m▀[0m
   [38;2;24;21;23m[48;2;43;43;46m▀[0m[38;2;159;141;139m[48;2;161;137;132m▀[0m[38;2;126;96;90m[48;2;117;89;85m▀[0m[38;2;122;83;76m[48;2;117;101;96m▀[0m[38;2;161;91;73m[48;2;135;83;72m▀[0m[38;2;138;77;64m[48;2;169;92;68m▀[0m[38;2;134;73;60m[48;2;151;79;62m▀[0m[38;2;144;72;56m[48;2;174;89;65m▀[0m[38;2;164;74;51m[48;2;179;81;54m▀[0m[38;2;175;82;54m[48;2;166;77;51m▀[0m[38;2;170;76;49m[48;2;143;67;48m▀[0m[38;2;193;90;45m[48;2;179;96;62m▀[0m[38;2;232;112;42m[48;2;144;100;77m▀[0m[38;2;178;78;44m[48;2;127;84;66m▀[0m[38;2;176;74;43m[48;2;141;76;55m▀[0m[38;2;165;67;40m[48;2;149;70;48m▀[0m[38;2;146;60;39m[48;2;135;59;41m▀[0m[38;2;149;61;39m[48;2;149;62;39m▀[0m[38;2;138;57;36m[48;2;162;69;42m▀[0m[38;2;153;62;35m[48;2;164;67;38m▀[0m[38;2;135;61;37m[48;2;143;62;38m▀[0m[38;2;175;74;35m[48;2;174;72;33m▀[0m[38;2;220;93;29m[48;2;184;75;32m▀[0m[38;2;190;78;31m[48;2;158;66;37m▀[0m[38;2;124;58;40m[48;2;135;61;41m▀[0m[38;2;141;66;42m[48;2;146;74;45m▀[0m[38;2;160;85;53m[48;2;156;82;49m▀[0m[38;2;87;53;36m[48;2;109;65;31m▀[0m[38;2;93;56;40m[48;2;68;46;37m▀[0m[38;2;62;38;28m[48;2;59;37;28m▀[0m[38;2;51;27;20m[48;2;46;23;16m▀[0m[38;2;14;7;5m[48;2;40;18;10m▀[0m
  [38;2;11;5;3m▄[0m[38;2;65;62;66m[48;2;77;72;76m▀[0m[38;2;152;112;105m[48;2;165;112;100m▀[0m[38;2;158;97;77m[48;2;144;99;88m▀[0m[38;2;82;69;67m[48;2;80;71;72m▀[0m[38;2;109;76;71m[48;2;88;71;70m▀[0m[38;2;139;77;65m[48;2;112;73;67m▀[0m[38;2;173;81;58m[48;2;170;79;57m▀[0m[38;2;201;88;52m[48;2;189;81;52m▀[0m[38;2;175;79;52m[48;2;172;76;50m▀[0m[38;2;125;73;60m[48;2;150;68;49m▀[0m[38;2;158;73;52m[48;2;118;64;52m▀[0m[38;2;115;66;54m[48;2;79;55;49m▀[0m[38;2;99;64;51m[48;2;117;64;48m▀[0m[38;2;134;83;57m[48;2;94;75;67m▀[0m[38;2;186;104;52m[48;2;162;109;64m▀[0m[38;2;192;111;61m[48;2;207;163;99m▀[0m[38;2;193;117;65m[48;2;169;123;64m▀[0m[38;2;162;111;64m[48;2;54;42;31m▀[0m[38;2;155;73;44m[48;2;110;72;56m▀[0m[38;2;143;64;42m[48;2;155;81;53m▀[0m[38;2;127;58;41m[48;2;154;70;42m▀[0m[38;2;120;56;40m[48;2;134;62;41m▀[0m[38;2;124;58;39m[48;2;143;64;42m▀[0m[38;2;145;63;40m[48;2;157;70;42m▀[0m[38;2;170;79;45m[48;2;224;141;64m▀[0m[38;2;177;98;54m[48;2;91;61;40m▀[0m[38;2;125;72;46m[48;2;90;54;39m▀[0m[38;2;122;79;49m[48;2;30;21;18m▀[0m[38;2;36;24;21m▀[0m[38;2;59;37;30m[48;2;42;30;26m▀[0m[38;2;25;15;12m[48;2;25;17;15m▀[0m[38;2;27;17;12m▄[0m
  [38;2;11;5;3m▀[0m[38;2;77;72;76m[48;2;66;62;66m▀[0m[38;2;194;124;100m[48;2;180;120;102m▀[0m[38;2;99;81;80m[48;2;171;97;74m▀[0m[38;2;110;80;74m[48;2;159;89;67m▀[0m[38;2;96;78;76m[48;2;121;79;64m▀[0m[38;2;103;75;70m[48;2;110;97;95m▀[0m[38;2;127;70;60m[48;2;89;69;64m▀[0m[38;2;147;69;53m[48;2;102;67;58m▀[0m[38;2;144;66;50m[48;2;109;65;54m▀[0m[38;2;129;62;50m[48;2;105;60;50m▀[0m[38;2;97;54;46m[48;2;106;57;47m▀[0m[38;2;109;64;54m[48;2;104;55;42m▀[0m[38;2;117;61;48m[48;2;104;52;39m▀[0m[38;2;110;76;66m[48;2;136;66;45m▀[0m[38;2;81;65;60m[48;2;123;67;49m▀[0m[38;2;73;65;64m[48;2;84;51;42m▀[0m[38;2;83;50;35m[48;2;90;54;42m▀[0m[38;2;65;36;24m[48;2;79;61;54m▀[0m[38;2;125;72;54m[48;2;106;60;41m▀[0m[38;2;102;68;56m[48;2;108;67;53m▀[0m[38;2;148;81;48m[48;2;127;103;94m▀[0m[38;2;207;108;43m[48;2;132;99;78m▀[0m[38;2;182;100;55m[48;2;109;83;64m▀[0m[38;2;161;95;56m[48;2;54;45;43m▀[0m[38;2;159;112;85m[48;2;93;53;42m▀[0m[38;2;30;28;26m▄[0m[38;2;111;65;43m[48;2;79;55;46m▀[0m[38;2;34;30;28m[48;2;30;25;23m▀[0m[38;2;48;35;31m[48;2;58;39;33m▀[0m[38;2;37;30;28m[48;2;33;27;25m▀[0m[38;2;19;15;13m[48;2;11;9;9m▀[0m
   [38;2;45;42;46m[48;2;25;20;21m▀[0m[38;2;156;119;112m[48;2;123;116;119m▀[0m[38;2;211;107;73m[48;2;128;87;80m▀[0m[38;2;220;107;65m[48;2;217;110;68m▀[0m[38;2;156;88;64m[48;2;199;104;64m▀[0m[38;2;77;64;64m[48;2;163;84;60m▀[0m[38;2;77;58;56m[48;2;132;68;54m▀[0m[38;2;80;61;57m[48;2;116;64;52m▀[0m[38;2;144;88;59m[48;2;154;88;58m▀[0m[38;2;154;99;61m[48;2;193;132;79m▀[0m[38;2;133;85;55m[48;2;177;116;68m▀[0m[38;2;151;97;58m[48;2;145;91;55m▀[0m[38;2;104;61;44m[48;2;154;85;48m▀[0m[38;2;135;63;41m[48;2;102;52;40m▀[0m[38;2;136;62;41m[48;2;111;52;37m▀[0m[38;2;109;54;40m[48;2;143;60;36m▀[0m[38;2;68;44;39m[48;2;127;56;37m▀[0m[38;2;96;53;41m[48;2;136;61;41m▀[0m[38;2;99;55;41m[48;2;121;67;46m▀[0m[38;2;124;72;53m[48;2;113;65;49m▀[0m[38;2;131;92;75m[48;2;111;72;59m▀[0m[38;2;93;91;93m[48;2;44;41;40m▀[0m[38;2;45;48;50m[48;2;23;22;22m▀[0m[38;2;36;25;22m▄[0m[38;2;93;47;35m[48;2;99;47;33m▀[0m[38;2;57;37;31m[48;2;77;43;32m▀[0m[38;2;52;35;29m[48;2;69;47;37m▀[0m[38;2;47;33;28m[48;2;54;38;32m▀[0m[38;2;35;29;27m[48;2;35;28;25m▀[0m[38;2;14;13;12m▀[0m
   [38;2;15;9;8m▀[0m[38;2;105;100;106m[48;2;72;70;75m▀[0m[38;2;102;88;88m[48;2;138;100;93m▀[0m[38;2;151;88;69m[48;2;122;93;87m▀[0m[38;2;195;104;64m[48;2;154;86;65m▀[0m[38;2;147;81;60m[48;2;177;96;67m▀[0m[38;2;181;87;55m[48;2;200;101;62m▀[0m[38;2;183;86;56m[48;2;138;72;55m▀[0m[38;2;178;90;58m[48;2;199;115;80m▀[0m[38;2;125;75;52m[48;2;162;89;64m▀[0m[38;2;124;69;46m[48;2;156;78;53m▀[0m[38;2;142;78;49m[48;2;140;72;48m▀[0m[38;2;171;96;52m[48;2;144;78;48m▀[0m[38;2;160;81;45m[48;2;152;75;43m▀[0m[38;2;113;51;36m[48;2;151;64;38m▀[0m[38;2;139;56;34m[48;2;201;78;30m▀[0m[38;2;143;59;35m[48;2;175;68;30m▀[0m[38;2;137;57;37m[48;2;114;50;36m▀[0m[38;2;112;56;43m[48;2;100;50;41m▀[0m[38;2;89;55;46m[48;2;54;45;45m▀[0m[38;2;70;53;48m[48;2;41;45;49m▀[0m[38;2;39;38;39m[48;2;41;41;43m▀[0m[38;2;54;45;43m[48;2;51;48;48m▀[0m[38;2;57;46;43m[48;2;50;47;47m▀[0m[38;2;96;51;38m[48;2;54;41;38m▀[0m[38;2;98;45;30m[48;2;78;43;33m▀[0m[38;2;89;48;34m[48;2;67;39;30m▀[0m[38;2;48;34;29m[48;2;31;23;20m▀[0m[38;2;44;29;23m[48;2;27;17;14m▀[0m
    [38;2;27;24;26m▀[0m[38;2;130;110;110m[48;2;85;82;87m▀[0m[38;2;130;94;88m[48;2;117;93;90m▀[0m[38;2;110;74;68m[48;2;133;120;119m▀[0m[38;2;140;75;60m[48;2;120;77;69m▀[0m[38;2;147;78;59m[48;2;110;62;54m▀[0m[38;2;114;60;50m[48;2;119;64;53m▀[0m[38;2;143;83;66m[48;2;93;77;71m▀[0m[38;2;191;120;89m[48;2;79;63;59m▀[0m[38;2;128;76;61m[48;2;92;63;57m▀[0m[38;2;107;61;51m[48;2;97;60;52m▀[0m[38;2;94;52;44m[48;2;97;59;50m▀[0m[38;2;114;56;43m[48;2;106;61;50m▀[0m[38;2;101;50;39m[48;2;78;50;44m▀[0m[38;2;154;64;36m[48;2;116;57;42m▀[0m[38;2;165;64;33m[48;2;139;67;49m▀[0m[38;2;152;61;34m[48;2;133;60;40m▀[0m[38;2;137;58;38m[48;2;109;51;36m▀[0m[38;2;59;41;39m[48;2;64;41;38m▀[0m[38;2;58;44;42m[48;2;57;42;40m▀[0m[38;2;61;46;44m[48;2;59;45;42m▀[0m[38;2;50;46;46m[48;2;69;51;46m▀[0m[38;2;59;48;44m[48;2;51;41;40m▀[0m[38;2;43;39;39m[48;2;97;67;48m▀[0m[38;2;34;30;29m[48;2;49;36;29m▀[0m[38;2;26;24;23m[48;2;34;24;20m▀[0m[38;2;22;18;17m[48;2;11;9;8m▀[0m
     [38;2;25;23;25m▀[0m[38;2;113;103;106m[48;2;50;52;58m▀[0m[38;2;105;91;92m[48;2;110;96;98m▀[0m[38;2;94;88;89m[48;2;88;75;77m▀[0m[38;2;86;64;62m[48;2;73;61;62m▀[0m[38;2;82;57;54m[48;2;79;59;56m▀[0m[38;2;59;51;51m[48;2;43;47;51m▀[0m[38;2;86;66;57m[48;2;44;48;50m▀[0m[38;2;64;54;51m[48;2;83;66;57m▀[0m[38;2;88;70;58m[48;2;128;94;68m▀[0m[38;2;110;79;60m[48;2;114;83;62m▀[0m[38;2;77;57;49m[48;2;99;73;58m▀[0m[38;2;61;48;43m[48;2;86;63;51m▀[0m[38;2;88;56;47m[48;2;87;58;47m▀[0m[38;2;123;81;70m[48;2;92;54;43m▀[0m[38;2;86;59;53m[48;2;74;48;43m▀[0m[38;2;111;50;36m[48;2;88;46;37m▀[0m[38;2;105;48;34m[48;2;121;50;32m▀[0m[38;2;79;44;36m[48;2;89;42;31m▀[0m[38;2;66;44;38m[48;2;46;32;30m▀[0m[38;2;57;42;37m[48;2;47;32;29m▀[0m[38;2;34;31;31m[48;2;42;30;27m▀[0m[38;2;33;28;26m[48;2;28;23;22m▀[0m
       [38;2;58;65;74m[48;2;11;8;8m▀[0m[38;2;93;87;90m[48;2;54;66;76m▀[0m[38;2;89;70;69m[48;2;77;80;86m▀[0m[38;2;85;63;60m[48;2;77;67;67m▀[0m[38;2;66;55;55m[48;2;72;57;56m▀[0m[38;2;37;45;50m[48;2;79;65;60m▀[0m[38;2;71;62;57m[48;2;99;82;69m▀[0m[38;2;116;83;64m[48;2;110;81;64m▀[0m[38;2;77;60;51m[48;2;68;51;45m▀[0m[38;2;68;55;49m[48;2;55;45;42m▀[0m[38;2;57;48;45m[48;2;29;34;37m▀[0m[38;2;69;49;42m[48;2;59;48;43m▀[0m[38;2;72;47;40m[48;2;77;52;44m▀[0m[38;2;67;44;38m[48;2;40;34;34m▀[0m[38;2;68;48;44m[48;2;48;41;40m▀[0m[38;2;63;40;37m[48;2;55;50;49m▀[0m[38;2;60;38;33m[48;2;53;42;39m▀[0m[38;2;60;36;31m[48;2;37;24;20m▀[0m[38;2;49;29;23m[48;2;34;21;18m▀[0m[38;2;39;25;21m[48;2;12;7;6m▀[0m[38;2;12;9;9m▀[0m
         [38;2;43;53;62m▀[0m[38;2;66;75;84m[48;2;26;33;39m▀[0m[38;2;79;71;72m[48;2;58;73;84m▀[0m[38;2;82;68;67m[48;2;50;63;73m▀[0m[38;2;96;77;68m[48;2;53;58;63m▀[0m[38;2;64;53;50m[48;2;36;44;50m▀[0m[38;2;37;37;39m[48;2;55;51;51m▀[0m[38;2;46;41;42m[48;2;56;51;52m▀[0m[38;2;52;46;42m[48;2;41;46;51m▀[0m[38;2;66;55;47m[48;2;34;43;49m▀[0m[38;2;32;30;31m[48;2;40;40;42m▀[0m[38;2;29;31;33m[48;2;30;32;35m▀[0m[38;2;34;36;39m[48;2;31;33;35m▀[0m[38;2;34;34;35m[48;2;25;27;30m▀[0m[38;2;25;25;25m[48;2;14;15;16m▀[0m
           [38;2;9;10;12m▀[0m[38;2;31;43;52m▀[0m[38;2;41;62;75m▀[0m[38;2;34;56;68m[48;2;16;26;32m▀[0m[38;2;37;53;63m[48;2;21;37;48m▀[0m[38;2;54;55;58m[48;2;20;35;46m▀[0m[38;2;40;41;45m[48;2;14;23;32m▀[0m[38;2;30;34;39m[48;2;8;12;18m▀[0m[38;2;23;28;33m[48;2;6;8;11m▀[0m[38;2;24;25;27m▀[0m[38;2;13;13;14m▀[0m
                  [38;2;6;10;14m▀[0m[38;2;6;10;14m▀[0m[38;2;5;8;11m▀[0m
