                        [38;2;184;190;198m▄[0m[38;2;188;195;203m▄[0m[38;2;190;196;205m▄[0m[38;2;190;197;205m▄[0m[38;2;189;196;204m▄[0m[38;2;188;194;202m▄[0m[38;2;186;192;200m▄[0m[38;2;183;189;197m▄[0m[38;2;180;186;194m▄[0m[38;2;177;183;190m▄[0m[38;2;173;179;186m▄[0m[38;2;168;174;181m▄[0m[38;2;163;168;175m▄[0m[38;2;157;162;169m▄[0m[38;2;149;154;161m▄[0m[38;2;138;143;149m▄[0m
                   [38;2;201;208;217m▄[0m[38;2;206;213;222m▄[0m[38;2;193;200;208m[48;2;208;215;224m▀[0m[38;2;198;205;214m[48;2;209;216;225m▀[0m[38;2;201;208;216m[48;2;210;217;226m▀[0m[38;2;202;209;217m[48;2;209;217;226m▀[0m[38;2;202;209;217m[48;2;209;216;225m▀[0m[38;2;201;208;217m[48;2;207;215;224m▀[0m[38;2;200;207;216m[48;2;206;213;222m▀[0m[38;2;198;205;214m[48;2;204;211;220m▀[0m[38;2;196;203;212m[48;2;202;209;218m▀[0m[38;2;194;201;209m[48;2;199;206;215m▀[0m[38;2;191;198;206m[48;2;197;203;212m▀[0m[38;2;188;195;203m[48;2;194;200;209m▀[0m[38;2;185;191;199m[48;2;190;197;205m▀[0m[38;2;181;188;195m[48;2;187;193;201m▀[0m[38;2;177;183;191m[48;2;183;189;197m▀[0m[38;2;173;179;186m[48;2;179;185;193m▀[0m[38;2;168;174;181m[48;2;174;180;188m▀[0m[38;2;162;168;175m[48;2;169;175;182m▀[0m[38;2;156;162;168m[48;2;164;170;177m▀[0m[38;2;149;154;161m[48;2;158;164;170m▀[0m[38;2;141;146;152m[48;2;152;157;163m▀[0m[38;2;130;134;140m[48;2;144;149;156m▀[0m[38;2;136;141;147m▄[0m[38;2;125;130;135m▄[0m
               [38;2;203;210;219m▄[0m[38;2;211;218;227m▄[0m[38;2;204;211;220m[48;2;215;222;232m▀[0m[38;2;210;217;226m[48;2;217;225;234m▀[0m[38;2;213;220;229m[48;2;219;226;236m▀[0m[38;2;214;222;231m[48;2;220;227;237m▀[0m[38;2;215;223;232m[48;2;220;227;237m▀[0m[38;2;215;223;232m[48;2;219;227;236m▀[0m[38;2;215;222;232m[48;2;219;226;236m▀[0m[38;2;214;222;231m[48;2;218;225;235m▀[0m[38;2;213;221;230m[48;2;216;224;233m▀[0m[38;2;212;219;228m[48;2;215;222;231m▀[0m[38;2;210;217;226m[48;2;213;220;229m▀[0m[38;2;208;215;224m[48;2;211;218;227m▀[0m[38;2;206;213;222m[48;2;208;216;225m▀[0m[38;2;203;210;219m[48;2;206;213;222m▀[0m[38;2;200;207;216m[48;2;203;210;219m▀[0m[38;2;197;204;213m[48;2;200;207;216m▀[0m[38;2;194;201;209m[48;2;197;204;212m▀[0m[38;2;191;197;205m[48;2;193;200;208m▀[0m[38;2;187;193;201m[48;2;190;196;204m▀[0m[38;2;183;189;197m[48;2;186;192;200m▀[0m[38;2;178;185;192m[48;2;181;188;196m▀[0m[38;2;174;180;187m[48;2;177;183;191m▀[0m[38;2;169;175;182m[48;2;172;178;186m▀[0m[38;2;164;169;176m[48;2;167;173;180m▀[0m[38;2;158;163;170m[48;2;162;167;174m▀[0m[38;2;152;157;163m[48;2;156;162;168m▀[0m[38;2;145;150;156m[48;2;150;155;162m▀[0m[38;2;137;142;148m[48;2;143;148;154m▀[0m[38;2;128;132;138m[48;2;136;140;146m▀[0m[38;2;116;120;125m[48;2;127;132;137m▀[0m[38;2;117;121;126m▄[0m[38;2;103;107;111m▄[0m
            [38;2;28;85;144m▄[0m[38;2;27;84;147m▄[0m[38;2;25;77;140m[48;2;25;77;143m▀[0m[38;2;23;72;138m[48;2;25;78;145m▀[0m[38;2;22;69;136m[48;2;24;74;143m▀[0m[38;2;23;71;139m[48;2;23;73;142m▀[0m[38;2;24;73;141m[48;2;25;77;146m▀[0m[38;2;26;79;146m[48;2;26;79;147m▀[0m[38;2;26;79;147m[48;2;25;78;146m▀[0m[38;2;24;75;144m[48;2;24;73;142m▀[0m[38;2;25;76;144m[48;2;27;81;149m▀[0m[38;2;25;76;144m[48;2;27;83;150m▀[0m[38;2;26;79;146m[48;2;28;84;150m▀[0m[38;2;28;85;151m[48;2;28;84;150m▀[0m[38;2;30;90;154m[48;2;29;86;151m▀[0m[38;2;29;87;151m[48;2;29;87;151m▀[0m[38;2;27;83;146m[48;2;30;89;153m▀[0m[38;2;25;76;140m[48;2;25;77;141m▀[0m[38;2;23;70;134m[48;2;23;70;134m▀[0m[38;2;21;66;130m[48;2;22;69;132m▀[0m[38;2;45;95;46m[48;2;41;96;45m▀[0m[38;2;53;92;48m[48;2;46;94;46m▀[0m[38;2;63;89;49m[48;2;53;91;47m▀[0m[38;2;61;87;48m[48;2;54;89;47m▀[0m[38;2;61;85;47m[48;2;53;87;46m▀[0m[38;2;59;84;46m[48;2;49;86;44m▀[0m[38;2;49;83;43m[48;2;48;84;43m▀[0m[38;2;44;81;41m[48;2;46;82;42m▀[0m[38;2;42;79;40m[48;2;45;80;41m▀[0m[38;2;48;76;40m[48;2;51;76;41m▀[0m[38;2;50;73;40m[48;2;58;73;42m▀[0m[38;2;49;70;39m[48;2;56;70;41m▀[0m[38;2;45;67;37m[48;2;51;68;38m▀[0m[38;2;42;64;35m[48;2;44;66;36m▀[0m[38;2;37;61;32m[48;2;43;63;34m▀[0m[38;2;33;58;30m[48;2;34;60;31m▀[0m[38;2;27;54;27m[48;2;29;57;28m▀[0m[38;2;24;48;24m[48;2;23;53;25m▀[0m[38;2;13;40;70m▄[0m[38;2;16;40;18m▄[0m
          [38;2;47;97;48m▄[0m[38;2;45;97;47m[48;2;44;102;48m▀[0m[38;2;44;101;48m[48;2;44;104;49m▀[0m[38;2;44;104;49m[48;2;52;105;52m▀[0m[38;2;28;87;153m[48;2;59;105;54m▀[0m[38;2;45;106;50m[48;2;62;106;55m▀[0m[38;2;26;79;148m[48;2;52;107;53m▀[0m[38;2;24;75;145m[48;2;49;108;52m▀[0m[38;2;23;70;141m[48;2;26;78;148m▀[0m[38;2;24;72;142m[48;2;26;79;149m▀[0m[38;2;26;78;147m[48;2;29;85;154m▀[0m[38;2;27;81;150m[48;2;32;93;161m▀[0m[38;2;29;85;153m[48;2;32;92;160m▀[0m[38;2;28;82;150m[48;2;30;85;153m▀[0m[38;2;27;79;147m[48;2;29;80;148m▀[0m[38;2;27;79;146m[48;2;28;78;146m▀[0m[38;2;28;82;148m[48;2;29;81;148m▀[0m[38;2;30;87;152m[48;2;31;88;153m▀[0m[38;2;31;91;155m[48;2;33;93;156m▀[0m[38;2;28;82;146m[48;2;30;87;151m▀[0m[38;2;24;73;137m[48;2;28;81;144m▀[0m[38;2;24;73;136m[48;2;27;80;142m▀[0m[38;2;26;79;140m[48;2;29;85;146m▀[0m[38;2;26;80;139m[48;2;29;87;146m▀[0m[38;2;43;93;45m[48;2;29;87;145m▀[0m[38;2;50;90;46m[48;2;38;92;43m▀[0m[38;2;50;88;45m[48;2;46;89;44m▀[0m[38;2;44;87;43m[48;2;49;86;45m▀[0m[38;2;52;84;44m[48;2;55;84;45m▀[0m[38;2;48;82;43m[48;2;54;82;44m▀[0m[38;2;50;80;42m[48;2;54;79;43m▀[0m[38;2;59;76;44m[48;2;64;76;45m▀[0m[38;2;68;72;45m[48;2;76;72;47m▀[0m[38;2;63;70;43m[48;2;71;70;45m▀[0m[38;2;57;68;40m[48;2;62;68;42m▀[0m[38;2;51;66;38m[48;2;56;66;39m▀[0m[38;2;44;64;35m[48;2;44;65;35m▀[0m[38;2;36;61;32m[48;2;37;62;32m▀[0m[38;2;27;59;28m[48;2;27;60;29m▀[0m[38;2;15;46;81m[48;2;15;46;82m▀[0m[38;2;13;41;73m[48;2;13;41;75m▀[0m[38;2;12;37;66m[48;2;12;36;67m▀[0m[38;2;10;31;55m[48;2;10;32;60m▀[0m[38;2;8;26;49m▄[0m
        [38;2;23;72;134m▄[0m[38;2;49;96;48m[48;2;46;101;49m▀[0m[38;2;48;101;49m[48;2;26;81;147m▀[0m[38;2;46;104;50m[48;2;30;91;158m▀[0m[38;2;28;85;153m[48;2;30;92;159m▀[0m[38;2;47;107;51m[48;2;29;90;158m▀[0m[38;2;52;107;53m[48;2;29;87;156m▀[0m[38;2;58;107;54m[48;2;31;93;161m▀[0m[38;2;51;108;53m[48;2;33;96;164m▀[0m[38;2;48;109;52m[48;2;35;99;167m▀[0m[38;2;32;92;161m[48;2;37;102;170m▀[0m[38;2;32;92;160m[48;2;39;107;174m▀[0m[38;2;34;95;163m[48;2;42;110;177m▀[0m[38;2;38;104;171m[48;2;46;108;51m▀[0m[38;2;37;100;167m[48;2;43;107;173m▀[0m[38;2;35;92;160m[48;2;41;99;166m▀[0m[38;2;33;85;153m[48;2;39;93;161m▀[0m[38;2;31;79;147m[48;2;35;81;150m▀[0m[38;2;31;81;149m[48;2;35;81;149m▀[0m[38;2;34;89;154m[48;2;36;88;154m▀[0m[38;2;35;95;158m[48;2;38;95;159m▀[0m[38;2;34;92;155m[48;2;38;98;160m▀[0m[38;2;32;90;152m[48;2;38;101;162m▀[0m[38;2;32;90;151m[48;2;38;104;163m▀[0m[38;2;32;92;152m[48;2;38;106;164m▀[0m[38;2;33;96;154m[48;2;36;105;161m▀[0m[38;2;33;97;153m[48;2;34;101;157m▀[0m[38;2;31;94;150m[48;2;40;91;44m▀[0m[38;2;46;89;44m[48;2;45;89;44m▀[0m[38;2;52;86;45m[48;2;53;86;45m▀[0m[38;2;58;83;46m[48;2;57;83;46m▀[0m[38;2;61;81;46m[48;2;65;80;47m▀[0m[38;2;68;78;47m[48;2;76;77;49m▀[0m[38;2;77;74;48m[48;2;84;73;50m▀[0m[38;2;83;71;49m[48;2;85;71;49m▀[0m[38;2;78;69;47m[48;2;78;69;47m▀[0m[38;2;65;68;43m[48;2;65;68;43m▀[0m[38;2;55;67;39m[48;2;53;67;39m▀[0m[38;2;48;65;37m[48;2;49;65;37m▀[0m[38;2;39;63;33m[48;2;39;63;33m▀[0m[38;2;29;61;30m[48;2;29;61;30m▀[0m[38;2;15;47;84m[48;2;16;50;87m▀[0m[38;2;13;39;74m[48;2;14;42;78m▀[0m[38;2;10;33;66m[48;2;11;34;68m▀[0m[38;2;9;28;58m[48;2;9;28;59m▀[0m[38;2;8;26;53m[48;2;8;27;55m▀[0m[38;2;7;23;44m[48;2;8;25;49m▀[0m[38;2;6;20;39m▄[0m
       [38;2;25;78;138m[48;2;28;85;147m▀[0m[38;2;26;81;145m[48;2;29;88;152m▀[0m[38;2;27;83;149m[48;2;29;88;154m▀[0m[38;2;28;86;153m[48;2;29;89;156m▀[0m[38;2;29;88;156m[48;2;27;84;152m▀[0m[38;2;29;90;158m[48;2;29;87;156m▀[0m[38;2;30;91;160m[48;2;31;93;162m▀[0m[38;2;31;94;162m[48;2;34;100;168m▀[0m[38;2;34;100;168m[48;2;37;106;173m▀[0m[38;2;36;103;171m[48;2;41;110;177m▀[0m[38;2;38;105;173m[48;2;43;111;179m▀[0m[38;2;40;104;172m[48;2;45;109;177m▀[0m[38;2;43;107;175m[48;2;49;110;178m▀[0m[38;2;49;108;52m[48;2;55;120;187m▀[0m[38;2;58;106;54m[48;2;62;132;198m▀[0m[38;2;52;116;183m[48;2;63;130;196m▀[0m[38;2;50;110;177m[48;2;63;124;191m▀[0m[38;2;49;105;172m[48;2;62;120;186m▀[0m[38;2;46;95;163m[48;2;59;113;179m▀[0m[38;2;44;92;159m[48;2;55;107;173m▀[0m[38;2;43;94;161m[48;2;52;104;170m▀[0m[38;2;43;99;163m[48;2;50;103;168m▀[0m[38;2;42;100;163m[48;2;47;104;167m▀[0m[38;2;41;102;163m[48;2;45;104;166m▀[0m[38;2;39;103;163m[48;2;42;102;162m▀[0m[38;2;37;100;159m[48;2;37;93;153m▀[0m[38;2;34;96;154m[48;2;33;88;147m▀[0m[38;2;33;94;151m[48;2;32;89;147m▀[0m[38;2;48;90;45m[48;2;31;90;146m▀[0m[38;2;52;88;46m[48;2;39;89;42m▀[0m[38;2;55;85;46m[48;2;46;86;43m▀[0m[38;2;60;83;46m[48;2;46;84;43m▀[0m[38;2;67;80;47m[48;2;51;82;43m▀[0m[38;2;75;76;49m[48;2;61;78;45m▀[0m[38;2;77;74;48m[48;2;65;75;45m▀[0m[38;2;76;72;47m[48;2;67;73;45m▀[0m[38;2;63;71;43m[48;2;54;72;41m▀[0m[38;2;57;69;41m[48;2;52;70;40m▀[0m[38;2;48;68;37m[48;2;44;68;37m▀[0m[38;2;41;66;35m[48;2;39;66;34m▀[0m[38;2;33;64;32m[48;2;32;64;32m▀[0m[38;2;26;62;29m[48;2;26;62;29m▀[0m[38;2;16;49;86m[48;2;15;47;84m▀[0m[38;2;14;42;78m[48;2;13;41;77m▀[0m[38;2;12;37;71m[48;2;12;39;73m▀[0m[38;2;10;32;64m[48;2;12;37;68m▀[0m[38;2;9;29;58m[48;2;10;32;61m▀[0m[38;2;8;27;52m[48;2;9;29;55m▀[0m[38;2;7;24;45m[48;2;8;25;48m▀[0m[38;2;6;18;34m[48;2;7;22;41m▀[0m
     [38;2;22;68;128m▄[0m[38;2;25;78;139m[48;2;25;76;140m▀[0m[38;2;28;87;150m[48;2;27;82;147m▀[0m[38;2;29;90;155m[48;2;29;89;155m▀[0m[38;2;29;88;155m[48;2;29;90;156m▀[0m[38;2;28;86;154m[48;2;29;89;157m▀[0m[38;2;26;80;149m[48;2;28;85;154m▀[0m[38;2;29;87;156m[48;2;30;87;156m▀[0m[38;2;32;94;163m[48;2;32;92;161m▀[0m[38;2;36;103;170m[48;2;38;102;170m▀[0m[38;2;40;107;175m[48;2;43;108;176m▀[0m[38;2;45;114;181m[48;2;49;114;182m▀[0m[38;2;50;119;186m[48;2;55;121;189m▀[0m[38;2;54;119;187m[48;2;63;128;195m▀[0m[38;2;58;119;187m[48;2;72;138;205m▀[0m[38;2;65;129;196m[48;2;81;151;216m▀[0m[38;2;74;142;208m[48;2;89;161;226m▀[0m[38;2;77;144;210m[48;2;91;157;222m▀[0m[38;2;77;140;206m[48;2;92;155;220m▀[0m[38;2;75;134;200m[48;2;92;152;218m▀[0m[38;2;74;133;198m[48;2;88;145;210m▀[0m[38;2;69;125;190m[48;2;81;135;201m▀[0m[38;2;64;117;182m[48;2;76;131;195m▀[0m[38;2;57;108;173m[48;2;71;130;192m▀[0m[38;2;54;110;173m[48;2;64;123;185m▀[0m[38;2;51;110;171m[48;2;57;117;177m▀[0m[38;2;45;104;164m[48;2;49;106;166m▀[0m[38;2;38;90;150m[48;2;42;94;154m▀[0m[38;2;34;85;145m[48;2;36;87;146m▀[0m[38;2;33;87;145m[48;2;33;86;143m▀[0m[38;2;31;86;142m[48;2;31;85;141m▀[0m[38;2;31;89;144m[48;2;28;79;135m▀[0m[38;2;28;84;137m[48;2;26;76;130m▀[0m[38;2;25;76;129m[48;2;25;75;128m▀[0m[38;2;38;83;40m[48;2;24;74;125m▀[0m[38;2;51;79;42m[48;2;35;81;38m▀[0m[38;2;55;76;43m[48;2;44;77;40m▀[0m[38;2;62;73;43m[48;2;50;74;40m▀[0m[38;2;50;72;40m[48;2;41;73;37m▀[0m[38;2;48;70;38m[48;2;41;71;36m▀[0m[38;2;43;68;36m[48;2;38;68;35m▀[0m[38;2;36;66;33m[48;2;34;66;33m▀[0m[38;2;33;64;32m[48;2;31;64;31m▀[0m[38;2;29;62;30m[48;2;28;61;30m▀[0m[38;2;26;59;28m[48;2;30;58;29m▀[0m[38;2;23;56;26m[48;2;30;55;28m▀[0m[38;2;26;52;26m[48;2;30;51;27m▀[0m[38;2;13;40;71m[48;2;23;49;24m▀[0m[38;2;12;37;66m[48;2;12;37;66m▀[0m[38;2;10;31;57m[48;2;10;33;59m▀[0m[38;2;8;26;49m[48;2;9;29;53m▀[0m[38;2;8;24;44m[48;2;8;26;47m▀[0m[38;2;6;19;34m[48;2;7;22;38m▀[0m[38;2;5;16;29m▄[0m
    [38;2;23;70;130m▄[0m[38;2;22;68;131m[48;2;24;75;138m▀[0m[38;2;24;74;139m[48;2;25;77;142m▀[0m[38;2;26;80;146m[48;2;26;81;147m▀[0m[38;2;29;90;155m[48;2;30;91;156m▀[0m[38;2;29;90;157m[48;2;29;89;156m▀[0m[38;2;29;88;156m[48;2;28;85;154m▀[0m[38;2;30;88;156m[48;2;30;88;156m▀[0m[38;2;30;87;156m[48;2;31;88;157m▀[0m[38;2;33;89;158m[48;2;34;88;157m▀[0m[38;2;38;96;165m[48;2;38;90;160m▀[0m[38;2;44;103;172m[48;2;46;99;169m▀[0m[38;2;53;113;182m[48;2;57;111;180m▀[0m[38;2;63;126;194m[48;2;70;129;197m▀[0m[38;2;74;140;207m[48;2;84;146;213m▀[0m[38;2;87;158;223m[48;2;98;166;232m▀[0m[38;2;97;169;234m[48;2;109;177;242m▀[0m[38;2;104;175;239m[48;2;116;179;245m▀[0m[38;2;106;170;235m[48;2;120;180;246m▀[0m[38;2;108;170;235m[48;2;123;183;248m▀[0m[38;2;108;168;233m[48;2;123;184;248m▀[0m[38;2;102;160;225m[48;2;118;178;241m▀[0m[38;2;96;152;216m[48;2;111;171;234m▀[0m[38;2;90;149;212m[48;2;103;166;227m▀[0m[38;2;84;148;209m[48;2;94;158;218m▀[0m[38;2;75;138;198m[48;2;83;148;207m▀[0m[38;2;66;128;188m[48;2;73;137;195m▀[0m[38;2;55;114;173m[48;2;62;123;181m▀[0m[38;2;46;99;158m[48;2;50;105;164m▀[0m[38;2;38;89;147m[48;2;42;95;153m▀[0m[38;2;34;84;141m[48;2;37;88;145m▀[0m[38;2;30;79;136m[48;2;31;79;136m▀[0m[38;2;26;71;127m[48;2;26;71;127m▀[0m[38;2;24;70;125m[48;2;25;69;124m▀[0m[38;2;25;74;127m[48;2;25;72;125m▀[0m[38;2;25;74;126m[48;2;25;74;125m▀[0m[38;2;24;71;121m[48;2;23;70;120m▀[0m[38;2;22;67;116m[48;2;22;66;115m▀[0m[38;2;22;67;114m[48;2;23;69;116m▀[0m[38;2;32;74;35m[48;2;21;63;109m▀[0m[38;2;30;71;34m[48;2;20;61;106m▀[0m[38;2;30;69;33m[48;2;20;61;104m▀[0m[38;2;29;66;32m[48;2;19;58;99m▀[0m[38;2;29;64;31m[48;2;16;51;91m▀[0m[38;2;28;61;29m[48;2;27;61;29m▀[0m[38;2;30;58;29m[48;2;29;57;28m▀[0m[38;2;31;54;28m[48;2;33;54;28m▀[0m[38;2;33;51;27m[48;2;33;50;27m▀[0m[38;2;25;48;24m[48;2;28;48;25m▀[0m[38;2;21;45;22m[48;2;25;44;23m▀[0m[38;2;17;42;19m[48;2;20;41;20m▀[0m[38;2;10;30;54m[48;2;16;37;18m▀[0m[38;2;9;27;48m[48;2;8;27;48m▀[0m[38;2;7;23;41m[48;2;8;24;42m▀[0m[38;2;5;17;30m[48;2;6;19;33m▀[0m[38;2;5;15;27m▄[0m
   [38;2;26;81;137m▄[0m[38;2;25;76;136m[48;2;27;84;144m▀[0m[38;2;27;83;145m[48;2;29;89;151m▀[0m[38;2;28;86;150m[48;2;30;91;155m▀[0m[38;2;27;83;149m[48;2;28;87;152m▀[0m[38;2;30;91;156m[48;2;29;87;153m▀[0m[38;2;30;91;157m[48;2;28;86;153m▀[0m[38;2;30;88;156m[48;2;28;83;151m▀[0m[38;2;29;85;153m[48;2;29;80;149m▀[0m[38;2;32;85;154m[48;2;32;84;153m▀[0m[38;2;35;88;157m[48;2;38;91;160m▀[0m[38;2;42;93;163m[48;2;46;100;168m▀[0m[38;2;52;105;174m[48;2;56;106;176m▀[0m[38;2;63;115;184m[48;2;67;114;184m▀[0m[38;2;76;128;197m[48;2;81;128;198m▀[0m[38;2;90;144;212m[48;2;96;143;212m▀[0m[38;2;106;165;232m[48;2;113;165;233m▀[0m[38;2;119;179;245m[48;2;126;181;248m▀[0m[38;2;127;183;250m[48;2;135;187;253m▀[0m[38;2;133;190;255m[48;2;143;197;255m▀[0m[38;2;137;197;255m[48;2;147;206;255m▀[0m[38;2;136;198;255m[48;2;147;210;255m▀[0m[38;2;130;191;254m[48;2;141;203;255m▀[0m[38;2;122;182;245m[48;2;132;196;255m▀[0m[38;2;112;173;234m[48;2;120;183;243m▀[0m[38;2;99;159;220m[48;2;104;163;223m▀[0m[38;2;87;147;206m[48;2;40;96;45m▀[0m[38;2;74;132;191m[48;2;77;134;192m▀[0m[38;2;63;120;179m[48;2;67;124;182m▀[0m[38;2;54;111;168m[48;2;57;115;171m▀[0m[38;2;47;103;159m[48;2;50;110;165m▀[0m[38;2;40;95;151m[48;2;43;102;156m▀[0m[38;2;35;88;143m[48;2;37;93;146m▀[0m[38;2;30;79;133m[48;2;31;81;134m▀[0m[38;2;26;74;127m[48;2;26;72;125m▀[0m[38;2;25;73;125m[48;2;24;69;121m▀[0m[38;2;24;72;122m[48;2;22;66;117m▀[0m[38;2;23;69;118m[48;2;23;69;118m▀[0m[38;2;22;67;115m[48;2;24;72;118m▀[0m[38;2;23;71;117m[48;2;23;71;116m▀[0m[38;2;22;67;112m[48;2;22;68;112m▀[0m[38;2;21;64;108m[48;2;21;65;107m▀[0m[38;2;20;62;104m[48;2;21;64;105m▀[0m[38;2;20;61;101m[48;2;21;64;103m▀[0m[38;2;18;55;94m[48;2;19;58;96m▀[0m[38;2;16;49;87m[48;2;16;50;88m▀[0m[38;2;25;57;27m[48;2;27;56;27m▀[0m[38;2;29;54;27m[48;2;28;53;27m▀[0m[38;2;31;50;26m[48;2;32;49;27m▀[0m[38;2;29;47;25m[48;2;35;46;26m▀[0m[38;2;25;44;23m[48;2;31;43;24m▀[0m[38;2;20;41;20m[48;2;26;40;21m▀[0m[38;2;17;37;18m[48;2;23;36;19m▀[0m[38;2;15;33;16m[48;2;18;32;16m▀[0m[38;2;12;28;13m[48;2;14;28;14m▀[0m[38;2;6;20;34m[48;2;12;23;11m▀[0m[38;2;9;19;9m[48;2;11;19;10m▀[0m[38;2;11;19;10m▄[0m
  [38;2;37;86;41m▄[0m[38;2;28;84;141m[48;2;27;83;141m▀[0m[38;2;28;85;145m[48;2;27;84;144m▀[0m[38;2;29;88;150m[48;2;28;86;148m▀[0m[38;2;29;90;153m[48;2;29;87;151m▀[0m[38;2;28;87;152m[48;2;27;84;149m▀[0m[38;2;28;86;152m[48;2;28;86;152m▀[0m[38;2;28;85;152m[48;2;31;91;156m▀[0m[38;2;29;85;152m[48;2;33;95;161m▀[0m[38;2;30;83;151m[48;2;33;91;158m▀[0m[38;2;34;87;155m[48;2;37;93;160m▀[0m[38;2;41;94;162m[48;2;43;97;164m▀[0m[38;2;50;103;171m[48;2;50;100;168m▀[0m[38;2;59;107;176m[48;2;60;106;175m▀[0m[38;2;71;117;186m[48;2;73;118;187m▀[0m[38;2;86;133;202m[48;2;90;138;206m▀[0m[38;2;102;148;217m[48;2;106;153;220m▀[0m[38;2;118;167;235m[48;2;120;165;233m▀[0m[38;2;132;183;250m[48;2;133;180;247m▀[0m[38;2;142;193;255m[48;2;145;196;255m▀[0m[38;2;150;204;255m[48;2;152;206;255m▀[0m[38;2;153;210;255m[48;2;154;209;255m▀[0m[38;2;152;212;255m[48;2;151;208;255m▀[0m[38;2;146;208;255m[48;2;147;210;255m▀[0m[38;2;137;202;255m[48;2;137;200;255m▀[0m[38;2;125;189;248m[48;2;124;187;246m▀[0m[38;2;109;169;228m[48;2;112;177;234m▀[0m[38;2;95;157;215m[48;2;41;93;45m▀[0m[38;2;81;141;199m[48;2;45;91;45m▀[0m[38;2;70;131;187m[48;2;39;91;43m▀[0m[38;2;59;119;174m[48;2;61;125;179m▀[0m[38;2;51;112;166m[48;2;52;113;166m▀[0m[38;2;43;101;154m[48;2;42;98;151m▀[0m[38;2;36;89;142m[48;2;35;87;139m▀[0m[38;2;29;77;130m[48;2;29;76;129m▀[0m[38;2;25;70;122m[48;2;25;70;122m▀[0m[38;2;24;69;120m[48;2;24;70;120m▀[0m[38;2;22;66;116m[48;2;24;71;119m▀[0m[38;2;23;69;117m[48;2;23;70;117m▀[0m[38;2;24;71;117m[48;2;23;68;114m▀[0m[38;2;23;69;114m[48;2;23;69;113m▀[0m[38;2;22;67;110m[48;2;22;68;110m▀[0m[38;2;21;64;106m[48;2;21;64;105m▀[0m[38;2;21;63;103m[48;2;20;60;101m▀[0m[38;2;21;63;102m[48;2;20;61;99m▀[0m[38;2;19;57;95m[48;2;19;57;94m▀[0m[38;2;16;50;87m[48;2;25;58;27m▀[0m[38;2;26;55;27m[48;2;30;54;27m▀[0m[38;2;29;52;27m[48;2;31;51;27m▀[0m[38;2;34;48;27m[48;2;36;47;27m▀[0m[38;2;38;44;27m[48;2;43;43;27m▀[0m[38;2;37;41;25m[48;2;43;40;26m▀[0m[38;2;34;38;23m[48;2;40;36;24m▀[0m[38;2;29;35;20m[48;2;31;34;21m▀[0m[38;2;22;31;17m[48;2;24;31;18m▀[0m[38;2;15;28;14m[48;2;20;27;15m▀[0m[38;2;13;23;12m[48;2;17;22;12m▀[0m[38;2;12;19;10m[48;2;16;18;11m▀[0m[38;2;13;19;10m[48;2;16;18;11m▀[0m[38;2;18;18;11m▄[0m
  [38;2;47;87;44m[48;2;49;87;45m▀[0m[38;2;48;92;46m[48;2;50;92;47m▀[0m[38;2;25;76;138m[48;2;44;96;46m▀[0m[38;2;25;78;141m[48;2;23;70;134m▀[0m[38;2;26;81;144m[48;2;24;74;138m▀[0m[38;2;26;80;145m[48;2;26;80;144m▀[0m[38;2;28;84;149m[48;2;29;86;150m▀[0m[38;2;30;88;153m[48;2;31;91;155m▀[0m[38;2;32;93;158m[48;2;33;95;159m▀[0m[38;2;36;97;162m[48;2;37;100;164m▀[0m[38;2;38;95;161m[48;2;46;103;49m▀[0m[38;2;44;98;165m[48;2;44;97;163m▀[0m[38;2;53;107;174m[48;2;51;101;168m▀[0m[38;2;63;112;179m[48;2;61;108;176m▀[0m[38;2;75;121;189m[48;2;73;118;186m▀[0m[38;2;91;138;205m[48;2;88;133;200m▀[0m[38;2;107;155;222m[48;2;103;149;215m▀[0m[38;2;120;166;233m[48;2;116;162;228m▀[0m[38;2;133;180;246m[48;2;128;174;240m▀[0m[38;2;144;195;255m[48;2;137;185;250m▀[0m[38;2;151;206;255m[48;2;144;197;255m▀[0m[38;2;151;205;255m[48;2;144;198;255m▀[0m[38;2;147;200;255m[48;2;140;193;254m▀[0m[38;2;140;196;255m[48;2;133;186;247m▀[0m[38;2;131;190;249m[48;2;124;181;240m▀[0m[38;2;120;180;238m[48;2;113;171;229m▀[0m[38;2;107;169;226m[48;2;100;158;216m▀[0m[38;2;42;92;44m[48;2;88;146;202m▀[0m[38;2;40;91;43m[48;2;75;133;188m▀[0m[38;2;38;90;42m[48;2;65;122;177m▀[0m[38;2;60;122;175m[48;2;56;114;167m▀[0m[38;2;49;107;160m[48;2;46;100;153m▀[0m[38;2;39;88;142m[48;2;36;84;137m▀[0m[38;2;30;74;127m[48;2;29;70;123m▀[0m[38;2;24;63;116m[48;2;24;62;115m▀[0m[38;2;22;61;113m[48;2;22;60;111m▀[0m[38;2;23;66;116m[48;2;22;63;112m▀[0m[38;2;23;67;115m[48;2;21;63;111m▀[0m[38;2;21;64;111m[48;2;20;59;106m▀[0m[38;2;20;61;107m[48;2;18;56;102m▀[0m[38;2;20;61;106m[48;2;18;55;99m▀[0m[38;2;19;59;102m[48;2;17;53;96m▀[0m[38;2;18;56;97m[48;2;16;50;92m▀[0m[38;2;17;53;93m[48;2;16;50;90m▀[0m[38;2;17;52;91m[48;2;16;51;89m▀[0m[38;2;17;52;89m[48;2;17;51;88m▀[0m[38;2;15;48;83m[48;2;15;47;82m▀[0m[38;2;27;53;26m[48;2;22;53;25m▀[0m[38;2;30;50;26m[48;2;29;49;25m▀[0m[38;2;35;46;26m[48;2;34;45;26m▀[0m[38;2;37;43;26m[48;2;34;42;24m▀[0m[38;2;38;39;25m[48;2;33;39;23m▀[0m[38;2;36;36;23m[48;2;30;36;21m▀[0m[38;2;29;33;20m[48;2;28;32;19m▀[0m[38;2;25;30;18m[48;2;25;29;17m▀[0m[38;2;21;26;15m[48;2;22;25;15m▀[0m[38;2;18;22;13m[48;2;19;21;13m▀[0m[38;2;16;18;11m[48;2;17;18;11m▀[0m[38;2;18;18;11m[48;2;17;18;11m▀[0m[38;2;17;18;11m[48;2;16;18;11m▀[0m
 [38;2;50;78;42m[48;2;46;81;42m▀[0m[38;2;49;87;45m[48;2;43;88;43m▀[0m[38;2;46;92;45m[48;2;40;92;44m▀[0m[38;2;44;95;46m[48;2;40;95;45m▀[0m[38;2;43;97;46m[48;2;18;58;122m▀[0m[38;2;48;98;48m[48;2;42;98;46m▀[0m[38;2;44;100;48m[48;2;41;99;47m▀[0m[38;2;29;89;152m[48;2;29;88;150m▀[0m[38;2;32;94;157m[48;2;31;91;154m▀[0m[38;2;35;99;161m[48;2;33;93;156m▀[0m[38;2;37;101;164m[48;2;35;95;158m▀[0m[38;2;40;100;163m[48;2;37;93;157m▀[0m[38;2;43;97;162m[48;2;40;91;156m▀[0m[38;2;47;92;159m[48;2;44;85;152m▀[0m[38;2;58;102;169m[48;2;53;96;162m▀[0m[38;2;70;114;181m[48;2;65;110;176m▀[0m[38;2;83;128;194m[48;2;78;125;190m▀[0m[38;2;96;139;205m[48;2;88;133;198m▀[0m[38;2;109;153;218m[48;2;98;141;205m▀[0m[38;2;120;166;231m[48;2;107;151;215m▀[0m[38;2;127;174;238m[48;2;42;97;46m▀[0m[38;2;133;185;247m[48;2;44;96;46m▀[0m[38;2;43;96;46m[48;2;45;95;46m▀[0m[38;2;41;96;45m[48;2;41;94;45m▀[0m[38;2;42;94;45m[48;2;111;163;222m▀[0m[38;2;115;170;229m[48;2;103;156;214m▀[0m[38;2;104;160;218m[48;2;94;148;205m▀[0m[38;2;92;147;204m[48;2;85;141;196m▀[0m[38;2;81;136;192m[48;2;73;128;183m▀[0m[38;2;69;123;178m[48;2;63;116;170m▀[0m[38;2;59;114;168m[48;2;55;109;162m▀[0m[38;2;51;105;158m[48;2;46;98;150m▀[0m[38;2;42;94;146m[48;2;40;90;141m▀[0m[38;2;34;80;133m[48;2;33;80;131m▀[0m[38;2;27;68;120m[48;2;28;70;121m▀[0m[38;2;24;63;115m[48;2;22;58;109m▀[0m[38;2;21;60;110m[48;2;18;51;101m▀[0m[38;2;20;59;108m[48;2;17;50;100m▀[0m[38;2;20;59;107m[48;2;17;52;99m▀[0m[38;2;18;56;102m[48;2;17;51;97m▀[0m[38;2;17;52;97m[48;2;16;50;95m▀[0m[38;2;16;49;93m[48;2;15;48;91m▀[0m[38;2;15;48;91m[48;2;15;45;87m▀[0m[38;2;15;47;88m[48;2;14;43;84m▀[0m[38;2;16;48;88m[48;2;14;45;84m▀[0m[38;2;16;51;88m[48;2;16;49;86m▀[0m[38;2;17;51;87m[48;2;16;50;85m▀[0m[38;2;15;46;81m[48;2;15;46;79m▀[0m[38;2;23;52;25m[48;2;13;41;73m▀[0m[38;2;27;48;25m[48;2;20;48;22m▀[0m[38;2;31;45;25m[48;2;24;44;22m▀[0m[38;2;30;42;23m[48;2;24;41;21m▀[0m[38;2;28;38;22m[48;2;23;38;20m▀[0m[38;2;25;36;20m[48;2;21;35;18m▀[0m[38;2;24;32;18m[48;2;20;31;17m▀[0m[38;2;23;28;16m[48;2;19;28;15m▀[0m[38;2;21;24;14m[48;2;15;24;13m▀[0m[38;2;16;20;12m[48;2;11;20;10m▀[0m[38;2;14;19;10m[48;2;10;19;9m▀[0m[38;2;14;18;10m[48;2;11;19;10m▀[0m[38;2;14;19;10m[48;2;12;19;10m▀[0m[38;2;14;18;10m[48;2;12;19;10m▀[0m
 [38;2;41;82;40m[48;2;38;82;40m▀[0m[38;2;37;88;42m[48;2;21;64;121m▀[0m[38;2;20;63;123m[48;2;20;63;122m▀[0m[38;2;19;59;121m[48;2;19;61;121m▀[0m[38;2;17;54;118m[48;2;19;58;120m▀[0m[38;2;19;58;122m[48;2;19;61;124m▀[0m[38;2;22;69;132m[48;2;22;66;129m▀[0m[38;2;26;80;142m[48;2;25;75;137m▀[0m[38;2;28;84;146m[48;2;27;79;141m▀[0m[38;2;30;86;149m[48;2;28;82;144m▀[0m[38;2;32;89;151m[48;2;30;84;146m▀[0m[38;2;35;88;151m[48;2;32;82;145m▀[0m[38;2;37;86;151m[48;2;34;82;145m▀[0m[38;2;41;85;150m[48;2;39;85;149m▀[0m[38;2;49;92;157m[48;2;46;91;155m▀[0m[38;2;60;105;169m[48;2;55;102;165m▀[0m[38;2;71;118;182m[48;2;64;112;174m▀[0m[38;2;79;121;186m[48;2;70;114;177m▀[0m[38;2;86;126;191m[48;2;76;117;180m▀[0m[38;2;94;134;198m[48;2;81;122;185m▀[0m[38;2;46;95;46m[48;2;44;94;46m▀[0m[38;2;46;94;46m[48;2;46;93;46m▀[0m[38;2;47;93;46m[48;2;45;92;45m▀[0m[38;2;104;156;215m[48;2;90;143;201m▀[0m[38;2;99;153;211m[48;2;88;144;200m▀[0m[38;2;92;145;202m[48;2;80;134;190m▀[0m[38;2;82;134;190m[48;2;71;121;176m▀[0m[38;2;74;126;181m[48;2;63;111;166m▀[0m[38;2;66;119;173m[48;2;57;108;162m▀[0m[38;2;57;110;164m[48;2;51;103;155m▀[0m[38;2;50;102;155m[48;2;44;95;147m▀[0m[38;2;43;95;146m[48;2;39;89;140m▀[0m[38;2;37;86;137m[48;2;33;79;130m▀[0m[38;2;30;74;125m[48;2;27;68;118m▀[0m[38;2;24;63;113m[48;2;22;57;107m▀[0m[38;2;20;53;104m[48;2;18;51;101m▀[0m[38;2;16;46;96m[48;2;15;44;94m▀[0m[38;2;15;44;93m[48;2;13;40;88m▀[0m[38;2;15;45;92m[48;2;14;42;89m▀[0m[38;2;15;47;92m[48;2;15;46;91m▀[0m[38;2;15;47;91m[48;2;16;48;91m▀[0m[38;2;14;44;87m[48;2;14;44;86m▀[0m[38;2;13;41;83m[48;2;13;41;82m▀[0m[38;2;13;40;81m[48;2;13;41;80m▀[0m[38;2;14;44;82m[48;2;14;44;81m▀[0m[38;2;15;45;82m[48;2;14;43;79m▀[0m[38;2;15;46;81m[48;2;14;43;77m▀[0m[38;2;14;44;76m[48;2;13;42;74m▀[0m[38;2;13;40;72m[48;2;13;39;70m▀[0m[38;2;12;36;66m[48;2;11;34;63m▀[0m[38;2;20;44;21m[48;2;10;31;58m▀[0m[38;2;20;40;20m[48;2;9;28;54m▀[0m[38;2;19;37;18m[48;2;17;36;17m▀[0m[38;2;16;34;17m[48;2;14;33;16m▀[0m[38;2;14;31;15m[48;2;8;25;44m▀[0m[38;2;13;27;13m[48;2;7;23;40m▀[0m[38;2;11;23;11m[48;2;6;20;34m▀[0m[38;2;8;19;9m[48;2;6;18;30m▀[0m[38;2;8;19;9m[48;2;6;18;30m▀[0m[38;2;6;18;30m[48;2;6;18;30m▀[0m[38;2;9;19;9m[48;2;5;18;30m▀[0m[38;2;9;19;9m[48;2;5;17;29m▀[0m
 [38;2;45;80;41m[48;2;51;78;42m▀[0m[38;2;40;86;42m[48;2;45;84;42m▀[0m[38;2;22;69;126m[48;2;37;88;41m▀[0m[38;2;21;65;125m[48;2;24;74;131m▀[0m[38;2;21;65;125m[48;2;24;73;131m▀[0m[38;2;22;68;129m[48;2;24;73;132m▀[0m[38;2;24;73;134m[48;2;25;76;135m▀[0m[38;2;25;77;138m[48;2;26;79;138m▀[0m[38;2;26;79;140m[48;2;26;79;139m▀[0m[38;2;28;81;143m[48;2;27;80;140m▀[0m[38;2;29;81;143m[48;2;28;79;140m▀[0m[38;2;29;77;140m[48;2;29;79;139m▀[0m[38;2;31;77;140m[48;2;31;79;140m▀[0m[38;2;37;85;147m[48;2;35;84;145m▀[0m[38;2;44;93;155m[48;2;40;90;151m▀[0m[38;2;50;99;161m[48;2;45;95;155m▀[0m[38;2;55;103;164m[48;2;49;98;158m▀[0m[38;2;63;111;172m[48;2;54;103;163m▀[0m[38;2;67;113;174m[48;2;58;106;165m▀[0m[38;2;71;117;177m[48;2;62;110;169m▀[0m[38;2;76;123;183m[48;2;66;116;174m▀[0m[38;2;42;92;44m[48;2;44;90;44m▀[0m[38;2;43;91;44m[48;2;50;88;45m▀[0m[38;2;38;90;43m[48;2;39;88;42m▀[0m[38;2;75;130;185m[48;2;64;119;173m▀[0m[38;2;69;123;177m[48;2;59;113;167m▀[0m[38;2;61;111;165m[48;2;53;104;157m▀[0m[38;2;54;101;155m[48;2;48;97;150m▀[0m[38;2;49;97;150m[48;2;43;90;142m▀[0m[38;2;45;95;146m[48;2;39;86;137m▀[0m[38;2;40;89;140m[48;2;34;80;130m▀[0m[38;2;34;80;130m[48;2;29;71;121m▀[0m[38;2;28;70;120m[48;2;36;77;37m▀[0m[38;2;24;62;112m[48;2;38;75;37m▀[0m[38;2;21;57;106m[48;2;35;74;36m▀[0m[38;2;32;74;35m[48;2;32;72;34m▀[0m[38;2;15;43;92m[48;2;14;43;90m▀[0m[38;2;13;38;86m[48;2;13;40;86m▀[0m[38;2;14;44;89m[48;2;15;45;89m▀[0m[38;2;15;47;90m[48;2;15;48;90m▀[0m[38;2;16;49;90m[48;2;16;50;90m▀[0m[38;2;15;46;87m[48;2;16;49;88m▀[0m[38;2;13;42;81m[48;2;14;45;83m▀[0m[38;2;13;41;79m[48;2;14;42;79m▀[0m[38;2;14;44;80m[48;2;13;40;75m▀[0m[38;2;14;42;77m[48;2;12;37;71m▀[0m[38;2;13;40;73m[48;2;11;34;67m▀[0m[38;2;12;37;69m[48;2;10;31;62m▀[0m[38;2;11;34;64m[48;2;9;29;58m▀[0m[38;2;10;31;59m[48;2;9;27;55m▀[0m[38;2;9;29;56m[48;2;9;27;53m▀[0m[38;2;9;28;53m[48;2;9;27;51m▀[0m[38;2;8;27;49m[48;2;8;25;47m▀[0m[38;2;8;25;45m[48;2;8;25;44m▀[0m[38;2;7;24;42m[48;2;7;23;40m▀[0m[38;2;7;23;38m[48;2;6;19;34m▀[0m[38;2;6;19;32m[48;2;5;17;30m▀[0m[38;2;5;18;30m[48;2;5;17;30m▀[0m[38;2;6;18;30m[48;2;5;17;29m▀[0m[38;2;5;17;29m[48;2;5;16;28m▀[0m[38;2;5;16;29m[48;2;5;16;28m▀[0m[38;2;5;16;28m[48;2;5;16;28m▀[0m
 [38;2;56;76;43m[48;2;54;75;42m▀[0m[38;2;49;82;43m[48;2;49;80;42m▀[0m[38;2;41;86;42m[48;2;43;84;42m▀[0m[38;2;25;78;133m[48;2;37;87;41m▀[0m[38;2;25;78;134m[48;2;27;83;137m▀[0m[38;2;26;78;136m[48;2;28;85;140m▀[0m[38;2;26;79;137m[48;2;28;85;140m▀[0m[38;2;27;83;141m[48;2;29;88;144m▀[0m[38;2;27;83;141m[48;2;29;87;144m▀[0m[38;2;27;81;140m[48;2;28;84;141m▀[0m[38;2;27;78;137m[48;2;26;77;135m▀[0m[38;2;28;80;140m[48;2;28;82;139m▀[0m[38;2;31;83;142m[48;2;31;87;144m▀[0m[38;2;34;87;146m[48;2;34;91;148m▀[0m[38;2;37;91;149m[48;2;36;92;148m▀[0m[38;2;41;94;152m[48;2;37;92;149m▀[0m[38;2;44;97;155m[48;2;40;94;151m▀[0m[38;2;48;101;158m[48;2;44;100;156m▀[0m[38;2;51;103;160m[48;2;46;102;157m▀[0m[38;2;54;106;163m[48;2;47;102;157m▀[0m[38;2;57;110;166m[48;2;48;101;155m▀[0m[38;2;58;113;168m[48;2;50;106;159m▀[0m[38;2;44;87;43m[48;2;37;86;41m▀[0m[38;2;39;87;42m[48;2;48;103;155m▀[0m[38;2;54;107;160m[48;2;45;98;150m▀[0m[38;2;51;105;157m[48;2;44;96;147m▀[0m[38;2;47;98;150m[48;2;40;90;141m▀[0m[38;2;42;92;143m[48;2;36;83;134m▀[0m[38;2;37;83;134m[48;2;31;73;124m▀[0m[38;2;33;78;128m[48;2;27;66;117m▀[0m[38;2;29;70;120m[48;2;23;59;109m▀[0m[38;2;33;77;37m[48;2;32;75;36m▀[0m[38;2;41;74;38m[48;2;42;73;37m▀[0m[38;2;40;73;37m[48;2;42;71;37m▀[0m[38;2;40;71;36m[48;2;42;69;36m▀[0m[38;2;30;71;33m[48;2;31;69;33m▀[0m[38;2;14;43;89m[48;2;14;43;87m▀[0m[38;2;14;43;88m[48;2;14;42;86m▀[0m[38;2;15;47;89m[48;2;14;45;86m▀[0m[38;2;16;48;89m[48;2;15;46;86m▀[0m[38;2;16;49;88m[48;2;15;47;86m▀[0m[38;2;16;49;86m[48;2;15;46;83m▀[0m[38;2;15;46;83m[48;2;14;44;80m▀[0m[38;2;14;43;78m[48;2;13;41;76m▀[0m[38;2;12;37;72m[48;2;11;35;69m▀[0m[38;2;10;31;65m[48;2;9;28;61m▀[0m[38;2;8;27;60m[48;2;7;24;56m▀[0m[38;2;8;25;56m[48;2;7;23;53m▀[0m[38;2;7;24;53m[48;2;7;23;51m▀[0m[38;2;8;25;52m[48;2;8;25;50m▀[0m[38;2;8;27;51m[48;2;8;25;49m▀[0m[38;2;9;27;50m[48;2;8;24;46m▀[0m[38;2;8;25;45m[48;2;7;22;42m▀[0m[38;2;7;23;42m[48;2;6;21;38m▀[0m[38;2;7;21;37m[48;2;6;19;34m▀[0m[38;2;6;18;32m[48;2;5;17;30m▀[0m[38;2;5;17;29m[48;2;5;17;29m▀[0m[38;2;5;17;29m[48;2;5;17;29m▀[0m[38;2;5;16;28m[48;2;5;15;28m▀[0m[38;2;4;14;27m[48;2;4;14;26m▀[0m[38;2;4;14;27m[48;2;4;13;26m▀[0m[38;2;5;15;27m[48;2;4;13;26m▀[0m
 [38;2;49;74;40m[48;2;44;73;38m▀[0m[38;2;47;79;41m[48;2;44;77;40m▀[0m[38;2;42;82;41m[48;2;42;80;40m▀[0m[38;2;27;83;135m[48;2;27;81;132m▀[0m[38;2;28;85;138m[48;2;26;81;133m▀[0m[38;2;28;86;140m[48;2;27;81;134m▀[0m[38;2;29;87;141m[48;2;28;84;138m▀[0m[38;2;29;87;142m[48;2;28;86;140m▀[0m[38;2;28;85;141m[48;2;27;83;137m▀[0m[38;2;28;83;139m[48;2;26;78;134m▀[0m[38;2;26;78;135m[48;2;24;74;130m▀[0m[38;2;28;82;138m[48;2;26;79;134m▀[0m[38;2;30;86;142m[48;2;28;83;138m▀[0m[38;2;32;88;144m[48;2;29;84;138m▀[0m[38;2;33;88;144m[48;2;29;81;136m▀[0m[38;2;33;86;142m[48;2;29;78;133m▀[0m[38;2;35;86;142m[48;2;30;78;133m▀[0m[38;2;38;94;148m[48;2;32;83;137m▀[0m[38;2;40;94;148m[48;2;34;86;140m▀[0m[38;2;40;93;147m[48;2;35;86;139m▀[0m[38;2;41;93;146m[48;2;35;87;139m▀[0m[38;2;41;94;147m[48;2;35;86;138m▀[0m[38;2;41;94;146m[48;2;34;83;135m▀[0m[38;2;41;94;145m[48;2;33;81;132m▀[0m[38;2;39;90;141m[48;2;32;79;130m▀[0m[38;2;36;85;136m[48;2;30;75;125m▀[0m[38;2;32;77;128m[48;2;36;78;38m▀[0m[38;2;29;70;121m[48;2;25;63;113m▀[0m[38;2;25;63;113m[48;2;22;60;109m▀[0m[38;2;22;56;106m[48;2;20;53;102m▀[0m[38;2;19;49;99m[48;2;17;48;96m▀[0m[38;2;18;49;98m[48;2;34;71;35m▀[0m[38;2;39;71;36m[48;2;38;69;35m▀[0m[38;2;41;69;36m[48;2;39;67;35m▀[0m[38;2;39;68;35m[48;2;37;66;34m▀[0m[38;2;33;67;33m[48;2;33;65;32m▀[0m[38;2;14;43;86m[48;2;14;45;86m▀[0m[38;2;13;41;83m[48;2;13;42;83m▀[0m[38;2;13;41;82m[48;2;13;41;81m▀[0m[38;2;15;46;85m[48;2;15;46;84m▀[0m[38;2;16;49;86m[48;2;16;50;85m▀[0m[38;2;14;44;80m[48;2;15;46;80m▀[0m[38;2;14;43;78m[48;2;13;41;75m▀[0m[38;2;12;39;72m[48;2;12;37;70m▀[0m[38;2;10;32;65m[48;2;10;33;64m▀[0m[38;2;8;27;58m[48;2;8;27;57m▀[0m[38;2;8;24;55m[48;2;8;24;53m▀[0m[38;2;7;24;53m[48;2;7;24;51m▀[0m[38;2;7;23;50m[48;2;7;22;48m▀[0m[38;2;7;22;47m[48;2;7;21;45m▀[0m[38;2;6;21;44m[48;2;6;21;42m▀[0m[38;2;6;20;41m[48;2;6;20;39m▀[0m[38;2;6;20;39m[48;2;6;19;36m▀[0m[38;2;6;19;35m[48;2;5;17;32m▀[0m[38;2;5;17;31m[48;2;5;15;28m▀[0m[38;2;5;15;28m[48;2;5;16;29m▀[0m[38;2;5;16;29m[48;2;5;17;29m▀[0m[38;2;5;17;29m[48;2;5;17;29m▀[0m[38;2;5;16;28m[48;2;5;17;29m▀[0m[38;2;5;15;27m[48;2;5;15;28m▀[0m[38;2;4;14;27m[48;2;4;14;27m▀[0m[38;2;4;13;26m[48;2;4;13;26m▀[0m
 [38;2;40;71;36m[48;2;30;69;33m▀[0m[38;2;37;76;37m[48;2;24;73;118m▀[0m[38;2;34;79;38m[48;2;23;72;119m▀[0m[38;2;25;76;127m[48;2;23;70;119m▀[0m[38;2;25;76;127m[48;2;24;72;123m▀[0m[38;2;25;75;128m[48;2;24;72;123m▀[0m[38;2;25;77;130m[48;2;22;67;120m▀[0m[38;2;26;80;133m[48;2;23;70;123m▀[0m[38;2;25;77;131m[48;2;22;68;121m▀[0m[38;2;23;71;126m[48;2;20;63;117m▀[0m[38;2;22;67;122m[48;2;19;58;113m▀[0m[38;2;23;70;126m[48;2;20;60;115m▀[0m[38;2;25;74;129m[48;2;21;65;119m▀[0m[38;2;26;76;130m[48;2;24;71;125m▀[0m[38;2;26;76;130m[48;2;26;76;128m▀[0m[38;2;27;76;130m[48;2;27;78;130m▀[0m[38;2;27;75;129m[48;2;27;76;128m▀[0m[38;2;28;75;129m[48;2;26;72;125m▀[0m[38;2;29;77;130m[48;2;25;71;123m▀[0m[38;2;29;77;130m[48;2;25;68;120m▀[0m[38;2;29;76;128m[48;2;23;61;114m▀[0m[38;2;29;76;128m[48;2;24;65;116m▀[0m[38;2;28;73;124m[48;2;23;63;114m▀[0m[38;2;27;69;120m[48;2;22;60;111m▀[0m[38;2;26;69;119m[48;2;22;61;111m▀[0m[38;2;25;65;115m[48;2;33;76;36m▀[0m[38;2;36;76;37m[48;2;38;74;37m▀[0m[38;2;37;75;37m[48;2;39;73;37m▀[0m[38;2;31;74;35m[48;2;33;72;35m▀[0m[38;2;31;73;35m[48;2;37;70;35m▀[0m[38;2;35;71;35m[48;2;35;69;34m▀[0m[38;2;35;69;34m[48;2;35;67;34m▀[0m[38;2;35;68;34m[48;2;32;66;32m▀[0m[38;2;34;66;33m[48;2;33;64;32m▀[0m[38;2;33;65;32m[48;2;30;63;31m▀[0m[38;2;31;63;31m[48;2;26;62;29m▀[0m[38;2;15;48;88m[48;2;16;51;89m▀[0m[38;2;14;45;84m[48;2;15;46;84m▀[0m[38;2;14;43;81m[48;2;15;45;81m▀[0m[38;2;15;46;82m[48;2;14;45;79m▀[0m[38;2;16;48;83m[48;2;14;45;78m▀[0m[38;2;15;46;79m[48;2;14;44;76m▀[0m[38;2;13;41;73m[48;2;14;42;73m▀[0m[38;2;12;37;68m[48;2;12;37;67m▀[0m[38;2;10;32;62m[48;2;9;29;58m▀[0m[38;2;8;26;55m[48;2;8;25;53m▀[0m[38;2;7;23;51m[48;2;6;21;48m▀[0m[38;2;7;23;49m[48;2;7;21;46m▀[0m[38;2;7;22;46m[48;2;7;21;44m▀[0m[38;2;7;22;44m[48;2;7;22;43m▀[0m[38;2;7;22;42m[48;2;7;22;40m▀[0m[38;2;7;21;39m[48;2;7;21;38m▀[0m[38;2;6;19;35m[48;2;6;20;35m▀[0m[38;2;5;17;31m[48;2;5;17;30m▀[0m[38;2;5;15;28m[48;2;5;16;29m▀[0m[38;2;5;16;29m[48;2;5;15;28m▀[0m[38;2;5;16;29m[48;2;5;15;28m▀[0m[38;2;5;16;29m[48;2;5;15;27m▀[0m[38;2;5;16;28m[48;2;5;15;27m▀[0m[38;2;5;15;28m[48;2;5;15;28m▀[0m[38;2;4;14;27m[48;2;4;14;27m▀[0m[38;2;4;13;26m[48;2;4;14;26m▀[0m
 [38;2;21;65;106m[48;2;19;58;98m▀[0m[38;2;22;68;112m[48;2;21;63;106m▀[0m[38;2;22;67;114m[48;2;21;65;110m▀[0m[38;2;23;70;118m[48;2;22;66;113m▀[0m[38;2;22;69;118m[48;2;21;66;114m▀[0m[38;2;22;67;118m[48;2;21;65;114m▀[0m[38;2;22;67;118m[48;2;21;64;114m▀[0m[38;2;21;65;117m[48;2;20;61;112m▀[0m[38;2;20;61;114m[48;2;18;57;109m▀[0m[38;2;18;55;109m[48;2;17;53;106m▀[0m[38;2;16;51;106m[48;2;17;52;105m▀[0m[38;2;18;56;110m[48;2;18;55;107m▀[0m[38;2;19;59;113m[48;2;18;56;108m▀[0m[38;2;20;60;114m[48;2;18;55;108m▀[0m[38;2;23;69;121m[48;2;21;63;114m▀[0m[38;2;25;74;125m[48;2;22;68;118m▀[0m[38;2;24;70;122m[48;2;22;66;117m▀[0m[38;2;22;65;116m[48;2;21;64;114m▀[0m[38;2;21;62;114m[48;2;21;62;112m▀[0m[38;2;21;62;113m[48;2;38;77;38m▀[0m[38;2;21;60;111m[48;2;42;75;39m▀[0m[38;2;20;57;108m[48;2;39;75;37m▀[0m[38;2;19;55;106m[48;2;38;74;37m▀[0m[38;2;32;76;36m[48;2;39;73;37m▀[0m[38;2;31;75;35m[48;2;37;72;36m▀[0m[38;2;37;73;36m[48;2;35;71;35m▀[0m[38;2;37;72;36m[48;2;36;70;35m▀[0m[38;2;38;71;36m[48;2;39;68;35m▀[0m[38;2;37;69;35m[48;2;38;67;34m▀[0m[38;2;37;68;35m[48;2;40;66;34m▀[0m[38;2;35;67;33m[48;2;36;65;33m▀[0m[38;2;31;66;32m[48;2;31;64;31m▀[0m[38;2;27;65;30m[48;2;29;62;30m▀[0m[38;2;29;63;30m[48;2;32;60;30m▀[0m[38;2;28;61;30m[48;2;30;59;29m▀[0m[38;2;28;60;29m[48;2;26;58;28m▀[0m[38;2;17;53;89m[48;2;17;53;88m▀[0m[38;2;15;47;83m[48;2;16;49;83m▀[0m[38;2;15;46;81m[48;2;16;48;81m▀[0m[38;2;15;47;80m[48;2;16;49;81m▀[0m[38;2;15;47;79m[48;2;16;50;79m▀[0m[38;2;15;46;76m[48;2;15;46;75m▀[0m[38;2;13;41;71m[48;2;13;39;67m▀[0m[38;2;12;36;65m[48;2;11;34;61m▀[0m[38;2;10;30;58m[48;2;10;31;56m▀[0m[38;2;8;26;52m[48;2;8;27;51m▀[0m[38;2;7;22;47m[48;2;7;22;45m▀[0m[38;2;7;21;45m[48;2;6;21;43m▀[0m[38;2;7;21;43m[48;2;7;21;41m▀[0m[38;2;7;21;41m[48;2;6;21;39m▀[0m[38;2;7;21;39m[48;2;7;21;37m▀[0m[38;2;7;21;36m[48;2;7;21;35m▀[0m[38;2;6;20;33m[48;2;6;20;31m▀[0m[38;2;5;17;29m[48;2;6;18;30m▀[0m[38;2;5;16;28m[48;2;5;17;29m▀[0m[38;2;5;16;28m[48;2;5;16;28m▀[0m[38;2;5;15;28m[48;2;5;15;28m▀[0m[38;2;4;15;27m[48;2;4;14;27m▀[0m[38;2;4;15;27m[48;2;4;14;27m▀[0m[38;2;4;14;27m[48;2;4;14;27m▀[0m[38;2;4;14;27m[48;2;4;15;27m▀[0m[38;2;4;15;27m[48;2;5;15;28m▀[0m
 [38;2;17;52;89m[48;2;16;49;83m▀[0m[38;2;19;59;100m[48;2;19;59;98m▀[0m[38;2;21;63;107m[48;2;20;63;104m▀[0m[38;2;20;63;108m[48;2;20;62;106m▀[0m[38;2;21;64;110m[48;2;19;60;105m▀[0m[38;2;21;64;112m[48;2;19;58;105m▀[0m[38;2;20;61;109m[48;2;18;56;104m▀[0m[38;2;19;60;109m[48;2;19;58;106m▀[0m[38;2;19;58;108m[48;2;19;59;107m▀[0m[38;2;18;57;108m[48;2;19;58;107m▀[0m[38;2;19;58;109m[48;2;18;56;106m▀[0m[38;2;18;57;108m[48;2;18;56;105m▀[0m[38;2;18;55;106m[48;2;18;56;105m▀[0m[38;2;18;55;106m[48;2;18;57;106m▀[0m[38;2;19;58;108m[48;2;19;58;107m▀[0m[38;2;21;63;112m[48;2;19;60;108m▀[0m[38;2;35;77;37m[48;2;37;74;37m▀[0m[38;2;34;76;37m[48;2;39;74;37m▀[0m[38;2;41;75;38m[48;2;48;72;39m▀[0m[38;2;47;73;39m[48;2;60;69;42m▀[0m[38;2;49;72;40m[48;2;64;68;42m▀[0m[38;2;48;72;39m[48;2;59;68;41m▀[0m[38;2;49;71;39m[48;2;57;67;40m▀[0m[38;2;44;70;37m[48;2;49;67;38m▀[0m[38;2;39;70;36m[48;2;47;66;37m▀[0m[38;2;36;69;35m[48;2;42;66;35m▀[0m[38;2;39;67;35m[48;2;38;65;34m▀[0m[38;2;44;65;36m[48;2;43;63;35m▀[0m[38;2;47;64;36m[48;2;48;61;35m▀[0m[38;2;47;62;35m[48;2;49;60;35m▀[0m[38;2;40;62;33m[48;2;40;60;32m▀[0m[38;2;32;61;31m[48;2;32;59;30m▀[0m[38;2;27;60;29m[48;2;28;58;28m▀[0m[38;2;31;58;29m[48;2;28;56;28m▀[0m[38;2;26;57;28m[48;2;27;55;27m▀[0m[38;2;23;56;26m[48;2;15;46;80m▀[0m[38;2;17;51;85m[48;2;16;48;81m▀[0m[38;2;16;49;82m[48;2;16;48;79m▀[0m[38;2;16;49;80m[48;2;15;48;77m▀[0m[38;2;16;49;78m[48;2;15;45;74m▀[0m[38;2;16;48;77m[48;2;14;43;70m▀[0m[38;2;14;44;71m[48;2;13;39;66m▀[0m[38;2;12;36;63m[48;2;11;34;60m▀[0m[38;2;10;31;57m[48;2;10;30;55m▀[0m[38;2;10;30;54m[48;2;9;28;51m▀[0m[38;2;8;26;49m[48;2;8;24;46m▀[0m[38;2;7;22;44m[48;2;7;22;42m▀[0m[38;2;6;20;41m[48;2;6;21;39m▀[0m[38;2;6;21;39m[48;2;6;20;37m▀[0m[38;2;6;20;36m[48;2;6;20;34m▀[0m[38;2;6;20;34m[48;2;6;19;32m▀[0m[38;2;6;20;32m[48;2;6;19;31m▀[0m[38;2;6;20;32m[48;2;6;19;31m▀[0m[38;2;6;18;30m[48;2;5;18;30m▀[0m[38;2;5;17;29m[48;2;5;16;29m▀[0m[38;2;5;16;29m[48;2;5;16;28m▀[0m[38;2;5;15;27m[48;2;4;14;27m▀[0m[38;2;4;14;27m[48;2;4;13;26m▀[0m[38;2;4;14;27m[48;2;4;13;26m▀[0m[38;2;4;14;27m[48;2;4;13;26m▀[0m[38;2;4;14;27m[48;2;4;13;26m▀[0m[38;2;4;14;27m[48;2;4;14;27m▀[0m
  [38;2;18;55;92m[48;2;16;50;85m▀[0m[38;2;18;56;96m[48;2;16;50;89m▀[0m[38;2;18;55;97m[48;2;16;49;90m▀[0m[38;2;17;53;97m[48;2;15;48;91m▀[0m[38;2;17;52;98m[48;2;15;48;92m▀[0m[38;2;16;50;97m[48;2;15;46;91m▀[0m[38;2;16;51;98m[48;2;14;45;91m▀[0m[38;2;17;52;99m[48;2;15;46;93m▀[0m[38;2;17;52;100m[48;2;15;48;95m▀[0m[38;2;17;52;100m[48;2;16;50;97m▀[0m[38;2;18;55;103m[48;2;18;55;101m▀[0m[38;2;19;58;105m[48;2;20;60;105m▀[0m[38;2;19;60;106m[48;2;20;62;107m▀[0m[38;2;19;59;106m[48;2;20;60;105m▀[0m[38;2;32;73;35m[48;2;32;71;34m▀[0m[38;2;42;71;37m[48;2;41;69;36m▀[0m[38;2;42;71;37m[48;2;41;68;36m▀[0m[38;2;49;69;38m[48;2;45;67;37m▀[0m[38;2;61;67;41m[48;2;53;66;38m▀[0m[38;2;67;65;42m[48;2;57;64;39m▀[0m[38;2;63;65;41m[48;2;56;63;38m▀[0m[38;2;54;65;38m[48;2;55;63;38m▀[0m[38;2;56;64;39m[48;2;56;62;38m▀[0m[38;2;54;63;38m[48;2;54;61;37m▀[0m[38;2;49;63;36m[48;2;49;60;35m▀[0m[38;2;42;62;34m[48;2;42;60;33m▀[0m[38;2;41;61;33m[48;2;41;59;33m▀[0m[38;2;44;60;34m[48;2;43;57;32m▀[0m[38;2;45;58;33m[48;2;43;56;32m▀[0m[38;2;39;57;31m[48;2;35;56;30m▀[0m[38;2;34;57;30m[48;2;32;54;28m▀[0m[38;2;27;56;27m[48;2;26;54;26m▀[0m[38;2;25;55;26m[48;2;22;53;25m▀[0m[38;2;28;52;26m[48;2;22;51;24m▀[0m[38;2;26;51;25m[48;2;24;49;24m▀[0m[38;2;22;50;24m[48;2;21;47;22m▀[0m[38;2;15;45;75m[48;2;14;42;71m▀[0m[38;2;14;43;72m[48;2;12;39;66m▀[0m[38;2;13;40;68m[48;2;12;36;63m▀[0m[38;2;12;38;64m[48;2;11;34;59m▀[0m[38;2;11;35;60m[48;2;10;32;56m▀[0m[38;2;11;33;57m[48;2;10;31;54m▀[0m[38;2;10;30;53m[48;2;10;30;51m▀[0m[38;2;9;27;49m[48;2;8;26;46m▀[0m[38;2;7;23;44m[48;2;7;22;41m▀[0m[38;2;7;21;40m[48;2;6;20;37m▀[0m[38;2;6;20;37m[48;2;6;19;35m▀[0m[38;2;6;19;34m[48;2;6;18;32m▀[0m[38;2;6;19;32m[48;2;6;18;30m▀[0m[38;2;6;18;30m[48;2;6;19;31m▀[0m[38;2;6;19;31m[48;2;6;19;31m▀[0m[38;2;6;19;31m[48;2;6;18;30m▀[0m[38;2;5;17;30m[48;2;5;17;29m▀[0m[38;2;5;16;29m[48;2;5;16;28m▀[0m[38;2;5;16;28m[48;2;5;15;28m▀[0m[38;2;4;14;27m[48;2;4;14;27m▀[0m[38;2;4;13;26m[48;2;4;13;26m▀[0m[38;2;4;13;26m[48;2;4;13;26m▀[0m[38;2;4;13;25m[48;2;4;13;26m▀[0m[38;2;4;13;26m[48;2;4;13;26m▀[0m
  [38;2;15;46;77m▀[0m[38;2;16;49;85m[48;2;14;44;78m▀[0m[38;2;16;49;87m[48;2;15;47;83m▀[0m[38;2;15;46;87m[48;2;15;46;84m▀[0m[38;2;15;46;88m[48;2;15;46;86m▀[0m[38;2;15;47;90m[48;2;15;46;87m▀[0m[38;2;15;46;90m[48;2;15;47;89m▀[0m[38;2;16;49;93m[48;2;16;50;92m▀[0m[38;2;17;53;97m[48;2;17;54;96m▀[0m[38;2;18;54;98m[48;2;18;55;97m▀[0m[38;2;19;58;102m[48;2;19;57;99m▀[0m[38;2;20;61;104m[48;2;19;59;101m▀[0m[38;2;20;61;104m[48;2;19;59;101m▀[0m[38;2;19;58;102m[48;2;18;56;98m▀[0m[38;2;31;68;33m[48;2;16;51;93m▀[0m[38;2;37;67;34m[48;2;32;65;32m▀[0m[38;2;42;66;35m[48;2;40;63;34m▀[0m[38;2;44;65;35m[48;2;44;62;34m▀[0m[38;2;46;64;36m[48;2;47;61;35m▀[0m[38;2;51;62;37m[48;2;54;60;36m▀[0m[38;2;51;62;36m[48;2;52;59;36m▀[0m[38;2;56;60;37m[48;2;53;58;36m▀[0m[38;2;53;59;36m[48;2;53;57;35m▀[0m[38;2;53;59;36m[48;2;47;57;33m▀[0m[38;2;47;58;34m[48;2;43;56;32m▀[0m[38;2;41;58;32m[48;2;39;55;31m▀[0m[38;2;43;56;32m[48;2;38;54;30m▀[0m[38;2;41;55;31m[48;2;37;53;29m▀[0m[38;2;37;54;30m[48;2;30;53;27m▀[0m[38;2;32;53;28m[48;2;24;52;25m▀[0m[38;2;29;52;27m[48;2;23;51;24m▀[0m[38;2;23;52;25m[48;2;15;46;77m▀[0m[38;2;14;44;76m[48;2;14;43;73m▀[0m[38;2;13;40;71m[48;2;12;39;68m▀[0m[38;2;13;40;69m[48;2;11;36;64m▀[0m[38;2;14;42;70m[48;2;12;38;65m▀[0m[38;2;14;42;69m[48;2;12;38;64m▀[0m[38;2;12;37;63m[48;2;11;34;58m▀[0m[38;2;11;34;59m[48;2;10;31;55m▀[0m[38;2;10;31;55m[48;2;9;28;50m▀[0m[38;2;10;30;52m[48;2;8;25;47m▀[0m[38;2;9;27;48m[48;2;8;24;44m▀[0m[38;2;8;26;45m[48;2;7;23;41m▀[0m[38;2;7;23;42m[48;2;6;20;38m▀[0m[38;2;6;20;37m[48;2;6;18;34m▀[0m[38;2;6;19;34m[48;2;5;16;30m▀[0m[38;2;6;18;32m[48;2;5;15;27m▀[0m[38;2;5;17;29m[48;2;5;15;27m▀[0m[38;2;5;17;29m[48;2;5;16;28m▀[0m[38;2;6;18;30m[48;2;6;18;30m▀[0m[38;2;6;19;31m[48;2;6;19;31m▀[0m[38;2;6;18;30m[48;2;8;19;9m▀[0m[38;2;8;19;9m[48;2;8;19;9m▀[0m[38;2;5;15;28m[48;2;5;17;29m▀[0m[38;2;5;15;27m[48;2;5;17;30m▀[0m[38;2;5;15;27m[48;2;5;17;30m▀[0m[38;2;4;14;27m[48;2;5;17;29m▀[0m[38;2;4;13;26m[48;2;5;16;28m▀[0m[38;2;4;14;27m[48;2;8;19;9m▀[0m[38;2;4;13;26m▀[0m
   [38;2;13;40;70m▀[0m[38;2;14;43;76m[48;2;12;36;68m▀[0m[38;2;14;43;79m[48;2;12;39;73m▀[0m[38;2;14;44;82m[48;2;13;41;77m▀[0m[38;2;14;43;82m[48;2;13;41;78m▀[0m[38;2;15;46;85m[48;2;14;43;81m▀[0m[38;2;16;49;89m[48;2;15;48;85m▀[0m[38;2;17;52;92m[48;2;17;51;89m▀[0m[38;2;17;53;93m[48;2;17;52;90m▀[0m[38;2;18;55;95m[48;2;18;55;93m▀[0m[38;2;19;57;97m[48;2;19;57;95m▀[0m[38;2;19;58;97m[48;2;19;58;95m▀[0m[38;2;17;53;94m[48;2;17;53;91m▀[0m[38;2;16;49;89m[48;2;16;49;87m▀[0m[38;2;29;63;30m[48;2;28;60;29m▀[0m[38;2;37;61;32m[48;2;34;59;30m▀[0m[38;2;43;60;33m[48;2;40;57;32m▀[0m[38;2;44;59;33m[48;2;44;56;32m▀[0m[38;2;47;58;34m[48;2;41;56;31m▀[0m[38;2;48;57;34m[48;2;43;55;32m▀[0m[38;2;50;56;34m[48;2;46;54;32m▀[0m[38;2;46;55;33m[48;2;42;53;31m▀[0m[38;2;42;55;31m[48;2;39;53;30m▀[0m[38;2;39;54;30m[48;2;35;52;28m▀[0m[38;2;36;53;29m[48;2;33;51;27m▀[0m[38;2;34;52;28m[48;2;34;50;27m▀[0m[38;2;32;51;27m[48;2;28;49;25m▀[0m[38;2;26;51;25m[48;2;21;49;23m▀[0m[38;2;13;41;73m[48;2;11;36;66m▀[0m[38;2;14;42;73m[48;2;12;36;66m▀[0m[38;2;14;43;72m[48;2;11;35;64m▀[0m[38;2;12;39;67m[48;2;11;33;61m▀[0m[38;2;11;36;64m[48;2;10;32;59m▀[0m[38;2;10;33;60m[48;2;10;32;57m▀[0m[38;2;11;34;60m[48;2;10;32;56m▀[0m[38;2;11;35;59m[48;2;10;32;54m▀[0m[38;2;10;31;54m[48;2;9;30;51m▀[0m[38;2;9;29;51m[48;2;9;27;48m▀[0m[38;2;8;25;47m[48;2;8;24;44m▀[0m[38;2;7;23;43m[48;2;7;22;40m▀[0m[38;2;7;22;40m[48;2;7;21;37m▀[0m[38;2;6;20;37m[48;2;6;19;34m▀[0m[38;2;6;18;33m[48;2;5;16;30m▀[0m[38;2;5;16;30m[48;2;5;15;28m▀[0m[38;2;4;14;27m[48;2;4;15;27m▀[0m[38;2;4;14;27m[48;2;4;14;27m▀[0m[38;2;4;14;26m[48;2;4;14;27m▀[0m[38;2;5;15;28m[48;2;5;15;27m▀[0m[38;2;5;17;29m[48;2;5;15;28m▀[0m[38;2;6;19;31m[48;2;5;16;28m▀[0m[38;2;6;19;31m[48;2;5;18;30m▀[0m[38;2;6;18;30m[48;2;5;17;30m▀[0m[38;2;6;18;30m[48;2;5;17;29m▀[0m[38;2;6;18;30m[48;2;5;17;29m▀[0m[38;2;8;19;9m[48;2;10;19;9m▀[0m[38;2;8;19;9m[48;2;9;19;9m▀[0m[38;2;8;19;9m[48;2;5;16;29m▀[0m[38;2;8;19;9m▀[0m
    [38;2;10;33;60m▀[0m[38;2;12;37;68m[48;2;10;33;61m▀[0m[38;2;13;41;73m[48;2;12;37;68m▀[0m[38;2;14;42;76m[48;2;13;39;71m▀[0m[38;2;13;42;77m[48;2;13;39;72m▀[0m[38;2;15;46;82m[48;2;14;45;78m▀[0m[38;2;17;52;88m[48;2;17;52;85m▀[0m[38;2;17;53;89m[48;2;18;54;87m▀[0m[38;2;18;55;91m[48;2;18;54;88m▀[0m[38;2;19;57;93m[48;2;18;55;88m▀[0m[38;2;19;57;92m[48;2;17;53;87m▀[0m[38;2;18;55;91m[48;2;17;51;85m▀[0m[38;2;17;52;88m[48;2;16;49;83m▀[0m[38;2;15;48;84m[48;2;15;45;80m▀[0m[38;2;27;57;28m[48;2;13;42;77m▀[0m[38;2;31;56;28m[48;2;13;39;74m▀[0m[38;2;34;55;29m[48;2;24;53;25m▀[0m[38;2;35;54;29m[48;2;23;53;25m▀[0m[38;2;33;53;28m[48;2;22;52;25m▀[0m[38;2;35;52;28m[48;2;26;51;25m▀[0m[38;2;35;51;28m[48;2;25;50;25m▀[0m[38;2;33;50;27m[48;2;26;49;24m▀[0m[38;2;31;50;26m[48;2;23;48;23m▀[0m[38;2;33;48;26m[48;2;25;46;23m▀[0m[38;2;31;47;25m[48;2;25;45;23m▀[0m[38;2;24;47;23m[48;2;21;44;21m▀[0m[38;2;10;32;62m[48;2;9;28;56m▀[0m[38;2;10;32;61m[48;2;9;28;56m▀[0m[38;2;10;31;59m[48;2;9;27;54m▀[0m[38;2;9;29;57m[48;2;8;26;52m▀[0m[38;2;9;30;56m[48;2;8;27;51m▀[0m[38;2;10;31;55m[48;2;9;27;50m▀[0m[38;2;10;32;55m[48;2;9;29;51m▀[0m[38;2;10;31;54m[48;2;9;28;49m▀[0m[38;2;10;30;51m[48;2;9;27;47m▀[0m[38;2;16;31;15m[48;2;15;28;14m▀[0m[38;2;16;29;15m[48;2;16;26;14m▀[0m[38;2;12;27;13m[48;2;14;24;12m▀[0m[38;2;6;20;37m[48;2;11;22;11m▀[0m[38;2;6;20;34m[48;2;9;20;10m▀[0m[38;2;6;18;31m[48;2;5;17;29m▀[0m[38;2;5;16;28m[48;2;5;16;28m▀[0m[38;2;5;16;28m[48;2;5;15;28m▀[0m[38;2;4;14;27m[48;2;4;14;27m▀[0m[38;2;4;14;27m[48;2;4;15;27m▀[0m[38;2;5;16;29m[48;2;5;16;28m▀[0m[38;2;5;16;28m[48;2;5;16;28m▀[0m[38;2;5;15;28m[48;2;5;15;28m▀[0m[38;2;5;15;27m[48;2;5;15;27m▀[0m[38;2;5;16;28m[48;2;5;15;28m▀[0m[38;2;5;17;29m[48;2;5;16;29m▀[0m[38;2;5;18;30m[48;2;5;17;30m▀[0m[38;2;5;18;30m[48;2;6;18;30m▀[0m[38;2;6;19;31m[48;2;6;19;31m▀[0m[38;2;6;19;31m[48;2;6;19;31m▀[0m[38;2;5;17;29m▀[0m
     [38;2;8;27;50m▀[0m[38;2;10;32;59m[48;2;8;25;49m▀[0m[38;2;11;34;64m[48;2;9;29;56m▀[0m[38;2;12;36;67m[48;2;11;34;61m▀[0m[38;2;13;41;72m[48;2;12;37;66m▀[0m[38;2;15;47;78m[48;2;13;40;70m▀[0m[38;2;16;50;81m[48;2;14;43;72m▀[0m[38;2;16;49;81m[48;2;14;42;72m▀[0m[38;2;15;47;80m[48;2;13;41;72m▀[0m[38;2;15;45;78m[48;2;13;40;71m▀[0m[38;2;14;44;77m[48;2;13;40;71m▀[0m[38;2;14;43;76m[48;2;12;39;70m▀[0m[38;2;13;40;73m[48;2;11;36;67m▀[0m[38;2;12;37;70m[48;2;11;33;65m▀[0m[38;2;11;36;69m[48;2;10;30;62m▀[0m[38;2;10;32;66m[48;2;8;27;59m▀[0m[38;2;8;26;60m[48;2;8;25;57m▀[0m[38;2;8;27;60m[48;2;7;23;55m▀[0m[38;2;8;27;60m[48;2;7;24;55m▀[0m[38;2;8;26;58m[48;2;8;25;55m▀[0m[38;2;9;27;59m[48;2;9;28;57m▀[0m[38;2;9;29;59m[48;2;10;31;58m▀[0m[38;2;20;44;21m[48;2;10;32;59m▀[0m[38;2;19;43;20m[48;2;10;32;58m▀[0m[38;2;18;42;20m[48;2;9;29;54m▀[0m[38;2;8;26;53m[48;2;8;25;50m▀[0m[38;2;8;26;52m[48;2;8;24;48m▀[0m[38;2;8;27;51m[48;2;8;25;48m▀[0m[38;2;8;27;50m[48;2;9;27;49m▀[0m[38;2;8;27;49m[48;2;9;27;48m▀[0m[38;2;8;26;47m[48;2;8;26;45m▀[0m[38;2;8;26;46m[48;2;7;23;41m▀[0m[38;2;8;25;44m[48;2;6;21;38m▀[0m[38;2;12;28;13m[48;2;12;25;12m▀[0m[38;2;15;25;13m[48;2;15;22;12m▀[0m[38;2;16;23;13m[48;2;15;20;11m▀[0m[38;2;14;21;11m[48;2;13;19;10m▀[0m[38;2;13;19;10m[48;2;12;19;10m▀[0m[38;2;11;19;10m[48;2;12;19;10m▀[0m[38;2;9;19;9m[48;2;11;19;10m▀[0m[38;2;5;16;28m[48;2;9;19;9m▀[0m[38;2;5;15;28m[48;2;8;19;9m▀[0m[38;2;8;19;9m[48;2;9;19;9m▀[0m[38;2;9;19;9m[48;2;8;19;9m▀[0m[38;2;5;15;27m[48;2;5;15;27m▀[0m[38;2;5;15;28m[48;2;5;15;27m▀[0m[38;2;5;16;28m[48;2;5;15;28m▀[0m[38;2;5;16;28m[48;2;5;16;28m▀[0m[38;2;5;16;28m[48;2;5;17;29m▀[0m[38;2;5;16;29m[48;2;5;17;30m▀[0m[38;2;5;17;29m[48;2;6;18;30m▀[0m[38;2;6;18;30m[48;2;6;18;30m▀[0m[38;2;6;19;31m[48;2;6;18;30m▀[0m[38;2;6;19;31m▀[0m
       [38;2;8;27;49m[48;2;11;27;12m▀[0m[38;2;9;29;54m[48;2;8;24;46m▀[0m[38;2;10;32;59m[48;2;15;36;17m▀[0m[38;2;12;37;64m[48;2;10;32;57m▀[0m[38;2;13;39;66m[48;2;11;33;59m▀[0m[38;2;12;37;65m[48;2;10;32;58m▀[0m[38;2;11;35;64m[48;2;10;30;57m▀[0m[38;2;11;34;63m[48;2;9;29;57m▀[0m[38;2;11;34;64m[48;2;9;30;57m▀[0m[38;2;11;35;64m[48;2;10;30;58m▀[0m[38;2;11;34;63m[48;2;9;30;57m▀[0m[38;2;10;32;62m[48;2;9;29;56m▀[0m[38;2;9;30;59m[48;2;8;27;54m▀[0m[38;2;8;27;57m[48;2;8;25;53m▀[0m[38;2;7;24;53m[48;2;7;23;51m▀[0m[38;2;7;24;53m[48;2;8;26;53m▀[0m[38;2;8;25;53m[48;2;8;27;52m▀[0m[38;2;8;25;53m[48;2;8;26;51m▀[0m[38;2;9;28;55m[48;2;9;28;52m▀[0m[38;2;10;31;56m[48;2;9;29;52m▀[0m[38;2;10;31;56m[48;2;9;28;51m▀[0m[38;2;9;29;53m[48;2;8;25;48m▀[0m[38;2;8;26;50m[48;2;8;24;46m▀[0m[38;2;7;23;46m[48;2;7;22;43m▀[0m[38;2;7;23;45m[48;2;7;22;42m▀[0m[38;2;7;24;44m[48;2;7;22;41m▀[0m[38;2;13;31;14m[48;2;15;27;14m▀[0m[38;2;8;24;43m[48;2;14;26;13m▀[0m[38;2;8;24;41m[48;2;11;24;12m▀[0m[38;2;7;22;38m[48;2;9;23;10m▀[0m[38;2;10;24;11m[48;2;10;21;10m▀[0m[38;2;11;22;11m[48;2;10;19;9m▀[0m[38;2;13;19;10m[48;2;12;19;10m▀[0m[38;2;13;19;10m[48;2;12;19;10m▀[0m[38;2;13;19;10m[48;2;12;19;10m▀[0m[38;2;12;19;10m[48;2;12;19;10m▀[0m[38;2;11;19;10m[48;2;12;19;10m▀[0m[38;2;12;19;10m[48;2;13;19;10m▀[0m[38;2;10;19;9m[48;2;12;19;10m▀[0m[38;2;9;19;9m[48;2;10;19;9m▀[0m[38;2;9;19;9m[48;2;9;19;9m▀[0m[38;2;4;13;26m[48;2;4;14;27m▀[0m[38;2;5;15;27m[48;2;5;16;28m▀[0m[38;2;5;16;28m[48;2;5;16;29m▀[0m[38;2;5;16;29m[48;2;5;17;29m▀[0m[38;2;5;17;29m[48;2;5;17;30m▀[0m[38;2;6;18;30m[48;2;6;18;30m▀[0m[38;2;5;17;30m[48;2;5;17;29m▀[0m[38;2;5;17;29m[48;2;5;16;29m▀[0m[38;2;5;17;29m[48;2;5;16;28m▀[0m
        [38;2;12;25;12m▀[0m[38;2;17;30;15m[48;2;15;22;12m▀[0m[38;2;16;33;16m[48;2;15;27;14m▀[0m[38;2;16;35;17m[48;2;15;30;15m▀[0m[38;2;8;27;50m[48;2;13;32;15m▀[0m[38;2;8;26;50m[48;2;8;24;46m▀[0m[38;2;8;26;51m[48;2;7;24;46m▀[0m[38;2;8;26;51m[48;2;8;25;47m▀[0m[38;2;8;26;51m[48;2;8;24;47m▀[0m[38;2;8;25;51m[48;2;7;23;46m▀[0m[38;2;8;24;50m[48;2;7;22;45m▀[0m[38;2;7;22;48m[48;2;7;22;45m▀[0m[38;2;7;23;48m[48;2;7;22;45m▀[0m[38;2;7;23;48m[48;2;6;20;43m▀[0m[38;2;9;28;51m[48;2;7;24;45m▀[0m[38;2;9;28;51m[48;2;8;25;46m▀[0m[38;2;8;27;49m[48;2;8;25;45m▀[0m[38;2;8;27;49m[48;2;8;25;45m▀[0m[38;2;8;26;48m[48;2;8;26;45m▀[0m[38;2;8;25;46m[48;2;8;25;43m▀[0m[38;2;7;23;43m[48;2;7;23;41m▀[0m[38;2;7;22;41m[48;2;6;20;37m▀[0m[38;2;6;20;39m[48;2;6;18;35m▀[0m[38;2;6;21;38m[48;2;6;19;34m▀[0m[38;2;7;21;38m[48;2;6;18;33m▀[0m[38;2;13;24;12m[48;2;10;21;10m▀[0m[38;2;11;22;11m[48;2;10;19;9m▀[0m[38;2;11;21;10m[48;2;9;19;9m▀[0m[38;2;9;19;9m[48;2;10;19;9m▀[0m[38;2;11;19;10m[48;2;11;19;10m▀[0m[38;2;12;19;10m[48;2;12;19;10m▀[0m[38;2;13;19;10m[48;2;13;19;10m▀[0m[38;2;12;19;10m[48;2;13;19;10m▀[0m[38;2;14;19;10m[48;2;15;18;11m▀[0m[38;2;16;18;11m[48;2;16;18;11m▀[0m[38;2;16;18;11m[48;2;16;18;11m▀[0m[38;2;14;18;10m[48;2;13;19;10m▀[0m[38;2;13;19;10m[48;2;12;19;10m▀[0m[38;2;12;19;10m[48;2;11;19;10m▀[0m[38;2;10;19;9m[48;2;9;19;9m▀[0m[38;2;5;15;28m[48;2;4;14;27m▀[0m[38;2;5;17;29m[48;2;5;16;28m▀[0m[38;2;5;17;29m[48;2;5;17;29m▀[0m[38;2;5;17;29m[48;2;5;17;30m▀[0m[38;2;5;17;29m[48;2;6;18;30m▀[0m[38;2;6;18;30m[48;2;6;18;30m▀[0m[38;2;5;17;29m[48;2;5;16;29m▀[0m[38;2;5;16;28m▀[0m
          [38;2;13;19;10m▀[0m[38;2;13;24;12m[48;2;11;19;10m▀[0m[38;2;13;27;13m[48;2;11;20;10m▀[0m[38;2;12;28;13m[48;2;12;23;11m▀[0m[38;2;7;23;42m[48;2;11;24;12m▀[0m[38;2;7;23;43m[48;2;11;25;12m▀[0m[38;2;7;23;43m[48;2;6;20;37m▀[0m[38;2;7;22;42m[48;2;6;21;38m▀[0m[38;2;7;22;42m[48;2;7;21;38m▀[0m[38;2;7;22;42m[48;2;6;21;38m▀[0m[38;2;7;21;41m[48;2;6;19;37m▀[0m[38;2;6;19;39m[48;2;5;17;35m▀[0m[38;2;6;21;40m[48;2;6;18;35m▀[0m[38;2;7;22;41m[48;2;6;19;36m▀[0m[38;2;7;22;41m[48;2;6;20;36m▀[0m[38;2;7;23;41m[48;2;7;21;36m▀[0m[38;2;8;24;41m[48;2;7;22;36m▀[0m[38;2;7;23;39m[48;2;6;21;34m▀[0m[38;2;7;21;36m[48;2;6;18;31m▀[0m[38;2;6;18;33m[48;2;5;15;28m▀[0m[38;2;5;16;30m[48;2;4;14;27m▀[0m[38;2;5;15;29m[48;2;4;14;26m▀[0m[38;2;5;15;28m[48;2;5;15;28m▀[0m[38;2;9;19;9m[48;2;9;19;9m▀[0m[38;2;10;19;9m[48;2;10;19;9m▀[0m[38;2;11;19;10m[48;2;10;19;9m▀[0m[38;2;10;19;9m[48;2;9;19;9m▀[0m[38;2;10;19;9m[48;2;9;19;9m▀[0m[38;2;11;19;10m[48;2;9;19;9m▀[0m[38;2;11;19;10m[48;2;9;19;9m▀[0m[38;2;13;19;10m[48;2;10;19;9m▀[0m[38;2;14;18;10m[48;2;10;19;9m▀[0m[38;2;15;18;11m[48;2;11;19;10m▀[0m[38;2;14;18;10m[48;2;10;19;9m▀[0m[38;2;11;19;10m[48;2;10;19;9m▀[0m[38;2;10;19;9m[48;2;9;19;9m▀[0m[38;2;10;19;9m[48;2;8;19;9m▀[0m[38;2;4;14;27m[48;2;4;14;26m▀[0m[38;2;4;14;27m[48;2;4;14;26m▀[0m[38;2;5;15;28m[48;2;4;14;27m▀[0m[38;2;5;16;28m[48;2;5;15;28m▀[0m[38;2;5;17;29m[48;2;5;16;29m▀[0m[38;2;6;18;30m[48;2;5;17;29m▀[0m[38;2;5;17;29m▀[0m
            [38;2;13;19;10m▀[0m[38;2;12;19;10m▀[0m[38;2;11;19;10m[48;2;13;19;10m▀[0m[38;2;11;20;10m[48;2;11;19;10m▀[0m[38;2;10;21;10m[48;2;11;19;10m▀[0m[38;2;6;19;33m[48;2;9;19;9m▀[0m[38;2;6;19;33m[48;2;8;19;9m▀[0m[38;2;5;17;32m[48;2;5;16;28m▀[0m[38;2;5;16;31m[48;2;5;15;27m▀[0m[38;2;5;16;31m[48;2;4;14;27m▀[0m[38;2;5;17;31m[48;2;9;19;9m▀[0m[38;2;6;18;31m[48;2;10;19;9m▀[0m[38;2;9;20;10m[48;2;12;19;10m▀[0m[38;2;9;20;9m[48;2;11;19;10m▀[0m[38;2;8;19;9m[48;2;9;19;9m▀[0m[38;2;6;19;31m[48;2;8;19;9m▀[0m[38;2;6;18;30m[48;2;8;19;9m▀[0m[38;2;5;15;28m[48;2;8;19;9m▀[0m[38;2;4;13;26m[48;2;8;19;9m▀[0m[38;2;4;13;26m[48;2;9;19;9m▀[0m[38;2;8;19;9m[48;2;9;19;9m▀[0m[38;2;10;19;9m[48;2;11;19;10m▀[0m[38;2;11;19;10m[48;2;11;19;10m▀[0m[38;2;10;19;9m[48;2;10;19;9m▀[0m[38;2;9;19;9m[48;2;9;19;9m▀[0m[38;2;6;20;32m[48;2;6;19;31m▀[0m[38;2;8;19;9m[48;2;6;19;31m▀[0m[38;2;6;19;31m[48;2;6;19;31m▀[0m[38;2;6;18;30m[48;2;6;18;30m▀[0m[38;2;5;17;30m[48;2;5;17;29m▀[0m[38;2;9;19;9m[48;2;5;16;28m▀[0m[38;2;5;15;27m[48;2;5;15;27m▀[0m[38;2;8;19;9m[48;2;4;13;26m▀[0m[38;2;4;13;26m[48;2;4;12;25m▀[0m[38;2;4;12;25m[48;2;3;12;25m▀[0m[38;2;4;12;25m[48;2;3;11;24m▀[0m[38;2;4;13;26m[48;2;3;12;25m▀[0m[38;2;4;13;26m[48;2;4;13;26m▀[0m[38;2;4;15;27m▀[0m[38;2;5;15;27m▀[0m
               [38;2;41;43;44m▀[0m[38;2;41;43;44m▀[0m[38;2;41;43;44m[48;2;41;43;44m▀[0m[38;2;41;43;44m[48;2;41;43;44m▀[0m[38;2;41;43;44m[48;2;41;43;44m▀[0m[38;2;41;43;44m[48;2;41;43;44m▀[0m[38;2;41;43;44m[48;2;41;43;44m▀[0m[38;2;41;43;44m[48;2;41;43;44m▀[0m[38;2;41;43;44m[48;2;41;43;44m▀[0m[38;2;41;43;44m[48;2;41;43;44m▀[0m[38;2;41;43;44m[48;2;41;43;44m▀[0m[38;2;41;43;44m[48;2;41;43;44m▀[0m[38;2;41;43;44m[48;2;41;43;44m▀[0m[38;2;41;43;44m[48;2;41;43;44m▀[0m[38;2;41;43;44m[48;2;41;43;44m▀[0m[38;2;41;43;44m[48;2;41;43;44m▀[0m[38;2;41;43;44m[48;2;41;43;44m▀[0m[38;2;41;43;44m[48;2;41;43;44m▀[0m[38;2;41;43;44m[48;2;41;43;44m▀[0m[38;2;41;43;44m[48;2;41;43;44m▀[0m[38;2;41;43;44m[48;2;41;43;44m▀[0m[38;2;41;43;44m[48;2;41;43;44m▀[0m[38;2;41;43;44m[48;2;41;43;44m▀[0m[38;2;41;43;44m[48;2;41;43;44m▀[0m[38;2;41;43;44m[48;2;41;43;44m▀[0m[38;2;41;43;44m[48;2;41;43;44m▀[0m[38;2;41;43;44m[48;2;41;43;44m▀[0m[38;2;41;43;44m[48;2;41;43;44m▀[0m[38;2;41;43;44m[48;2;41;43;44m▀[0m[38;2;41;43;44m[48;2;41;43;44m▀[0m[38;2;41;43;44m[48;2;41;43;44m▀[0m[38;2;41;43;44m[48;2;41;43;44m▀[0m[38;2;41;43;44m▀[0m[38;2;41;43;44m▀[0m
                   [38;2;41;43;44m▀[0m[38;2;41;43;44m▀[0m[38;2;41;43;44m[48;2;41;43;44m▀[0m[38;2;41;43;44m[48;2;41;43;44m▀[0m[38;2;41;43;44m[48;2;41;43;44m▀[0m[38;2;41;43;44m[48;2;41;43;44m▀[0m[38;2;41;43;44m[48;2;41;43;44m▀[0m[38;2;41;43;44m[48;2;41;43;44m▀[0m[38;2;41;43;44m[48;2;41;43;44m▀[0m[38;2;41;43;44m[48;2;41;43;44m▀[0m[38;2;41;43;44m[48;2;41;43;44m▀[0m[38;2;41;43;44m[48;2;41;43;44m▀[0m[38;2;41;43;44m[48;2;41;43;44m▀[0m[38;2;41;43;44m[48;2;41;43;44m▀[0m[38;2;41;43;44m[48;2;41;43;44m▀[0m[38;2;41;43;44m[48;2;41;43;44m▀[0m[38;2;41;43;44m[48;2;41;43;44m▀[0m[38;2;41;43;44m[48;2;41;43;44m▀[0m[38;2;41;43;44m[48;2;41;43;44m▀[0m[38;2;41;43;44m[48;2;41;43;44m▀[0m[38;2;41;43;44m[48;2;41;43;44m▀[0m[38;2;41;43;44m[48;2;41;43;44m▀[0m[38;2;41;43;44m[48;2;41;43;44m▀[0m[38;2;41;43;44m[48;2;41;43;44m▀[0m[38;2;41;43;44m▀[0m[38;2;41;43;44m▀[0m
                        [38;2;41;43;44m▀[0m[38;2;41;43;44m▀[0m[38;2;41;43;44m▀[0m[38;2;41;43;44m▀[0m[38;2;41;43;44m▀[0m[38;2;41;43;44m▀[0m[38;2;41;43;44m▀[0m[38;2;41;43;44m▀[0m[38;2;41;43;44m▀[0m[38;2;41;43;44m▀[0m[38;2;41;43;44m▀[0m[38;2;41;43;44m▀[0m[38;2;41;43;44m▀[0m[38;2;41;43;44m▀[0m[38;2;41;43;44m▀[0m[38;2;41;43;44m▀[0m
