               [38;2;6;15;27m▄[0m[38;2;10;33;59m▄[0m[38;2;27;59;94m▄[0m[38;2;46;81;119m▄[0m[38;2;56;91;129m▄[0m[38;2;53;89;128m▄[0m[38;2;42;77;116m▄[0m[38;2;27;58;92m▄[0m[38;2;11;34;61m▄[0m[38;2;6;16;30m▄[0m[38;2;5;7;11m▄[0m
          [38;2;5;10;17m▄[0m[38;2;23;52;84m▄[0m[38;2;5;12;21m[48;2;85;126;166m▀[0m[38;2;18;45;75m[48;2;113;148;185m▀[0m[38;2;73;110;147m[48;2;99;138;175m▀[0m[38;2;137;168;199m[48;2;238;240;241m▀[0m[38;2;165;191;217m[48;2;248;248;247m▀[0m[38;2;192;207;223m[48;2;190;200;211m▀[0m[38;2;162;181;203m[48;2;101;130;165m▀[0m[38;2;142;164;192m[48;2;74;105;144m▀[0m[38;2;151;170;196m[48;2;137;158;185m▀[0m[38;2;160;178;200m[48;2;139;158;181m▀[0m[38;2;140;162;190m[48;2;124;147;175m▀[0m[38;2;117;146;179m[48;2;64;97;137m▀[0m[38;2;72;111;151m[48;2;134;155;180m▀[0m[38;2;47;84;125m[48;2;93;124;158m▀[0m[38;2;18;46;77m[48;2;55;102;147m▀[0m[38;2;5;14;26m[48;2;40;84;126m▀[0m[38;2;18;45;75m▄[0m[38;2;5;11;21m▄[0m
        [38;2;11;32;57m▄[0m[38;2;8;21;38m[48;2;77;120;155m▀[0m[38;2;80;117;154m[48;2;92;132;169m▀[0m[38;2;126;154;184m[48;2;112;139;166m▀[0m[38;2;156;169;187m[48;2;58;103;152m▀[0m[38;2;83;126;170m[48;2;76;113;154m▀[0m[38;2;182;196;208m[48;2;143;165;190m▀[0m[38;2;195;209;222m[48;2;98;130;166m▀[0m[38;2;143;168;194m[48;2;118;141;169m▀[0m[38;2;102;132;165m[48;2;131;146;158m▀[0m[38;2;113;137;167m[48;2;109;131;159m▀[0m[38;2;110;134;163m[48;2;82;109;144m▀[0m[38;2;86;114;148m[48;2;90;126;160m▀[0m[38;2;101;133;165m[48;2;100;125;120m▀[0m[38;2;123;146;162m[48;2;112;135;139m▀[0m[38;2;109;131;147m[48;2;86;113;102m▀[0m[38;2;104;139;166m[48;2;83;112;107m▀[0m[38;2;68;120;165m[48;2;108;132;134m▀[0m[38;2;81;129;168m[48;2;159;173;172m▀[0m[38;2;105;127;142m[48;2;136;151;152m▀[0m[38;2;115;125;132m[48;2;118;132;134m▀[0m[38;2;48;70;93m[48;2;79;92;92m▀[0m[38;2;7;21;39m[48;2;42;60;71m▀[0m[38;2;8;21;39m▄[0m
      [38;2;9;25;45m▄[0m[38;2;12;34;59m[48;2;81;121;143m▀[0m[38;2;80;121;141m[48;2;74;103;90m▀[0m[38;2;54;102;126m[48;2;84;105;93m▀[0m[38;2;115;134;135m[48;2;117;138;144m▀[0m[38;2;136;156;173m[48;2;73;102;130m▀[0m[38;2;96;127;164m[48;2;30;64;110m▀[0m[38;2;164;180;198m[48;2;96;119;149m▀[0m[38;2;163;178;196m[48;2;170;184;199m▀[0m[38;2;104;125;153m[48;2;124;142;164m▀[0m[38;2;115;136;161m[48;2;147;161;178m▀[0m[38;2;116;136;161m[48;2;147;164;184m▀[0m[38;2;76;112;149m[48;2;92;133;128m▀[0m[38;2;73;119;148m[48;2;85;122;108m▀[0m[38;2;62;115;153m[48;2;73;126;141m▀[0m[38;2;65;105;95m[48;2;82;109;75m▀[0m[38;2;63;114;137m[48;2;92;124;101m▀[0m[38;2;52;98;97m[48;2;83;110;70m▀[0m[38;2;103;129;122m[48;2;136;158;147m▀[0m[38;2;93;120;109m[48;2;103;129;111m▀[0m[38;2;82;108;96m[48;2;133;155;149m▀[0m[38;2;81;106;95m[48;2;95;115;83m▀[0m[38;2;71;95;78m[48;2;126;135;116m▀[0m[38;2;43;69;46m[48;2;99;103;72m▀[0m[38;2;48;68;58m[48;2;99;96;69m▀[0m[38;2;23;41;41m[48;2;64;71;51m▀[0m[38;2;5;15;30m[48;2;35;40;42m▀[0m[38;2;5;10;22m▄[0m
     [38;2;6;13;23m[48;2;40;71;103m▀[0m[38;2;92;124;151m[48;2;127;151;125m▀[0m[38;2;109;141;151m[48;2;162;183;172m▀[0m[38;2;76;106;93m[48;2;49;96;132m▀[0m[38;2;71;110;115m[48;2;8;43;93m▀[0m[38;2;40;90;132m[48;2;30;61;106m▀[0m[38;2;55;101;141m[48;2;96;121;151m▀[0m[38;2;86;111;144m[48;2;110;128;155m▀[0m[38;2;156;172;190m[48;2;104;122;148m▀[0m[38;2;178;191;204m[48;2;124;140;162m▀[0m[38;2;123;140;163m[48;2;100;119;145m▀[0m[38;2;108;128;153m[48;2;101;119;145m▀[0m[38;2;48;75;112m[48;2;83;109;131m▀[0m[38;2;52;101;147m[48;2;109;123;105m▀[0m[38;2;107;131;111m[48;2;118;126;90m▀[0m[38;2;131;130;88m[48;2;56;76;74m▀[0m[38;2;128;135;102m[48;2;44;73;80m▀[0m[38;2;109;121;81m[48;2;50;78;83m▀[0m[38;2;109;121;74m[48;2;72;82;42m▀[0m[38;2;107;116;54m[48;2;87;92;52m▀[0m[38;2;80;110;75m[48;2;28;58;88m▀[0m[38;2;89;114;74m[48;2;34;68;88m▀[0m[38;2;141;145;100m[48;2;83;103;69m▀[0m[38;2;163;153;130m[48;2;90;109;111m▀[0m[38;2;187;161;140m[48;2;212;212;200m▀[0m[38;2;174;152;133m[48;2;213;196;178m▀[0m[38;2;129;113;96m[48;2;140;130;112m▀[0m[38;2;97;92;91m[48;2;161;154;154m▀[0m[38;2;47;47;54m[48;2;108;103;105m▀[0m[38;2;5;7;13m[48;2;16;18;25m▀[0m
    [38;2;6;18;34m[48;2;39;71;103m▀[0m[38;2;106;137;144m[48;2;95;130;120m▀[0m[38;2;100;135;91m[48;2;44;96;131m▀[0m[38;2;108;146;174m[48;2;28;67;118m▀[0m[38;2;125;146;174m[48;2;127;146;172m▀[0m[38;2;48;77;119m[48;2;71;98;135m▀[0m[38;2;46;75;116m[48;2;32;66;111m▀[0m[38;2;81;103;133m[48;2;44;74;115m▀[0m[38;2;24;46;84m[48;2;15;41;85m▀[0m[38;2;79;101;132m[48;2;43;69;110m▀[0m[38;2;112;131;156m[48;2;110;127;153m▀[0m[38;2;87;107;135m[48;2;45;68;103m▀[0m[38;2;100;118;146m[48;2;37;60;97m▀[0m[38;2;109;120;119m[48;2;50;76;110m▀[0m[38;2;207;171;120m[48;2;128;119;108m▀[0m[38;2;83;93;104m[48;2;182;156;137m▀[0m[38;2;29;56;96m[48;2;231;210;170m▀[0m[38;2;42;70;100m[48;2;174;172;154m▀[0m[38;2;40;70;93m[48;2;28;60;105m▀[0m[38;2;38;66;80m[48;2;25;59;100m▀[0m[38;2;35;57;82m[48;2;21;52;96m▀[0m[38;2;149;129;103m[48;2;6;34;82m▀[0m[38;2;165;138;107m[48;2;87;95;104m▀[0m[38;2;156;134;100m[48;2;229;208;159m▀[0m[38;2;106;95;67m[48;2;201;178;141m▀[0m[38;2;99;96;103m[48;2;175;149;132m▀[0m[38;2;194;167;149m[48;2;165;147;140m▀[0m[38;2;135;115;97m[48;2;191;163;146m▀[0m[38;2;109;108;103m[48;2;113;109;78m▀[0m[38;2;118;108;108m[48;2;81;82;82m▀[0m[38;2;33;30;33m[48;2;55;51;54m▀[0m[38;2;5;7;11m▄[0m
   [38;2;5;10;18m[48;2;9;29;51m▀[0m[38;2;67;114;155m[48;2;55;114;162m▀[0m[38;2;34;92;135m[48;2;30;87;132m▀[0m[38;2;15;59;112m[48;2;11;51;103m▀[0m[38;2;10;47;99m[48;2;8;41;92m▀[0m[38;2;9;46;99m[48;2;6;42;95m▀[0m[38;2;14;52;103m[48;2;11;44;93m▀[0m[38;2;25;59;106m[48;2;36;68;112m▀[0m[38;2;44;75;118m[48;2;75;103;140m▀[0m[38;2;30;63;106m[48;2;68;96;132m▀[0m[38;2;54;82;121m[48;2;49;78;118m▀[0m[38;2;74;98;131m[48;2;61;88;125m▀[0m[38;2;59;83;118m[48;2;59;84;119m▀[0m[38;2;79;103;135m[48;2;201;190;171m▀[0m[38;2;175;149;135m[48;2;233;207;178m▀[0m[38;2;210;172;149m[48;2;227;197;167m▀[0m[38;2;232;197;162m[48;2;214;180;152m▀[0m[38;2;237;221;178m[48;2;204;164;136m▀[0m[38;2;233;219;165m[48;2;225;197;162m▀[0m[38;2;243;240;201m[48;2;243;230;191m▀[0m[38;2;216;220;200m[48;2;243;226;175m▀[0m[38;2;236;236;207m[48;2;248;244;193m▀[0m[38;2;211;213;196m[48;2;235;223;195m▀[0m[38;2;191;181;161m[48;2;145;135;136m▀[0m[38;2;209;175;143m[48;2;128;104;101m▀[0m[38;2;238;221;175m[48;2;219;182;147m▀[0m[38;2;135;137;142m[48;2;219;223;192m▀[0m[38;2;137;124;122m[48;2;108;111;123m▀[0m[38;2;152;135;129m[48;2;62;64;87m▀[0m[38;2;173;158;128m[48;2;79;89;92m▀[0m[38;2;88;99;65m[48;2;124;126;96m▀[0m[38;2;34;42;37m[48;2;61;74;58m▀[0m[38;2;6;8;11m[48;2;7;17;11m▀[0m
   [38;2;24;59;94m[48;2;31;80;127m▀[0m[38;2;71;115;129m[48;2;69;110;125m▀[0m[38;2;22;62;103m[48;2;10;48;102m▀[0m[38;2;37;77;114m[48;2;18;53;103m▀[0m[38;2;40;71;116m[48;2;107;131;163m▀[0m[38;2;22;53;101m[48;2;67;94;132m▀[0m[38;2;26;60;106m[48;2;28;62;108m▀[0m[38;2;63;91;130m[48;2;61;89;128m▀[0m[38;2;38;69;114m[48;2;74;102;140m▀[0m[38;2;48;79;120m[48;2;34;67;112m▀[0m[38;2;48;79;121m[48;2;25;60;105m▀[0m[38;2;62;89;129m[48;2;59;90;131m▀[0m[38;2;169;182;183m[48;2;192;205;194m▀[0m[38;2;245;235;197m[48;2;248;238;189m▀[0m[38;2;246;239;199m[48;2;247;236;185m▀[0m[38;2;234;218;186m[48;2;248;237;179m▀[0m[38;2;217;187;161m[48;2;243;214;164m▀[0m[38;2;227;189;155m[48;2;237;205;157m▀[0m[38;2;233;202;162m[48;2;245;230;170m▀[0m[38;2;217;180;146m[48;2;243;234;184m▀[0m[38;2;237;217;181m[48;2;233;208;148m▀[0m[38;2;234;197;155m[48;2;246;215;155m▀[0m[38;2;241;220;178m[48;2;249;242;181m▀[0m[38;2;208;183;163m[48;2;235;207;165m▀[0m[38;2;82;86;108m[48;2;126;125;135m▀[0m[38;2;195;162;138m[48;2;129;118;119m▀[0m[38;2;245;241;191m[48;2;229;212;178m▀[0m[38;2;227;211;176m[48;2;171;157;148m▀[0m[38;2;88;90;104m[48;2;21;32;59m▀[0m[38;2;27;56;90m[48;2;57;74;98m▀[0m[38;2;73;95;87m[48;2;65;86;100m▀[0m[38;2;67;76;72m[48;2;53;56;50m▀[0m[38;2;4;12;22m[48;2;2;5;19m▀[0m[38;2;4;7;11m▄[0m
  [38;2;6;8;11m[48;2;6;9;14m▀[0m[38;2;39;91;143m[48;2;57;107;156m▀[0m[38;2;46;92;127m[48;2;69;107;143m▀[0m[38;2;32;82;121m[48;2;113;138;99m▀[0m[38;2;75;121;158m[48;2;143;157;125m▀[0m[38;2;81;113;153m[48;2;52;114;154m▀[0m[38;2;44;75;120m[48;2;12;55;111m▀[0m[38;2;22;54;102m[48;2;16;51;100m▀[0m[38;2;115;135;161m[48;2;121;140;166m▀[0m[38;2;71;98;135m[48;2;109;129;157m▀[0m[38;2;82;108;142m[48;2;83;106;142m▀[0m[38;2;55;85;126m[48;2;49;79;120m▀[0m[38;2;75;107;149m[48;2;33;67;114m▀[0m[38;2;168;158;104m[48;2;96;127;117m▀[0m[38;2;187;164;102m[48;2;111;123;63m▀[0m[38;2;211;181;120m[48;2;138;134;64m▀[0m[38;2;229;198;137m[48;2;170;158;93m▀[0m[38;2;239;213;150m[48;2;164;146;73m▀[0m[38;2;242;213;148m[48;2;190;161;95m▀[0m[38;2;246;239;180m[48;2;208;173;109m▀[0m[38;2;246;237;180m[48;2;150;149;64m▀[0m[38;2;234;224;150m[48;2;122;130;51m▀[0m[38;2;244;220;153m[48;2;150;136;65m▀[0m[38;2;239;204;148m[48;2;195;152;101m▀[0m[38;2;213;171;131m[48;2;140;119;63m▀[0m[38;2;157;125;96m[48;2;75;83;25m▀[0m[38;2;97;104;120m[48;2;159;133;114m▀[0m[38;2;96;84;94m[48;2;174;148;142m▀[0m[38;2;13;28;64m[48;2;65;64;80m▀[0m[38;2;20;35;65m[48;2;10;20;47m▀[0m[38;2;62;77;99m[48;2;67;80;100m▀[0m[38;2;72;91;114m[48;2;68;81;101m▀[0m[38;2;35;46;48m[48;2;22;38;57m▀[0m[38;2;2;5;18m[48;2;6;10;21m▀[0m[38;2;3;6;15m[48;2;3;5;15m▀[0m
  [38;2;6;9;15m[48;2;6;8;11m▀[0m[38;2;78;121;164m[48;2;68;111;155m▀[0m[38;2;115;148;182m[48;2;126;152;174m▀[0m[38;2;182;196;188m[48;2;142;158;147m▀[0m[38;2;169;182;174m[48;2;154;168;164m▀[0m[38;2;87;118;89m[48;2;79;105;78m▀[0m[38;2;56;118;140m[48;2;63;106;78m▀[0m[38;2;19;52;101m[48;2;22;75;132m▀[0m[38;2;64;93;132m[48;2;9;40;90m▀[0m[38;2;109;130;159m[48;2;29;59;106m▀[0m[38;2;115;134;162m[48;2;51;79;118m▀[0m[38;2;90;112;143m[48;2;70;96;132m▀[0m[38;2;49;79;120m[48;2;76;101;137m▀[0m[38;2;46;81;123m[48;2;102;123;152m▀[0m[38;2;108;131;100m[48;2;92;116;146m▀[0m[38;2;135;148;110m[48;2;106;128;147m▀[0m[38;2;130;139;88m[48;2;101;123;147m▀[0m[38;2;194;200;184m[48;2;162;180;200m▀[0m[38;2;109;116;44m[48;2;121;145;141m▀[0m[38;2;74;92;20m[48;2;77;102;72m▀[0m[38;2;68;95;18m[48;2;95;117;99m▀[0m[38;2;49;83;27m[48;2;83;107;90m▀[0m[38;2;53;86;15m[48;2;96;121;102m▀[0m[38;2;117;123;47m[48;2;118;140;121m▀[0m[38;2;97;108;34m[48;2;155;166;167m▀[0m[38;2;113;119;84m[48;2;171;153;130m▀[0m[38;2;131;92;67m[48;2;173;131;102m▀[0m[38;2;195;156;136m[48;2;76;82;99m▀[0m[38;2;9;16;40m[48;2;3;11;37m▀[0m[38;2;5;14;38m[48;2;10;24;54m▀[0m[38;2;85;96;115m[48;2;47;58;78m▀[0m[38;2;45;58;76m[48;2;44;55;72m▀[0m[38;2;31;38;53m[48;2;20;26;40m▀[0m[38;2;6;10;21m▀[0m[38;2;4;6;13m[48;2;4;6;12m▀[0m
   [38;2;37;83;129m[48;2;22;59;96m▀[0m[38;2;120;145;167m[48;2;135;161;188m▀[0m[38;2;125;144;133m[48;2;36;64;31m▀[0m[38;2;97;120;97m[48;2;18;55;6m▀[0m[38;2;30;63;21m[48;2;22;62;7m▀[0m[38;2;23;58;20m[48;2;30;71;8m▀[0m[38;2;32;91;85m[48;2;52;89;18m▀[0m[38;2;29;85;131m[48;2;110;116;54m▀[0m[38;2;13;51;104m[48;2;81;107;107m▀[0m[38;2;13;47;96m[48;2;10;43;92m▀[0m[38;2;10;41;88m[48;2;10;41;87m▀[0m[38;2;33;64;107m[48;2;46;74;113m▀[0m[38;2;43;69;109m[48;2;35;63;102m▀[0m[38;2;36;62;100m[48;2;77;98;132m▀[0m[38;2;47;71;110m[48;2;24;49;88m▀[0m[38;2;57;79;113m[48;2;43;67;104m▀[0m[38;2;81;100;130m[48;2;48;71;106m▀[0m[38;2;100;123;148m[48;2;52;78;110m▀[0m[38;2;47;71;24m[48;2;78;89;59m▀[0m[38;2;40;65;30m[48;2;120;128;106m▀[0m[38;2;21;50;18m[48;2;48;59;23m▀[0m[38;2;19;47;13m[48;2;59;69;39m▀[0m[38;2;35;62;33m[48;2;95;104;86m▀[0m[38;2;58;77;60m[48;2;179;164;147m▀[0m[38;2;151;127;93m[48;2;112;98;73m▀[0m[38;2;90;96;100m[48;2;11;22;47m▀[0m[38;2;12;22;46m[48;2;13;24;50m▀[0m[38;2;48;59;84m[48;2;17;28;53m▀[0m[38;2;39;52;77m[48;2;36;47;68m▀[0m[38;2;15;20;40m[48;2;33;41;60m▀[0m[38;2;27;35;51m[48;2;13;19;36m▀[0m[38;2;16;19;30m[48;2;4;7;16m▀[0m[38;2;5;7;14m▄[0m
   [38;2;10;31;54m[48;2;6;12;20m▀[0m[38;2;111;149;187m[48;2;57;105;153m▀[0m[38;2;133;140;124m[48;2;194;199;208m▀[0m[38;2;42;77;17m[48;2;138;141;119m▀[0m[38;2;39;76;12m[48;2;112;114;56m▀[0m[38;2;75;93;30m[48;2;128;111;57m▀[0m[38;2;123;112;57m[48;2;145;119;72m▀[0m[38;2;176;141;98m[48;2;126;113;63m▀[0m[38;2;135;125;103m[48;2;23;58;96m▀[0m[38;2;17;50;97m[48;2;26;53;95m▀[0m[38;2;30;59;101m[48;2;49;73;110m▀[0m[38;2;37;65;105m[48;2;81;100;130m▀[0m[38;2;41;67;105m[48;2;62;84;118m▀[0m[38;2;83;102;133m[48;2;72;93;125m▀[0m[38;2;42;66;102m[48;2;55;79;113m▀[0m[38;2;23;48;88m[48;2;26;52;91m▀[0m[38;2;61;84;116m[48;2;41;67;104m▀[0m[38;2;10;31;71m[48;2;24;48;86m▀[0m[38;2;62;91;107m[48;2;45;77;104m▀[0m[38;2;83;70;29m[48;2;89;71;31m▀[0m[38;2;80;63;21m[48;2;84;70;27m▀[0m[38;2;86;69;31m[48;2;78;64;19m▀[0m[38;2;80;70;37m[48;2;95;82;37m▀[0m[38;2;110;91;53m[48;2;67;77;49m▀[0m[38;2;85;91;67m[48;2;54;71;22m▀[0m[38;2;21;39;70m[48;2;18;49;86m▀[0m[38;2;42;60;86m[48;2;45;69;94m▀[0m[38;2;49;62;85m[48;2;31;46;70m▀[0m[38;2;36;44;64m[48;2;27;36;57m▀[0m[38;2;76;85;100m[48;2;60;68;83m▀[0m[38;2;44;54;67m[48;2;29;37;50m▀[0m[38;2;5;7;17m[48;2;5;6;14m▀[0m[38;2;5;7;14m[48;2;4;6;12m▀[0m
    [38;2;29;66;105m[48;2;7;20;36m▀[0m[38;2;119;146;177m[48;2;56;107;157m▀[0m[38;2;196;188;195m[48;2;120;127;152m▀[0m[38;2;102;124;91m[48;2;110;125;112m▀[0m[38;2;124;117;64m[48;2;74;100;44m▀[0m[38;2;154;130;83m[48;2;110;118;71m▀[0m[38;2;123;119;77m[48;2;116;138;137m▀[0m[38;2;23;62;106m[48;2;78;101;132m▀[0m[38;2;12;43;87m[48;2;15;46;88m▀[0m[38;2;43;70;109m[48;2;26;55;96m▀[0m[38;2;63;86;117m[48;2;63;86;118m▀[0m[38;2;55;78;112m[48;2;98;114;140m▀[0m[38;2;73;94;125m[48;2;63;85;118m▀[0m[38;2;49;73;109m[48;2;43;67;102m▀[0m[38;2;60;83;117m[48;2;50;74;107m▀[0m[38;2;26;52;91m[48;2;52;74;108m▀[0m[38;2;16;42;82m[48;2;23;49;88m▀[0m[38;2;92;98;95m[48;2;128;128;128m▀[0m[38;2;126;101;74m[48;2;163;125;103m▀[0m[38;2;104;85;50m[48;2;165;133;114m▀[0m[38;2;114;96;64m[48;2;133;110;85m▀[0m[38;2;108;100;78m[48;2;114;104;85m▀[0m[38;2;76;87;51m[48;2;44;69;47m▀[0m[38;2;39;65;35m[48;2;14;40;77m▀[0m[38;2;36;68;91m[48;2;71;77;73m▀[0m[38;2;50;55;55m[48;2;17;29;50m▀[0m[38;2;30;46;70m[48;2;36;49;69m▀[0m[38;2;67;77;92m[48;2;47;59;76m▀[0m[38;2;37;46;61m[48;2;27;36;51m▀[0m[38;2;8;12;23m[48;2;3;5;14m▀[0m[38;2;4;6;14m[48;2;4;7;16m▀[0m[38;2;4;6;11m▀[0m
     [38;2;26;64;105m[48;2;6;14;24m▀[0m[38;2;56;98;145m[48;2;39;91;141m▀[0m[38;2;158;154;155m[48;2;105;120;137m▀[0m[38;2;124;137;105m[48;2;127;136;111m▀[0m[38;2;69;107;75m[48;2;82;117;123m▀[0m[38;2;57;91;131m[48;2;46;76;117m▀[0m[38;2;161;172;188m[48;2;68;92;125m▀[0m[38;2;104;122;147m[48;2;159;170;184m▀[0m[38;2;49;76;110m[48;2;125;138;157m▀[0m[38;2;47;74;111m[48;2;30;59;97m▀[0m[38;2;48;73;109m[48;2;69;90;122m▀[0m[38;2;79;98;126m[48;2;94;110;135m▀[0m[38;2;115;128;149m[48;2;107;120;142m▀[0m[38;2;49;72;106m[48;2;31;56;92m▀[0m[38;2;53;73;105m[48;2;23;50;87m▀[0m[38;2;78;96;125m[48;2;23;49;86m▀[0m[38;2;109;130;154m[48;2;72;97;128m▀[0m[38;2;200;162;132m[48;2;145;133;128m▀[0m[38;2;204;172;152m[48;2;139;113;100m▀[0m[38;2;141;117;103m[48;2;105;89;80m▀[0m[38;2;78;85;63m[48;2;34;56;74m▀[0m[38;2;16;42;52m[48;2;9;25;54m▀[0m[38;2;45;68;99m[48;2;62;78;102m▀[0m[38;2;49;61;77m[48;2;49;65;88m▀[0m[38;2;51;68;91m[48;2;38;52;74m▀[0m[38;2;97;105;118m[48;2;75;84;98m▀[0m[38;2;41;50;66m[48;2;38;47;61m▀[0m[38;2;14;22;37m[48;2;5;10;21m▀[0m[38;2;4;9;19m[48;2;4;10;21m▀[0m[38;2;4;8;15m▀[0m
      [38;2;9;26;45m▀[0m[38;2;60;107;153m[48;2;12;34;60m▀[0m[38;2;130;140;128m[48;2;94;127;155m▀[0m[38;2;47;94;126m[48;2;60;106;143m▀[0m[38;2;17;55;102m[48;2;35;73;117m▀[0m[38;2;16;51;96m[48;2;90;114;145m▀[0m[38;2;74;96;126m[48;2;61;87;122m▀[0m[38;2;159;170;183m[48;2;137;150;167m▀[0m[38;2;52;75;108m[48;2;43;71;107m▀[0m[38;2;70;92;123m[48;2;38;67;104m▀[0m[38;2;118;133;154m[48;2;134;147;166m▀[0m[38;2;76;94;121m[48;2;106;122;144m▀[0m[38;2;99;115;139m[48;2;105;120;142m▀[0m[38;2;50;73;105m[48;2;92;107;129m▀[0m[38;2;20;44;80m[48;2;73;92;121m▀[0m[38;2;20;44;82m[48;2;67;87;114m▀[0m[38;2;65;84;106m[48;2;67;85;111m▀[0m[38;2;52;65;76m[48;2;49;68;97m▀[0m[38;2;47;67;92m[48;2;14;34;67m▀[0m[38;2;75;90;112m[48;2;80;94;116m▀[0m[38;2;61;77;101m[48;2;103;114;130m▀[0m[38;2;60;76;99m[48;2;28;46;72m▀[0m[38;2;61;76;97m[48;2;63;76;95m▀[0m[38;2;13;26;48m[48;2;25;39;59m▀[0m[38;2;10;21;40m[48;2;6;16;33m▀[0m[38;2;10;16;30m[48;2;4;13;29m▀[0m[38;2;4;10;23m[48;2;5;12;24m▀[0m[38;2;4;8;15m▀[0m
        [38;2;12;32;56m▀[0m[38;2;70;111;148m[48;2;7;20;36m▀[0m[38;2;33;82;131m[48;2;46;85;125m▀[0m[38;2;65;98;138m[48;2;54;100;148m▀[0m[38;2;70;96;131m[48;2;59;95;137m▀[0m[38;2;104;124;149m[48;2;59;91;128m▀[0m[38;2;103;123;149m[48;2;98;119;147m▀[0m[38;2;41;70;109m[48;2;91;112;140m▀[0m[38;2;135;148;167m[48;2;116;131;153m▀[0m[38;2;87;105;131m[48;2;132;144;161m▀[0m[38;2;81;100;126m[48;2;126;139;157m▀[0m[38;2;81;98;124m[48;2;65;85;115m▀[0m[38;2;72;91;118m[48;2;95;111;134m▀[0m[38;2;52;73;103m[48;2;116;128;146m▀[0m[38;2;97;111;132m[48;2;83;99;122m▀[0m[38;2;39;61;91m[48;2;74;90;114m▀[0m[38;2;24;46;76m[48;2;85;99;120m▀[0m[38;2;69;85;108m[48;2;62;78;102m▀[0m[38;2;64;78;99m[48;2;29;46;72m▀[0m[38;2;51;66;88m[48;2;26;43;66m▀[0m[38;2;49;62;80m[48;2;9;23;45m▀[0m[38;2;12;25;44m[48;2;6;23;47m▀[0m[38;2;5;17;37m[48;2;7;14;28m▀[0m[38;2;5;14;29m▀[0m
          [38;2;5;10;16m▀[0m[38;2;19;48;80m▀[0m[38;2;54;101;148m[48;2;6;12;21m▀[0m[38;2;105;137;173m[48;2;18;45;75m▀[0m[38;2;114;137;165m[48;2;53;92;134m▀[0m[38;2;105;129;157m[48;2;89;126;166m▀[0m[38;2;81;107;139m[48;2;115;143;176m▀[0m[38;2;120;136;159m[48;2;138;159;186m▀[0m[38;2;116;133;157m[48;2;159;175;197m▀[0m[38;2;67;89;121m[48;2;159;174;194m▀[0m[38;2;78;99;128m[48;2;150;165;184m▀[0m[38;2;86;104;131m[48;2;129;145;168m▀[0m[38;2;80;98;123m[48;2;99;118;144m▀[0m[38;2;76;92;117m[48;2;80;101;129m▀[0m[38;2;65;82;107m[48;2;53;80;112m▀[0m[38;2;38;59;85m[48;2;20;49;84m▀[0m[38;2;16;39;66m[48;2;10;30;56m▀[0m[38;2;8;30;60m[48;2;5;12;23m▀[0m[38;2;7;26;49m▀[0m[38;2;5;10;17m▀[0m
               [38;2;6;16;30m▀[0m[38;2;14;36;63m▀[0m[38;2;32;61;93m▀[0m[38;2;47;78;112m▀[0m[38;2;51;83;119m▀[0m[38;2;47;78;114m▀[0m[38;2;36;67;102m▀[0m[38;2;24;50;82m▀[0m[38;2;13;34;60m▀[0m[38;2;6;17;32m▀[0m[38;2;5;7;11m▀[0m
