      [38;2;209;216;225m▄[0m[38;2;211;219;228m▄[0m[38;2;208;215;224m▄[0m[38;2;201;208;217m▄[0m[38;2;191;198;206m▄[0m[38;2;178;184;192m▄[0m[38;2;161;167;174m▄[0m[38;2;138;143;149m▄[0m
   [38;2;53;100;50m▄[0m[38;2;26;79;143m[48;2;53;106;53m▀[0m[38;2;21;66;136m[48;2;51;108;53m▀[0m[38;2;24;74;143m[48;2;32;90;159m▀[0m[38;2;25;77;145m[48;2;33;87;155m▀[0m[38;2;28;83;148m[48;2;31;80;147m▀[0m[38;2;22;66;131m[48;2;31;87;150m▀[0m[38;2;54;92;48m[48;2;32;95;153m▀[0m[38;2;59;85;47m[48;2;55;87;46m▀[0m[38;2;48;79;42m[48;2;71;78;48m▀[0m[38;2;58;69;41m[48;2;82;68;48m▀[0m[38;2;41;61;33m[48;2;48;63;36m▀[0m[38;2;22;47;23m[48;2;13;39;75m▀[0m[38;2;8;25;51m▄[0m
  [38;2;26;80;142m[48;2;24;75;141m▀[0m[38;2;28;85;153m[48;2;27;83;151m▀[0m[38;2;32;94;162m[48;2;32;83;153m▀[0m[38;2;46;109;51m[48;2;60;117;186m▀[0m[38;2;56;117;185m[48;2;104;173;238m▀[0m[38;2;65;125;192m[48;2;116;175;240m▀[0m[38;2;56;105;171m[48;2;101;159;222m▀[0m[38;2;46;103;165m[48;2;72;138;196m▀[0m[38;2;32;85;144m[48;2;39;88;147m▀[0m[38;2;45;87;43m[48;2;23;64;120m▀[0m[38;2;60;79;45m[48;2;23;70;120m▀[0m[38;2;56;71;41m[48;2;19;59;105m▀[0m[38;2;36;65;33m[48;2;31;65;32m▀[0m[38;2;13;40;77m[48;2;34;55;29m▀[0m[38;2;10;31;61m[48;2;26;44;23m▀[0m[38;2;6;20;37m[48;2;8;25;45m▀[0m
 [38;2;40;94;44m[48;2;52;93;47m▀[0m[38;2;28;86;151m[48;2;45;100;48m▀[0m[38;2;27;80;148m[48;2;33;94;158m▀[0m[38;2;41;92;161m[48;2;44;103;49m▀[0m[38;2;77;120;190m[48;2;79;121;189m▀[0m[38;2;129;178;245m[48;2;124;167;233m▀[0m[38;2;152;209;255m[48;2;43;97;46m▀[0m[38;2;131;197;255m[48;2;116;173;231m▀[0m[38;2;39;94;44m[48;2;39;90;43m▀[0m[38;2;50;110;164m[48;2;43;95;148m▀[0m[38;2;26;69;122m[48;2;22;58;110m▀[0m[38;2;22;67;115m[48;2;19;57;104m▀[0m[38;2;21;65;109m[48;2;16;49;92m▀[0m[38;2;20;61;100m[48;2;16;50;87m▀[0m[38;2;30;53;27m[48;2;30;50;26m▀[0m[38;2;39;41;25m[48;2;34;38;23m▀[0m[38;2;21;30;16m[48;2;25;27;17m▀[0m[38;2;13;19;10m[48;2;17;18;11m▀[0m
 [38;2;18;55;116m[48;2;42;87;43m▀[0m[38;2;18;58;122m[48;2;25;76;134m▀[0m[38;2;28;81;144m[48;2;26;78;138m▀[0m[38;2;36;80;145m[48;2;31;80;140m▀[0m[38;2;63;109;172m[48;2;43;93;152m▀[0m[38;2;84;120;185m[48;2;54;104;161m▀[0m[38;2;49;92;46m[48;2;48;87;44m▀[0m[38;2;80;130;187m[48;2;49;101;154m▀[0m[38;2;55;107;160m[48;2;34;77;128m▀[0m[38;2;33;79;130m[48;2;43;74;38m▀[0m[38;2;16;46;96m[48;2;31;70;33m▀[0m[38;2;14;42;88m[48;2;15;45;87m▀[0m[38;2;12;37;78m[48;2;14;44;81m▀[0m[38;2;14;42;78m[48;2;9;27;61m▀[0m[38;2;11;35;65m[48;2;7;23;51m▀[0m[38;2;19;36;18m[48;2;7;24;44m▀[0m[38;2;12;25;12m[48;2;5;17;30m▀[0m[38;2;5;18;30m[48;2;4;14;27m▀[0m
 [38;2;40;81;40m[48;2;21;66;112m▀[0m[38;2;27;81;134m[48;2;21;64;114m▀[0m[38;2;25;76;131m[48;2;16;49;103m▀[0m[38;2;28;81;136m[48;2;17;53;107m▀[0m[38;2;27;73;129m[48;2;23;68;119m▀[0m[38;2;33;83;136m[48;2;35;78;38m▀[0m[38;2;32;79;131m[48;2;35;76;37m▀[0m[38;2;36;78;38m[48;2;39;71;36m▀[0m[38;2;19;51;101m[48;2;41;67;35m▀[0m[38;2;41;68;36m[48;2;31;63;31m▀[0m[38;2;31;64;31m[48;2;26;58;28m▀[0m[38;2;14;43;81m[48;2;15;48;80m▀[0m[38;2;12;39;72m[48;2;13;39;68m▀[0m[38;2;7;22;52m[48;2;7;23;49m▀[0m[38;2;6;20;44m[48;2;6;20;39m▀[0m[38;2;5;18;35m[48;2;6;19;31m▀[0m[38;2;5;16;28m[48;2;5;15;27m▀[0m[38;2;5;15;28m[48;2;4;13;26m▀[0m
 [38;2;18;56;97m[48;2;14;43;78m▀[0m[38;2;16;49;96m[48;2;14;44;84m▀[0m[38;2;16;51;99m[48;2;17;52;94m▀[0m[38;2;18;55;103m[48;2;19;58;100m▀[0m[38;2;39;72;37m[48;2;31;65;32m▀[0m[38;2;64;67;42m[48;2;50;61;36m▀[0m[38;2;58;65;39m[48;2;58;57;37m▀[0m[38;2;48;63;36m[48;2;44;55;32m▀[0m[38;2;49;58;35m[48;2;34;52;28m▀[0m[38;2;29;56;28m[48;2;15;45;75m▀[0m[38;2;25;51;25m[48;2;11;35;62m▀[0m[38;2;13;41;69m[48;2;17;37;18m▀[0m[38;2;10;32;56m[48;2;7;23;43m▀[0m[38;2;7;21;41m[48;2;5;16;31m▀[0m[38;2;6;18;32m[48;2;5;15;27m▀[0m[38;2;6;19;31m[48;2;9;19;9m▀[0m[38;2;4;14;27m[48;2;5;17;30m▀[0m[38;2;3;12;25m[48;2;9;19;9m▀[0m
  [38;2;13;39;72m[48;2;8;25;47m▀[0m[38;2;17;52;86m[48;2;12;37;64m▀[0m[38;2;18;57;91m[48;2;11;34;64m▀[0m[38;2;15;48;83m[48;2;11;33;64m▀[0m[38;2;33;54;28m[48;2;8;25;55m▀[0m[38;2;35;51;28m[48;2;7;22;51m▀[0m[38;2;31;48;26m[48;2;10;30;56m▀[0m[38;2;9;28;58m[48;2;7;23;47m▀[0m[38;2;8;25;52m[48;2;13;31;15m▀[0m[38;2;10;31;53m[48;2;6;20;37m▀[0m[38;2;17;28;15m[48;2;14;18;10m▀[0m[38;2;6;18;32m[48;2;13;19;10m▀[0m[38;2;4;15;27m[48;2;10;19;9m▀[0m[38;2;5;16;28m[48;2;4;14;27m▀[0m[38;2;4;14;27m[48;2;5;18;30m▀[0m[38;2;6;18;30m[48;2;5;17;29m▀[0m
   [38;2;17;26;14m▀[0m[38;2;7;23;45m[48;2;14;18;10m▀[0m[38;2;7;22;45m[48;2;9;20;9m▀[0m[38;2;6;20;43m[48;2;4;15;28m▀[0m[38;2;7;23;44m[48;2;10;19;9m▀[0m[38;2;8;25;44m[48;2;9;19;9m▀[0m[38;2;5;17;34m[48;2;8;19;9m▀[0m[38;2;11;20;10m[48;2;11;19;10m▀[0m[38;2;12;19;10m[48;2;9;19;9m▀[0m[38;2;14;18;10m[48;2;6;18;30m▀[0m[38;2;17;18;11m[48;2;4;14;27m▀[0m[38;2;11;19;10m[48;2;3;11;24m▀[0m[38;2;5;16;28m[48;2;4;13;26m▀[0m[38;2;5;17;29m▀[0m
      [38;2;41;43;44m▀[0m[38;2;41;43;44m▀[0m[38;2;41;43;44m▀[0m[38;2;41;43;44m▀[0m[38;2;41;43;44m▀[0m[38;2;41;43;44m▀[0m[38;2;41;43;44m▀[0m[38;2;41;43;44m▀[0m
