                       [38;2;8;9;11m▄[0m[38;2;8;11;15m▄[0m[38;2;7;14;20m▄[0m[38;2;8;19;29m▄[0m[38;2;8;24;37m▄[0m[38;2;9;31;47m▄[0m[38;2;7;9;11m[48;2;11;38;56m▀[0m[38;2;7;10;12m[48;2;13;43;63m▀[0m[38;2;7;10;13m[48;2;14;46;67m▀[0m[38;2;7;10;13m[48;2;14;45;66m▀[0m[38;2;7;10;12m[48;2;13;42;60m▀[0m[38;2;7;9;11m[48;2;10;35;53m▀[0m[38;2;9;28;43m▄[0m[38;2;8;22;34m▄[0m[38;2;8;17;25m▄[0m[38;2;7;13;18m▄[0m[38;2;7;10;13m▄[0m
                  [38;2;7;10;12m▄[0m[38;2;7;15;22m▄[0m[38;2;7;9;11m[48;2;9;28;41m▀[0m[38;2;8;12;17m[48;2;18;56;81m▀[0m[38;2;8;18;27m[48;2;53;108;142m▀[0m[38;2;9;30;45m[48;2;96;155;193m▀[0m[38;2;15;50;72m[48;2;139;189;222m▀[0m[38;2;29;78;109m[48;2;166;201;229m▀[0m[38;2;55;112;147m[48;2;174;200;221m▀[0m[38;2;75;136;173m[48;2;181;199;218m▀[0m[38;2;98;155;192m[48;2;173;191;209m▀[0m[38;2;106;163;199m[48;2;170;189;208m▀[0m[38;2;115;169;205m[48;2;167;186;205m▀[0m[38;2;119;170;205m[48;2;153;176;196m▀[0m[38;2;114;166;201m[48;2;155;175;195m▀[0m[38;2;109;161;196m[48;2;148;171;191m▀[0m[38;2;93;147;184m[48;2;134;160;182m▀[0m[38;2;79;135;170m[48;2;151;173;193m▀[0m[38;2;61;117;152m[48;2;156;176;194m▀[0m[38;2;45;95;127m[48;2;138;163;185m▀[0m[38;2;27;69;96m[48;2;116;149;175m▀[0m[38;2;13;43;63m[48;2;91;135;164m▀[0m[38;2;8;25;38m[48;2;61;110;142m▀[0m[38;2;7;15;22m[48;2;37;79;105m▀[0m[38;2;7;10;13m[48;2;14;42;62m▀[0m[38;2;8;20;31m▄[0m[38;2;6;11;15m▄[0m
               [38;2;7;12;17m▄[0m[38;2;7;9;11m[48;2;8;26;39m▀[0m[38;2;7;15;21m[48;2;25;69;97m▀[0m[38;2;10;31;47m[48;2;87;148;185m▀[0m[38;2;28;75;103m[48;2;138;190;225m▀[0m[38;2;86;144;180m[48;2;156;192;219m▀[0m[38;2;144;191;223m[48;2;177;199;219m▀[0m[38;2;166;200;226m[48;2;186;203;221m▀[0m[38;2;189;208;226m[48;2;200;212;225m▀[0m[38;2;180;198;214m[48;2;192;203;216m▀[0m[38;2;173;189;207m[48;2;178;191;205m▀[0m[38;2;172;188;204m[48;2;177;188;202m▀[0m[38;2;179;191;207m[48;2;192;200;213m▀[0m[38;2;191;203;216m[48;2;191;199;211m▀[0m[38;2;186;197;210m[48;2;180;189;202m▀[0m[38;2;184;196;209m[48;2;183;191;203m▀[0m[38;2;174;187;201m[48;2;184;193;204m▀[0m[38;2;170;183;197m[48;2;176;187;198m▀[0m[38;2;175;188;201m[48;2;166;177;190m▀[0m[38;2;165;181;196m[48;2;169;181;194m▀[0m[38;2;126;151;170m[48;2;171;183;195m▀[0m[38;2;105;137;160m[48;2;152;169;184m▀[0m[38;2;87;127;152m[48;2;133;152;169m▀[0m[38;2;91;128;152m[48;2;136;158;174m▀[0m[38;2;90;127;151m[48;2;141;159;175m▀[0m[38;2;87;123;147m[48;2;80;118;141m▀[0m[38;2;83;120;145m[48;2;70;107;128m▀[0m[38;2;69;110;140m[48;2;83;111;129m▀[0m[38;2;41;86;114m[48;2;68;100;121m▀[0m[38;2;20;51;72m[48;2;58;95;119m▀[0m[38;2;7;21;33m[48;2;37;76;102m▀[0m[38;2;6;11;15m[48;2;15;42;62m▀[0m[38;2;6;16;25m▄[0m[38;2;7;9;11m▄[0m
            [38;2;7;10;13m▄[0m[38;2;7;9;11m[48;2;8;22;33m▀[0m[38;2;7;16;25m[48;2;25;71;101m▀[0m[38;2;12;44;65m[48;2;101;165;203m▀[0m[38;2;65;125;161m[48;2;124;180;214m▀[0m[38;2;121;182;220m[48;2;130;169;196m▀[0m[38;2;131;177;209m[48;2;146;173;193m▀[0m[38;2;153;181;204m[48;2;110;141;162m▀[0m[38;2;82;136;165m[48;2;121;150;171m▀[0m[38;2;104;147;173m[48;2;99;144;169m▀[0m[38;2;148;172;193m[48;2;142;168;188m▀[0m[38;2;170;186;202m[48;2;163;183;200m▀[0m[38;2;190;201;213m[48;2;182;192;204m▀[0m[38;2;203;211;221m[48;2;177;187;199m▀[0m[38;2;210;216;226m[48;2;176;186;198m▀[0m[38;2;207;212;221m[48;2;200;207;216m▀[0m[38;2;200;205;215m[48;2;195;202;212m▀[0m[38;2;202;208;217m[48;2;191;198;207m▀[0m[38;2;198;204;213m[48;2;184;191;202m▀[0m[38;2;187;193;204m[48;2;190;197;207m▀[0m[38;2;168;176;188m[48;2;183;190;201m▀[0m[38;2;175;184;196m[48;2;176;185;197m▀[0m[38;2;156;168;182m[48;2;163;174;188m▀[0m[38;2;127;148;164m[48;2;124;143;160m▀[0m[38;2;95;127;147m[48;2;142;157;172m▀[0m[38;2;105;132;151m[48;2;144;158;171m▀[0m[38;2;141;154;169m[48;2;131;142;156m▀[0m[38;2;126;142;158m[48;2;121;138;154m▀[0m[38;2;88;122;142m[48;2;103;133;152m▀[0m[38;2;54;100;124m[48;2;27;87;112m▀[0m[38;2;74;107;122m[48;2;29;88;110m▀[0m[38;2;89;109;123m[48;2;79;102;111m▀[0m[38;2;95;111;124m[48;2;107;105;105m▀[0m[38;2;79;99;115m[48;2;96;98;103m▀[0m[38;2;46;76;98m[48;2;80;88;98m▀[0m[38;2;22;55;77m[48;2;43;64;81m▀[0m[38;2;8;25;38m[48;2;18;47;68m▀[0m[38;2;6;10;13m[48;2;9;29;44m▀[0m[38;2;5;11;17m▄[0m
          [38;2;7;11;14m▄[0m[38;2;6;10;14m[48;2;9;29;44m▀[0m[38;2;9;26;40m[48;2;55;112;147m▀[0m[38;2;43;97;131m[48;2;117;184;223m▀[0m[38;2;120;183;222m[48;2;104;163;193m▀[0m[38;2;118;172;202m[48;2;123;154;171m▀[0m[38;2;104;145;166m[48;2;89;129;146m▀[0m[38;2;104;152;175m[48;2;20;111;139m▀[0m[38;2;144;173;193m[48;2;47;119;146m▀[0m[38;2;118;152;175m[48;2;11;100;131m▀[0m[38;2;133;168;189m[48;2;55;123;150m▀[0m[38;2;97;150;175m[48;2;157;179;195m▀[0m[38;2;61;136;162m[48;2;122;159;178m▀[0m[38;2;138;166;186m[48;2;89;140;164m▀[0m[38;2;183;196;209m[48;2;127;156;176m▀[0m[38;2;190;200;213m[48;2;88;133;155m▀[0m[38;2;163;178;191m[48;2;110;141;161m▀[0m[38;2;146;161;177m[48;2;139;156;173m▀[0m[38;2;148;163;178m[48;2;116;137;155m▀[0m[38;2;134;153;171m[48;2;170;180;193m▀[0m[38;2;151;165;180m[48;2;111;130;146m▀[0m[38;2;168;178;191m[48;2;118;137;154m▀[0m[38;2;193;200;210m[48;2;93;124;142m▀[0m[38;2;162;171;183m[48;2;115;131;143m▀[0m[38;2;156;166;179m[48;2;130;135;138m▀[0m[38;2;151;163;176m[48;2;128;127;125m▀[0m[38;2;126;136;144m[48;2;128;129;127m▀[0m[38;2;132;137;142m[48;2;87;113;124m▀[0m[38;2;107;127;138m[48;2;39;93;115m▀[0m[38;2;49;100;122m[48;2;9;86;109m▀[0m[38;2;95;129;148m[48;2;35;90;109m▀[0m[38;2;38;91;111m[48;2;66;99;107m▀[0m[38;2;58;97;108m[48;2;85;101;96m▀[0m[38;2;137;130;124m[48;2;135;125;116m▀[0m[38;2;130;125;123m[48;2;140;140;143m▀[0m[38;2;111;108;107m[48;2;118;115;116m▀[0m[38;2;91;92;96m[48;2;93;93;96m▀[0m[38;2;61;72;81m[48;2;60;72;80m▀[0m[38;2;33;52;67m[48;2;50;64;76m▀[0m[38;2;11;37;55m[48;2;25;43;57m▀[0m[38;2;9;29;44m[48;2;11;33;49m▀[0m[38;2;5;12;18m[48;2;8;28;43m▀[0m[38;2;5;11;19m▄[0m
        [38;2;7;10;12m▄[0m[38;2;7;10;14m[48;2;8;25;38m▀[0m[38;2;9;29;43m[48;2;54;110;143m▀[0m[38;2;61;118;153m[48;2;118;186;224m▀[0m[38;2;112;182;222m[48;2;111;167;193m▀[0m[38;2;93;156;186m[48;2;158;173;178m▀[0m[38;2;120;155;169m[48;2;114;139;144m▀[0m[38;2;120;147;157m[48;2;77;121;128m▀[0m[38;2;119;147;160m[48;2;80;129;142m▀[0m[38;2;69;121;139m[48;2;21;107;130m▀[0m[38;2;70;124;144m[48;2;27;110;130m▀[0m[38;2;52;117;141m[48;2;31;110;130m▀[0m[38;2;70;124;147m[48;2;45;110;131m▀[0m[38;2;156;175;192m[48;2;88;129;150m▀[0m[38;2;124;152;170m[48;2;34;101;125m▀[0m[38;2;145;169;184m[48;2;109;140;159m▀[0m[38;2;175;185;199m[48;2;165;173;187m▀[0m[38;2;163;172;185m[48;2;107;124;142m▀[0m[38;2;170;179;192m[48;2;54;89;111m▀[0m[38;2;164;172;186m[48;2;53;103;123m▀[0m[38;2;147;159;173m[48;2;23;84;107m▀[0m[38;2;143;149;158m[48;2;26;89;112m▀[0m[38;2;115;128;141m[48;2;50;103;124m▀[0m[38;2;108;128;143m[48;2;63;104;125m▀[0m[38;2;97;124;140m[48;2;103;126;142m▀[0m[38;2;114;127;132m[48;2;89;115;134m▀[0m[38;2;125;137;139m[48;2;81;110;129m▀[0m[38;2;86;117;122m[48;2;94;117;136m▀[0m[38;2;76;111;122m[48;2;169;176;190m▀[0m[38;2;52;106;125m[48;2;163;173;186m▀[0m[38;2;34;91;111m[48;2;107;126;144m▀[0m[38;2;18;89;111m[48;2;80;106;124m▀[0m[38;2;55;102;115m[48;2;160;169;179m▀[0m[38;2;82;99;93m[48;2;173;178;183m▀[0m[38;2;108;105;91m[48;2;116;119;118m▀[0m[38;2;131;117;104m[48;2;132;127;121m▀[0m[38;2;132;128;127m[48;2;118;112;107m▀[0m[38;2;128;126;129m[48;2;109;104;103m▀[0m[38;2;109;107;107m[48;2;98;96;94m▀[0m[38;2;75;78;80m[48;2;77;74;69m▀[0m[38;2;63;74;83m[48;2;50;62;67m▀[0m[38;2;54;67;78m[48;2;74;86;96m▀[0m[38;2;16;34;48m[48;2;41;54;65m▀[0m[38;2;8;29;44m[48;2;9;24;36m▀[0m[38;2;7;26;40m[48;2;7;27;41m▀[0m[38;2;4;11;17m[48;2;7;24;38m▀[0m[38;2;4;9;14m▄[0m
       [38;2;7;14;20m▄[0m[38;2;7;19;29m[48;2;20;59;84m▀[0m[38;2;38;89;120m[48;2;115;179;217m▀[0m[38;2;120;186;225m[48;2;101;165;199m▀[0m[38;2;99;159;188m[48;2;147;169;176m▀[0m[38;2;145;166;170m[48;2;106;137;141m▀[0m[38;2;105;138;141m[48;2;138;160;161m▀[0m[38;2;149;163;162m[48;2;168;176;175m▀[0m[38;2;62;120;131m[48;2;125;147;149m▀[0m[38;2;30;116;134m[48;2;104;140;147m▀[0m[38;2;73;125;137m[48;2;81;120;129m▀[0m[38;2;63;120;130m[48;2;127;147;151m▀[0m[38;2;19;102;122m[48;2;111;138;150m▀[0m[38;2;62;117;134m[48;2;110;135;153m▀[0m[38;2;109;137;154m[48;2;188;196;208m▀[0m[38;2;146;162;177m[48;2;175;180;193m▀[0m[38;2;193;199;210m[48;2;134;144;159m▀[0m[38;2;179;186;198m[48;2;61;93;116m▀[0m[38;2;108;126;145m[48;2;57;96;121m▀[0m[38;2;30;78;104m[48;2;64;100;125m▀[0m[38;2;12;77;107m[48;2;91;124;147m▀[0m[38;2;9;77;107m[48;2;84;116;139m▀[0m[38;2;27;86;114m[48;2;88;113;134m▀[0m[38;2;32;84;111m[48;2;121;137;156m▀[0m[38;2;84;117;140m[48;2;117;133;152m▀[0m[38;2;139;152;170m[48;2;74;101;122m▀[0m[38;2;129;143;160m[48;2;42;79;103m▀[0m[38;2;124;139;157m[48;2;43;83;107m▀[0m[38;2;107;127;145m[48;2;26;73;99m▀[0m[38;2;89;112;131m[48;2;19;69;94m▀[0m[38;2;114;130;148m[48;2;27;73;97m▀[0m[38;2;131;143;159m[48;2;61;93;115m▀[0m[38;2;133;146;160m[48;2;89;111;130m▀[0m[38;2;109;121;134m[48;2;67;93;114m▀[0m[38;2;130;141;154m[48;2;49;80;99m▀[0m[38;2;83;99;113m[48;2;65;88;105m▀[0m[38;2;101;115;127m[48;2;49;75;87m▀[0m[38;2;115;123;134m[48;2;71;91;102m▀[0m[38;2;141;145;151m[48;2;84;101;113m▀[0m[38;2;161;164;173m[48;2;112;124;136m▀[0m[38;2;79;95;106m[48;2;157;163;172m▀[0m[38;2;24;51;64m[48;2;74;91;102m▀[0m[38;2;31;52;64m[48;2;7;38;52m▀[0m[38;2;35;51;61m[48;2;35;55;66m▀[0m[38;2;13;29;41m[48;2;24;40;51m▀[0m[38;2;5;22;34m[48;2;5;18;29m▀[0m[38;2;8;27;42m[48;2;7;24;39m▀[0m[38;2;6;21;33m[48;2;8;28;42m▀[0m[38;2;4;8;11m[48;2;6;17;27m▀[0m
      [38;2;7;11;14m[48;2;8;19;28m▀[0m[38;2;11;36;52m[48;2;47;100;133m▀[0m[38;2;90;152;190m[48;2;121;186;225m▀[0m[38;2;125;180;213m[48;2;125;168;191m▀[0m[38;2;133;165;179m[48;2;120;151;155m▀[0m[38;2;143;161;161m[48;2;102;137;141m▀[0m[38;2;129;151;151m[48;2;143;163;164m▀[0m[38;2;116;140;137m[48;2;122;145;140m▀[0m[38;2;155;167;165m[48;2;91;131;131m▀[0m[38;2;159;176;177m[48;2;90;134;140m▀[0m[38;2;179;189;194m[48;2;122;147;149m▀[0m[38;2;116;138;137m[48;2;101;125;119m▀[0m[38;2;44;97;116m[48;2;109;136;149m▀[0m[38;2;106;138;157m[48;2;163;176;191m▀[0m[38;2;148;162;179m[48;2;137;149;164m▀[0m[38;2;184;191;201m[48;2;160;168;181m▀[0m[38;2;116;132;148m[48;2;91;110;128m▀[0m[38;2;46;79;99m[48;2;97;118;139m▀[0m[38;2;40;83;103m[48;2;99;126;146m▀[0m[38;2;26;79;106m[48;2;121;139;159m▀[0m[38;2;90;115;137m[48;2;90;113;135m▀[0m[38;2;88;109;130m[48;2;117;134;153m▀[0m[38;2;107;125;145m[48;2;84;105;126m▀[0m[38;2;126;140;158m[48;2;77;102;124m▀[0m[38;2;131;145;164m[48;2;45;81;106m▀[0m[38;2;132;148;165m[48;2;30;72;97m▀[0m[38;2;88;114;135m[48;2;20;66;91m▀[0m[38;2;37;80;105m[48;2;9;62;89m▀[0m[38;2;24;72;98m[48;2;12;65;93m▀[0m[38;2;10;64;91m[48;2;54;92;115m▀[0m[38;2;4;61;87m[48;2;43;83;106m▀[0m[38;2;2;59;85m[48;2;39;79;103m▀[0m[38;2;5;62;88m[48;2;39;80;103m▀[0m[38;2;11;66;91m[48;2;13;63;87m▀[0m[38;2;12;66;90m[48;2;3;57;82m▀[0m[38;2;24;75;96m[48;2;6;58;83m▀[0m[38;2;29;75;96m[48;2;7;62;85m▀[0m[38;2;65;93;104m[48;2;49;87;105m▀[0m[38;2;53;85;93m[48;2;9;71;87m▀[0m[38;2;32;73;87m[48;2;26;72;89m▀[0m[38;2;29;70;84m[48;2;22;65;76m▀[0m[38;2;21;53;66m[48;2;20;61;74m▀[0m[38;2;29;53;65m[48;2;25;58;69m▀[0m[38;2;55;72;84m[48;2;15;48;59m▀[0m[38;2;82;93;104m[48;2;16;44;53m▀[0m[38;2;43;57;68m[48;2;16;36;46m▀[0m[38;2;10;22;32m[48;2;9;22;32m▀[0m[38;2;3;16;27m[48;2;3;14;24m▀[0m[38;2;9;27;41m[48;2;4;19;31m▀[0m[38;2;8;27;41m[48;2;8;27;41m▀[0m[38;2;5;11;18m[48;2;6;21;34m▀[0m[38;2;4;7;11m▄[0m
     [38;2;7;12;16m[48;2;8;21;31m▀[0m[38;2;15;48;69m[48;2;57;113;149m▀[0m[38;2;109;174;213m[48;2;128;189;225m▀[0m[38;2;105;169;204m[48;2;85;151;184m▀[0m[38;2;160;175;181m[48;2;168;172;169m▀[0m[38;2;97;137;141m[48;2;112;144;150m▀[0m[38;2;109;139;143m[48;2;145;167;174m▀[0m[38;2;130;151;150m[48;2;142;162;160m▀[0m[38;2;58;122;121m[48;2;81;135;137m▀[0m[38;2;117;146;142m[48;2;124;143;129m▀[0m[38;2;104;142;144m[48;2;129;152;145m▀[0m[38;2;139;153;147m[48;2;128;148;148m▀[0m[38;2;151;165;169m[48;2;134;155;168m▀[0m[38;2;123;142;158m[48;2;150;163;178m▀[0m[38;2;164;174;187m[48;2;203;208;219m▀[0m[38;2;107;123;140m[48;2;119;134;148m▀[0m[38;2;120;134;149m[48;2;45;79;103m▀[0m[38;2;137;148;163m[48;2;89;118;140m▀[0m[38;2;134;147;165m[48;2;148;159;176m▀[0m[38;2;106;126;147m[48;2;144;155;171m▀[0m[38;2;105;124;144m[48;2;131;145;162m▀[0m[38;2;116;134;152m[48;2;83;108;130m▀[0m[38;2;85;107;130m[48;2;48;85;109m▀[0m[38;2;95;118;139m[48;2;39;79;104m▀[0m[38;2;38;77;103m[48;2;45;82;106m▀[0m[38;2;13;61;86m[48;2;48;82;106m▀[0m[38;2;15;61;88m[48;2;110;129;148m▀[0m[38;2;51;88;112m[48;2;135;148;165m▀[0m[38;2;65;96;118m[48;2;132;145;160m▀[0m[38;2;87;113;134m[48;2;162;170;184m▀[0m[38;2;147;158;174m[48;2;121;132;148m▀[0m[38;2;118;132;150m[48;2;117;131;148m▀[0m[38;2;88;108;127m[48;2;79;99;117m▀[0m[38;2;94;113;131m[48;2;76;99;117m▀[0m[38;2;91;111;130m[48;2;82;104;123m▀[0m[38;2;85;110;129m[48;2;84;105;123m▀[0m[38;2;82;106;126m[48;2;102;120;138m▀[0m[38;2;104;118;135m[48;2;75;97;115m▀[0m[38;2;33;68;90m[48;2;74;97;116m▀[0m[38;2;6;52;74m[48;2;62;86;106m▀[0m[38;2;5;53;74m[48;2;49;76;95m▀[0m[38;2;15;56;75m[48;2;32;65;83m▀[0m[38;2;29;65;79m[48;2;38;64;68m▀[0m[38;2;20;59;72m[48;2;39;67;78m▀[0m[38;2;11;51;61m[48;2;110;113;113m▀[0m[38;2;2;40;53m[48;2;56;79;83m▀[0m[38;2;15;42;51m[48;2;15;54;59m▀[0m[38;2;40;50;59m[48;2;64;67;53m▀[0m[38;2;15;25;35m[48;2;17;23;29m▀[0m[38;2;4;16;28m[48;2;8;16;24m▀[0m[38;2;9;27;40m[48;2;9;22;32m▀[0m[38;2;7;25;40m[48;2;8;26;38m▀[0m[38;2;4;14;22m[48;2;7;23;36m▀[0m[38;2;4;7;11m▄[0m
    [38;2;8;12;15m[48;2;8;17;25m▀[0m[38;2;14;45;66m[48;2;45;99;132m▀[0m[38;2;110;176;215m[48;2;123;189;227m▀[0m[38;2;117;175;211m[48;2;86;158;193m▀[0m[38;2;129;167;182m[48;2;159;178;183m▀[0m[38;2;169;171;164m[48;2;183;179;171m▀[0m[38;2;119;144;152m[48;2;222;226;230m▀[0m[38;2;81;123;138m[48;2;78;131;151m▀[0m[38;2;76;133;141m[48;2;3;100;127m▀[0m[38;2;60;135;140m[48;2;33;127;151m▀[0m[38;2;50;135;143m[48;2;53;137;156m▀[0m[38;2;65;134;144m[48;2;87;145;160m▀[0m[38;2;100;136;153m[48;2;128;155;172m▀[0m[38;2;160;173;187m[48;2;155;169;185m▀[0m[38;2;181;187;201m[48;2;172;180;194m▀[0m[38;2;171;178;190m[48;2;165;172;185m▀[0m[38;2;53;77;97m[48;2;75;98;117m▀[0m[38;2;7;58;85m[48;2;89;117;137m▀[0m[38;2;53;93;118m[48;2;60;95;118m▀[0m[38;2;134;148;167m[48;2;119;135;153m▀[0m[38;2;144;156;172m[48;2;103;122;141m▀[0m[38;2;87;109;131m[48;2;34;74;100m▀[0m[38;2;62;93;116m[48;2;82;108;129m▀[0m[38;2;91;115;136m[48;2;118;132;149m▀[0m[38;2;74;100;122m[48;2;115;131;149m▀[0m[38;2;83;106;127m[48;2;152;162;177m▀[0m[38;2;138;153;168m[48;2;168;176;188m▀[0m[38;2;160;169;183m[48;2;188;193;205m▀[0m[38;2;155;163;176m[48;2;217;221;227m▀[0m[38;2;186;191;203m[48;2;201;205;214m▀[0m[38;2;162;170;182m[48;2;201;205;213m▀[0m[38;2;122;133;148m[48;2;194;198;207m▀[0m[38;2;166;171;184m[48;2;191;195;205m▀[0m[38;2;177;184;195m[48;2;193;197;205m▀[0m[38;2;117;130;146m[48;2;213;216;224m▀[0m[38;2;103;121;137m[48;2;171;177;188m▀[0m[38;2;86;104;123m[48;2;143;152;165m▀[0m[38;2;65;88;105m[48;2;121;133;148m▀[0m[38;2;54;79;98m[48;2;95;110;126m▀[0m[38;2;62;86;104m[48;2;60;82;101m▀[0m[38;2;60;84;102m[48;2;19;56;76m▀[0m[38;2;77;97;115m[48;2;12;51;71m▀[0m[38;2;81;103;121m[48;2;29;62;82m▀[0m[38;2;29;60;80m[48;2;41;70;89m▀[0m[38;2;43;68;83m[48;2;50;73;91m▀[0m[38;2;45;67;77m[48;2;24;51;67m▀[0m[38;2;67;84;89m[48;2;29;53;65m▀[0m[38;2;76;77;68m[48;2;34;54;59m▀[0m[38;2;72;67;53m[48;2;62;63;53m▀[0m[38;2;12;15;21m[48;2;16;20;25m▀[0m[38;2;11;17;23m[48;2;12;17;23m▀[0m[38;2;11;20;27m[48;2;14;21;26m▀[0m[38;2;9;23;33m[48;2;13;23;30m▀[0m[38;2;8;26;40m[48;2;11;26;37m▀[0m[38;2;5;14;22m[48;2;7;22;34m▀[0m
   [38;2;8;10;12m[48;2;8;12;17m▀[0m[38;2;10;31;46m[48;2;19;58;82m▀[0m[38;2;92;157;195m[48;2;119;187;227m▀[0m[38;2;96;173;215m[48;2;76;162;203m▀[0m[38;2;109;168;197m[48;2;67;147;181m▀[0m[38;2;120;161;171m[48;2;58;140;163m▀[0m[38;2;183;187;183m[48;2;140;169;177m▀[0m[38;2;149;165;177m[48;2;147;164;178m▀[0m[38;2;75;124;149m[48;2;49;105;132m▀[0m[38;2;20;105;135m[48;2;72;129;155m▀[0m[38;2;54;126;152m[48;2;112;147;172m▀[0m[38;2;57;121;147m[48;2;43;111;139m▀[0m[38;2;24;106;132m[48;2;21;97;128m▀[0m[38;2;110;135;153m[48;2;113;140;162m▀[0m[38;2;174;185;198m[48;2;170;180;194m▀[0m[38;2;145;156;171m[48;2;116;131;147m▀[0m[38;2;71;95;115m[48;2;75;99;120m▀[0m[38;2;12;57;83m[48;2;43;85;109m▀[0m[38;2;31;81;108m[48;2;68;111;135m▀[0m[38;2;88;117;139m[48;2;132;150;167m▀[0m[38;2;159;170;184m[48;2;83;106;128m▀[0m[38;2;66;94;117m[48;2;47;83;106m▀[0m[38;2;65;96;119m[48;2;109;127;147m▀[0m[38;2;136;150;165m[48;2;144;155;171m▀[0m[38;2;134;145;161m[48;2;185;191;201m▀[0m[38;2;160;169;181m[48;2;218;221;228m▀[0m[38;2;181;186;197m[48;2;204;207;215m▀[0m[38;2;192;196;206m[48;2;185;189;199m▀[0m[38;2;194;198;208m[48;2;146;155;168m▀[0m[38;2;170;176;187m[48;2;151;160;174m▀[0m[38;2;121;132;146m[48;2;98;115;132m▀[0m[38;2;185;191;201m[48;2;103;120;137m▀[0m[38;2;132;142;155m[48;2;109;125;141m▀[0m[38;2;132;142;156m[48;2;141;153;168m▀[0m[38;2;190;195;204m[48;2;114;130;145m▀[0m[38;2;199;203;212m[48;2;138;148;162m▀[0m[38;2;196;200;209m[48;2;127;136;151m▀[0m[38;2;207;210;220m[48;2;156;164;176m▀[0m[38;2;187;192;203m[48;2;155;163;176m▀[0m[38;2;190;195;205m[48;2;139;147;159m▀[0m[38;2;159;166;180m[48;2;132;141;153m▀[0m[38;2;107;122;137m[48;2;112;122;136m▀[0m[38;2;69;91;108m[48;2;121;132;147m▀[0m[38;2;51;76;95m[48;2;60;81;99m▀[0m[38;2;26;60;79m[48;2;6;45;64m▀[0m[38;2;19;56;75m[48;2;2;39;59m▀[0m[38;2;32;64;81m[48;2;3;40;57m▀[0m[38;2;35;61;78m[48;2;11;43;61m▀[0m[38;2;38;53;62m[48;2;13;38;52m▀[0m[38;2;22;40;48m[48;2;15;33;45m▀[0m[38;2;11;19;25m[48;2;4;14;23m▀[0m[38;2;11;16;22m[48;2;7;14;21m▀[0m[38;2;15;21;26m[48;2;13;20;25m▀[0m[38;2;14;23;28m[48;2;15;23;28m▀[0m[38;2;14;26;34m[48;2;15;25;31m▀[0m[38;2;10;27;41m[48;2;11;28;40m▀[0m[38;2;4;10;16m[48;2;6;17;26m▀[0m
  [38;2;8;10;11m▄[0m[38;2;8;17;25m[48;2;9;26;38m▀[0m[38;2;48;101;135m[48;2;83;144;181m▀[0m[38;2;121;189;226m[48;2;117;183;220m▀[0m[38;2;90;164;200m[48;2;42;145;186m▀[0m[38;2;135;172;192m[48;2;64;137;170m▀[0m[38;2;152;183;200m[48;2;65;131;164m▀[0m[38;2;162;175;188m[48;2;155;170;183m▀[0m[38;2;184;195;205m[48;2;188;197;208m▀[0m[38;2;66;110;134m[48;2;30;86;115m▀[0m[38;2;81;126;155m[48;2;43;103;134m▀[0m[38;2;115;146;169m[48;2;117;146;169m▀[0m[38;2;53;109;138m[48;2;62;107;136m▀[0m[38;2;31;99;129m[48;2;29;93;123m▀[0m[38;2;126;148;169m[48;2;106;132;155m▀[0m[38;2;174;184;198m[48;2;179;188;200m▀[0m[38;2;114;129;146m[48;2;173;181;193m▀[0m[38;2;87;108;127m[48;2;133;147;163m▀[0m[38;2;35;83;108m[48;2;45;87;111m▀[0m[38;2;89;132;143m[48;2;141;159;163m▀[0m[38;2;156;169;185m[48;2;166;177;191m▀[0m[38;2;75;99;121m[48;2;90;114;136m▀[0m[38;2;78;103;124m[48;2;70;98;120m▀[0m[38;2;136;149;165m[48;2;144;155;169m▀[0m[38;2;148;158;171m[48;2;203;207;217m▀[0m[38;2;203;206;215m[48;2;196;200;209m▀[0m[38;2;195;198;206m[48;2;164;171;183m▀[0m[38;2;189;194;204m[48;2;157;167;181m▀[0m[38;2;146;154;166m[48;2;111;126;141m▀[0m[38;2;132;145;159m[48;2;120;134;150m▀[0m[38;2;116;130;147m[48;2;170;179;191m▀[0m[38;2;81;101;119m[48;2;153;163;176m▀[0m[38;2;75;97;117m[48;2;130;143;158m▀[0m[38;2;56;85;106m[48;2;155;167;181m▀[0m[38;2;27;64;87m[48;2;155;167;181m▀[0m[38;2;63;90;110m[48;2;120;136;153m▀[0m[38;2;98;117;135m[48;2;75;103;122m▀[0m[38;2;99;116;134m[48;2;33;75;98m▀[0m[38;2;74;96;114m[48;2;12;59;84m▀[0m[38;2;143;153;166m[48;2;35;71;93m▀[0m[38;2;177;183;194m[48;2;102;117;133m▀[0m[38;2;204;208;217m[48;2;175;181;191m▀[0m[38;2;162;170;181m[48;2;141;149;161m▀[0m[38;2;135;145;160m[48;2;69;84;100m▀[0m[38;2;102;114;130m[48;2;46;65;81m▀[0m[38;2;60;81;98m[48;2;80;97;113m▀[0m[38;2;17;47;65m[48;2;76;95;111m▀[0m[38;2;8;38;55m[48;2;10;42;60m▀[0m[38;2;2;32;49m[48;2;19;45;59m▀[0m[38;2;2;28;42m[48;2;6;31;45m▀[0m[38;2;8;26;39m[48;2;2;22;34m▀[0m[38;2;10;19;28m[48;2;4;15;25m▀[0m[38;2;3;11;19m[48;2;3;10;18m▀[0m[38;2;9;16;22m[48;2;9;17;24m▀[0m[38;2;13;21;26m[48;2;11;19;26m▀[0m[38;2;14;25;31m[48;2;11;21;28m▀[0m[38;2;13;27;38m[48;2;13;26;35m▀[0m[38;2;7;22;34m[48;2;8;26;39m▀[0m[38;2;4;8;13m▄[0m
  [38;2;8;11;13m[48;2;8;12;15m▀[0m[38;2;11;37;55m[48;2;16;50;74m▀[0m[38;2;107;172;211m[48;2;120;188;227m▀[0m[38;2;155;198;222m[48;2;164;202;220m▀[0m[38;2;36;139;180m[48;2;73;149;182m▀[0m[38;2;12;113;155m[48;2;19;116;158m▀[0m[38;2;44;120;155m[48;2;100;149;175m▀[0m[38;2;195;206;217m[48;2;119;146;168m▀[0m[38;2;159;169;185m[48;2;200;207;218m▀[0m[38;2;86;122;145m[48;2;122;142;159m▀[0m[38;2;88;127;154m[48;2;122;149;169m▀[0m[38;2;100;130;153m[48;2;133;154;174m▀[0m[38;2;71;110;137m[48;2;95;124;147m▀[0m[38;2;82;119;144m[48;2;124;146;167m▀[0m[38;2;114;137;158m[48;2;112;135;155m▀[0m[38;2;167;176;192m[48;2;171;182;196m▀[0m[38;2;196;202;212m[48;2;183;189;202m▀[0m[38;2;155;164;177m[48;2;135;146;160m▀[0m[38;2;113;131;149m[48;2;120;135;152m▀[0m[38;2;126;144;161m[48;2;118;137;156m▀[0m[38;2;170;180;195m[48;2;161;173;188m▀[0m[38;2;87;113;134m[48;2;97;120;140m▀[0m[38;2;107;126;146m[48;2;146;158;174m▀[0m[38;2;162;172;184m[48;2;184;191;201m▀[0m[38;2;214;217;225m[48;2;197;201;210m▀[0m[38;2;193;197;207m[48;2;176;182;193m▀[0m[38;2;146;157;170m[48;2;124;138;152m▀[0m[38;2;123;138;153m[48;2;164;173;185m▀[0m[38;2;172;180;192m[48;2;193;199;208m▀[0m[38;2;174;182;193m[48;2;210;214;221m▀[0m[38;2;174;181;193m[48;2;210;214;221m▀[0m[38;2;161;171;184m[48;2;205;209;217m▀[0m[38;2;127;142;157m[48;2;203;208;216m▀[0m[38;2;121;136;152m[48;2;195;200;210m▀[0m[38;2;84;105;122m[48;2;135;148;160m▀[0m[38;2;104;122;140m[48;2;93;114;131m▀[0m[38;2;113;133;149m[48;2;107;127;145m▀[0m[38;2;98;118;137m[48;2;96;117;136m▀[0m[38;2;42;79;100m[48;2;113;131;148m▀[0m[38;2;29;69;92m[48;2;28;68;91m▀[0m[38;2;61;91;113m[48;2;25;66;90m▀[0m[38;2;121;135;150m[48;2;17;58;81m▀[0m[38;2;195;201;211m[48;2;67;92;110m▀[0m[38;2;133;144;156m[48;2;158;167;178m▀[0m[38;2;80;96;112m[48;2;121;132;148m▀[0m[38;2;29;54;70m[48;2;119;132;146m▀[0m[38;2;45;67;84m[48;2;43;61;77m▀[0m[38;2;58;77;93m[48;2;30;53;69m▀[0m[38;2;22;50;67m[48;2;35;56;71m▀[0m[38;2;16;43;58m[48;2;13;39;53m▀[0m[38;2;6;28;41m[48;2;9;31;45m▀[0m[38;2;1;13;23m[48;2;17;29;40m▀[0m[38;2;3;10;17m[48;2;2;8;16m▀[0m[38;2;7;16;23m[48;2;5;12;20m▀[0m[38;2;9;17;24m[48;2;8;16;23m▀[0m[38;2;8;19;27m[48;2;6;18;27m▀[0m[38;2;10;24;34m[48;2;9;23;34m▀[0m[38;2;8;27;40m[48;2;8;27;40m▀[0m[38;2;4;12;19m[48;2;5;15;25m▀[0m
  [38;2;8;14;19m[48;2;8;16;22m▀[0m[38;2;25;68;96m[48;2;33;84;115m▀[0m[38;2;133;196;233m[48;2;122;192;232m▀[0m[38;2;149;194;214m[48;2;40;144;190m▀[0m[38;2;6;118;164m[48;2;35;131;171m▀[0m[38;2;12;116;158m[48;2;40;128;166m▀[0m[38;2;59;127;159m[48;2;30;119;157m▀[0m[38;2;115;145;167m[48;2;124;157;179m▀[0m[38;2;192;202;212m[48;2;171;183;196m▀[0m[38;2;164;172;184m[48;2;194;200;210m▀[0m[38;2;146;163;178m[48;2;198;204;214m▀[0m[38;2;131;150;171m[48;2;81;110;131m▀[0m[38;2;137;155;174m[48;2;89;120;143m▀[0m[38;2;134;152;170m[48;2;154;168;185m▀[0m[38;2;112;134;154m[48;2;127;145;165m▀[0m[38;2;151;164;179m[48;2;150;164;179m▀[0m[38;2;204;211;221m[48;2;183;190;203m▀[0m[38;2;171;178;190m[48;2;201;206;217m▀[0m[38;2;203;209;218m[48;2;208;213;222m▀[0m[38;2;151;164;178m[48;2;104;122;139m▀[0m[38;2;147;160;176m[48;2;118;137;154m▀[0m[38;2;100;121;139m[48;2;148;160;176m▀[0m[38;2;151;162;177m[48;2;155;166;180m▀[0m[38;2;213;217;225m[48;2;224;227;234m▀[0m[38;2;179;185;196m[48;2;187;193;202m▀[0m[38;2;163;173;185m[48;2;162;172;184m▀[0m[38;2;156;166;179m[48;2;188;195;206m▀[0m[38;2;189;196;206m[48;2;214;218;224m▀[0m[38;2;214;217;223m[48;2;221;224;229m▀[0m[38;2;200;204;212m[48;2;213;216;223m▀[0m[38;2;184;190;199m[48;2;200;203;212m▀[0m[38;2;174;181;192m[48;2;169;177;188m▀[0m[38;2;179;186;196m[48;2;146;157;169m▀[0m[38;2;195;200;208m[48;2;148;157;170m▀[0m[38;2;187;193;202m[48;2;206;211;218m▀[0m[38;2;113;128;143m[48;2;178;184;195m▀[0m[38;2;58;83;102m[48;2;104;120;136m▀[0m[38;2;91;110;128m[48;2;84;105;123m▀[0m[38;2;120;137;153m[48;2;100;119;137m▀[0m[38;2;41;79;100m[48;2;108;127;144m▀[0m[38;2;8;56;80m[48;2;39;75;97m▀[0m[38;2;14;55;80m[48;2;2;48;71m▀[0m[38;2;138;152;163m[48;2;35;71;93m▀[0m[38;2;153;161;171m[48;2;94;110;126m▀[0m[38;2;105;117;132m[48;2;121;131;144m▀[0m[38;2;103;115;131m[48;2;121;132;146m▀[0m[38;2;91;104;118m[48;2;85;97;113m▀[0m[38;2;40;58;74m[48;2;53;69;83m▀[0m[38;2;27;49;63m[48;2;23;44;58m▀[0m[38;2;12;38;53m[48;2;16;38;51m▀[0m[38;2;4;28;40m[48;2;5;24;36m▀[0m[38;2;6;19;29m[48;2;11;19;29m▀[0m[38;2;2;8;16m[48;2;2;8;16m▀[0m[38;2;4;11;19m[48;2;3;9;17m▀[0m[38;2;9;17;24m[48;2;10;16;25m▀[0m[38;2;5;17;26m[48;2;7;19;30m▀[0m[38;2;6;22;33m[48;2;4;18;30m▀[0m[38;2;11;29;44m[48;2;15;32;46m▀[0m[38;2;6;18;29m[48;2;6;20;32m▀[0m
  [38;2;9;17;25m[48;2;9;18;26m▀[0m[38;2;40;95;128m[48;2;44;100;134m▀[0m[38;2;127;193;232m[48;2;121;192;231m▀[0m[38;2;32;145;191m[48;2;52;151;194m▀[0m[38;2;2;117;163m[48;2;4;116;162m▀[0m[38;2;110;167;192m[48;2;38;127;165m▀[0m[38;2;126;163;185m[48;2;74;133;166m▀[0m[38;2;106;146;171m[48;2;132;157;178m▀[0m[38;2;158;173;188m[48;2;117;145;166m▀[0m[38;2;215;220;230m[48;2;160;172;187m▀[0m[38;2;159;168;181m[48;2;214;219;227m▀[0m[38;2;149;163;177m[48;2;202;208;216m▀[0m[38;2;47;89;114m[48;2;78;104;126m▀[0m[38;2;89;121;145m[48;2;44;89;114m▀[0m[38;2;116;136;155m[48;2;132;150;169m▀[0m[38;2;121;140;159m[48;2;130;147;165m▀[0m[38;2;147;160;176m[48;2;107;126;144m▀[0m[38;2;197;203;214m[48;2;173;181;194m▀[0m[38;2;201;206;216m[48;2;197;202;213m▀[0m[38;2;141;153;168m[48;2;191;197;207m▀[0m[38;2;137;152;168m[48;2;167;176;190m▀[0m[38;2;114;133;151m[48;2;116;134;150m▀[0m[38;2;168;177;191m[48;2;93;114;133m▀[0m[38;2;222;226;232m[48;2;190;196;205m▀[0m[38;2;199;203;210m[48;2;217;220;227m▀[0m[38;2;156;165;178m[48;2;180;188;197m▀[0m[38;2;180;187;198m[48;2;169;177;189m▀[0m[38;2;225;227;231m[48;2;210;214;220m▀[0m[38;2;227;229;234m[48;2;223;226;229m▀[0m[38;2;215;220;219m[48;2;132;149;105m▀[0m[38;2;205;210;214m[48;2;110;117;114m▀[0m[38;2;190;196;205m[48;2;167;174;185m▀[0m[38;2;144;155;169m[48;2;177;185;196m▀[0m[38;2;127;141;154m[48;2;140;150;164m▀[0m[38;2;185;193;203m[48;2;157;167;179m▀[0m[38;2;212;216;225m[48;2;187;193;202m▀[0m[38;2;133;144;157m[48;2;137;150;162m▀[0m[38;2;44;72;91m[48;2;30;59;80m▀[0m[38;2;69;91;110m[48;2;61;87;106m▀[0m[38;2;58;85;104m[48;2;67;90;110m▀[0m[38;2;52;83;105m[48;2;36;71;92m▀[0m[38;2;15;58;82m[48;2;38;75;96m▀[0m[38;2;1;46;70m[48;2;6;51;75m▀[0m[38;2;54;84;103m[48;2;65;92;111m▀[0m[38;2;135;144;155m[48;2;114;124;138m▀[0m[38;2;146;155;167m[48;2;163;170;182m▀[0m[38;2;102;113;126m[48;2;135;144;157m▀[0m[38;2;67;80;96m[48;2;60;74;87m▀[0m[38;2;31;48;62m[48;2;39;53;68m▀[0m[38;2;19;37;49m[48;2;14;30;42m▀[0m[38;2;22;34;45m[48;2;10;24;35m▀[0m[38;2;3;11;21m[48;2;3;11;19m▀[0m[38;2;7;12;21m[48;2;2;7;16m▀[0m[38;2;1;8;16m[48;2;3;9;18m▀[0m[38;2;5;12;21m[48;2;4;12;22m▀[0m[38;2;11;25;37m[48;2;5;16;27m▀[0m[38;2;7;21;33m[48;2;8;22;34m▀[0m[38;2;7;24;38m[48;2;7;24;38m▀[0m[38;2;7;22;34m[48;2;7;22;34m▀[0m
  [38;2;8;18;25m[48;2;9;17;24m▀[0m[38;2;44;101;136m[48;2;39;94;127m▀[0m[38;2;124;192;231m[48;2;123;190;230m▀[0m[38;2;91;161;196m[48;2;33;141;186m▀[0m[38;2;45;133;172m[48;2;65;140;174m▀[0m[38;2;12;117;161m[48;2;61;135;167m▀[0m[38;2;40;121;157m[48;2;72;130;160m▀[0m[38;2;106;145;170m[48;2;21;102;139m▀[0m[38;2;121;146;168m[48;2;100;135;160m▀[0m[38;2;161;175;189m[48;2;118;145;168m▀[0m[38;2;204;211;220m[48;2;168;180;195m▀[0m[38;2;213;218;226m[48;2;178;187;199m▀[0m[38;2;190;196;207m[48;2;194;201;211m▀[0m[38;2;147;158;173m[48;2;209;214;222m▀[0m[38;2;127;142;161m[48;2;179;185;196m▀[0m[38;2;153;165;181m[48;2;158;167;182m▀[0m[38;2;146;159;176m[48;2;143;155;172m▀[0m[38;2;144;156;172m[48;2;111;128;148m▀[0m[38;2;172;180;193m[48;2;123;139;156m▀[0m[38;2;189;195;206m[48;2;183;190;202m▀[0m[38;2;165;172;185m[48;2;167;176;187m▀[0m[38;2;163;173;187m[48;2;143;152;166m▀[0m[38;2;111;129;146m[48;2;162;173;185m▀[0m[38;2;145;158;173m[48;2;138;151;167m▀[0m[38;2;210;214;222m[48;2;146;157;171m▀[0m[38;2;210;214;221m[48;2;182;189;198m▀[0m[38;2;180;186;197m[48;2;208;213;220m▀[0m[38;2;186;193;201m[48;2;193;198;208m▀[0m[38;2;203;207;215m[48;2;182;189;198m▀[0m[38;2;201;206;214m[48;2;159;168;179m▀[0m[38;2;187;193;202m[48;2;179;186;197m▀[0m[38;2;151;161;173m[48;2;180;187;197m▀[0m[38;2;185;193;202m[48;2;171;178;189m▀[0m[38;2;109;125;139m[48;2;99;118;133m▀[0m[38;2;152;163;177m[48;2;134;146;160m▀[0m[38;2;179;187;197m[48;2;189;196;205m▀[0m[38;2;185;191;201m[48;2;122;134;148m▀[0m[38;2;64;88;107m[48;2;59;83;102m▀[0m[38;2;19;55;77m[48;2;11;47;69m▀[0m[38;2;56;85;105m[48;2;49;79;99m▀[0m[38;2;61;87;106m[48;2;73;97;115m▀[0m[38;2;46;79;99m[48;2;73;97;117m▀[0m[38;2;8;54;77m[48;2;24;65;88m▀[0m[38;2;52;83;103m[48;2;3;46;69m▀[0m[38;2;44;68;85m[48;2;48;75;93m▀[0m[38;2;134;144;156m[48;2;133;143;157m▀[0m[38;2;154;163;175m[48;2;155;164;175m▀[0m[38;2;73;85;99m[48;2;118;128;141m▀[0m[38;2;42;56;70m[48;2;31;45;57m▀[0m[38;2;12;26;37m[48;2;28;41;52m▀[0m[38;2;6;18;27m[48;2;10;19;28m▀[0m[38;2;3;11;20m[48;2;3;8;17m▀[0m[38;2;3;8;17m[48;2;3;8;18m▀[0m[38;2;3;11;20m[48;2;8;21;33m▀[0m[38;2;6;16;28m[48;2;5;16;27m▀[0m[38;2;3;13;22m[48;2;3;14;23m▀[0m[38;2;3;16;28m[48;2;3;17;28m▀[0m[38;2;6;24;39m[48;2;7;25;40m▀[0m[38;2;6;22;34m[48;2;6;21;33m▀[0m
  [38;2;8;15;21m[48;2;8;13;18m▀[0m[38;2;33;83;113m[48;2;24;67;94m▀[0m[38;2;125;191;231m[48;2;117;187;228m▀[0m[38;2;26;137;183m[48;2;68;152;194m▀[0m[38;2;24;124;167m[48;2;22;124;166m▀[0m[38;2;70;139;172m[48;2;28;122;162m▀[0m[38;2;62;124;157m[48;2;7;105;147m▀[0m[38;2;8;98;139m[48;2;30;112;149m▀[0m[38;2;23;102;139m[48;2;10;96;134m▀[0m[38;2;41;100;132m[48;2;49;108;139m▀[0m[38;2;106;139;162m[48;2;42;99;130m▀[0m[38;2;153;167;185m[48;2;58;108;136m▀[0m[38;2;182;191;203m[48;2;135;154;172m▀[0m[38;2;216;220;228m[48;2;170;179;195m▀[0m[38;2;182;189;200m[48;2;147;158;174m▀[0m[38;2;110;124;141m[48;2;163;172;186m▀[0m[38;2;131;144;161m[48;2;198;205;215m▀[0m[38;2;141;155;171m[48;2;167;175;188m▀[0m[38;2;77;102;122m[48;2;179;187;199m▀[0m[38;2;113;131;149m[48;2;137;150;164m▀[0m[38;2;186;192;205m[48;2;111;125;141m▀[0m[38;2;184;190;201m[48;2;161;170;183m▀[0m[38;2;164;172;185m[48;2;189;195;206m▀[0m[38;2;148;159;173m[48;2;176;183;196m▀[0m[38;2;171;180;193m[48;2;171;179;190m▀[0m[38;2;151;162;174m[48;2;161;170;182m▀[0m[38;2;162;171;184m[48;2;169;177;187m▀[0m[38;2;169;177;189m[48;2;197;203;211m▀[0m[38;2;167;175;186m[48;2;211;215;221m▀[0m[38;2;188;196;205m[48;2;188;194;202m▀[0m[38;2;190;195;204m[48;2;166;173;183m▀[0m[38;2;183;191;199m[48;2;160;168;179m▀[0m[38;2;146;156;170m[48;2;145;156;169m▀[0m[38;2;77;98;116m[48;2;134;147;160m▀[0m[38;2;181;188;198m[48;2;157;165;177m▀[0m[38;2;197;202;211m[48;2;211;215;224m▀[0m[38;2;101;116;133m[48;2;118;131;146m▀[0m[38;2;62;85;105m[48;2;86;105;122m▀[0m[38;2;16;52;72m[48;2;47;75;96m▀[0m[38;2;103;120;137m[48;2;76;98;115m▀[0m[38;2;130;144;159m[48;2;128;142;157m▀[0m[38;2;90;109;126m[48;2;56;83;103m▀[0m[38;2;26;65;86m[48;2;39;72;92m▀[0m[38;2;11;51;72m[48;2;30;63;82m▀[0m[38;2;140;150;162m[48;2;58;82;98m▀[0m[38;2;87;102;118m[48;2;37;63;81m▀[0m[38;2;89;103;116m[48;2;65;81;96m▀[0m[38;2;118;128;141m[48;2;82;96;110m▀[0m[38;2;46;59;71m[48;2;35;49;61m▀[0m[38;2;13;24;34m[48;2;13;23;33m▀[0m[38;2;9;18;27m[48;2;8;15;23m▀[0m[38;2;3;8;16m[48;2;3;8;16m▀[0m[38;2;2;8;15m[48;2;2;8;15m▀[0m[38;2;2;9;18m[48;2;2;9;19m▀[0m[38;2;4;12;22m[48;2;2;12;21m▀[0m[38;2;2;13;23m[48;2;4;15;26m▀[0m[38;2;6;20;32m[48;2;8;24;38m▀[0m[38;2;8;28;42m[48;2;7;27;43m▀[0m[38;2;7;20;32m[48;2;6;18;29m▀[0m
  [38;2;8;11;14m[48;2;8;10;12m▀[0m[38;2;16;50;73m[48;2;11;35;52m▀[0m[38;2;111;181;221m[48;2;99;166;206m▀[0m[38;2;76;157;197m[48;2;83;159;199m▀[0m[38;2;9;118;163m[48;2;8;120;165m▀[0m[38;2;39;126;166m[48;2;52;132;172m▀[0m[38;2;11;109;149m[48;2;58;129;164m▀[0m[38;2;8;101;142m[48;2;3;103;143m▀[0m[38;2;29;109;146m[48;2;6;98;138m▀[0m[38;2;21;99;136m[48;2;5;92;132m▀[0m[38;2;104;137;161m[48;2;44;105;138m▀[0m[38;2;33;93;125m[48;2;80;118;146m▀[0m[38;2;35;91;121m[48;2;72;114;140m▀[0m[38;2;61;101;128m[48;2;46;93;122m▀[0m[38;2;107;130;151m[48;2;106;133;154m▀[0m[38;2;162;172;186m[48;2;136;151;169m▀[0m[38;2;173;180;193m[48;2;113;130;149m▀[0m[38;2;164;172;185m[48;2;101;119;138m▀[0m[38;2;194;199;209m[48;2;125;138;155m▀[0m[38;2;178;184;196m[48;2;182;187;199m▀[0m[38;2;147;157;172m[48;2;182;188;200m▀[0m[38;2;133;144;160m[48;2;161;169;182m▀[0m[38;2;168;175;188m[48;2;168;175;187m▀[0m[38;2;149;157;170m[48;2;169;175;187m▀[0m[38;2;165;172;183m[48;2;172;178;190m▀[0m[38;2;186;190;199m[48;2;168;174;186m▀[0m[38;2;199;203;211m[48;2;150;158;169m▀[0m[38;2;191;194;202m[48;2;152;159;171m▀[0m[38;2;164;170;181m[48;2;162;169;180m▀[0m[38;2;147;156;168m[48;2;106;121;136m▀[0m[38;2;128;139;154m[48;2;126;140;154m▀[0m[38;2;136;148;161m[48;2;101;116;133m▀[0m[38;2;156;166;179m[48;2;168;176;189m▀[0m[38;2;140;151;165m[48;2;147;157;170m▀[0m[38;2;75;95;112m[48;2;98;113;129m▀[0m[38;2;172;179;192m[48;2;179;185;197m▀[0m[38;2;129;139;153m[48;2;115;128;144m▀[0m[38;2;52;77;96m[48;2;13;46;66m▀[0m[38;2;63;89;109m[48;2;45;73;93m▀[0m[38;2;80;99;118m[48;2;106;123;139m▀[0m[38;2;111;127;143m[48;2;78;98;117m▀[0m[38;2;35;69;89m[48;2;48;74;95m▀[0m[38;2;20;58;79m[48;2;43;73;90m▀[0m[38;2;51;76;94m[48;2;10;45;65m▀[0m[38;2;46;70;87m[48;2;58;81;97m▀[0m[38;2;32;59;76m[48;2;60;78;93m▀[0m[38;2;43;61;77m[48;2;45;62;78m▀[0m[38;2;75;89;104m[48;2;68;82;97m▀[0m[38;2;45;56;69m[48;2;39;51;63m▀[0m[38;2;20;30;40m[48;2;19;28;38m▀[0m[38;2;9;16;26m[48;2;8;14;23m▀[0m[38;2;3;8;16m[48;2;3;9;17m▀[0m[38;2;3;9;17m[48;2;3;10;18m▀[0m[38;2;2;11;20m[48;2;3;13;22m▀[0m[38;2;3;14;24m[48;2;3;15;26m▀[0m[38;2;4;18;28m[48;2;4;20;31m▀[0m[38;2;7;25;39m[48;2;7;25;39m▀[0m[38;2;7;29;45m[48;2;8;29;44m▀[0m[38;2;5;14;23m[48;2;4;11;17m▀[0m
   [38;2;10;24;35m[48;2;8;17;23m▀[0m[38;2;72;134;172m[48;2;40;91;124m▀[0m[38;2;99;170;210m[48;2;107;179;221m▀[0m[38;2;41;131;173m[48;2;83;147;184m▀[0m[38;2;32;122;162m[48;2;29;117;157m▀[0m[38;2;79;136;170m[48;2;28;111;149m▀[0m[38;2;27;112;149m[48;2;72;129;162m▀[0m[38;2;4;97;137m[48;2;22;104;142m▀[0m[38;2;1;91;130m[48;2;2;92;131m▀[0m[38;2;4;89;127m[48;2;1;88;126m▀[0m[38;2;28;96;130m[48;2;5;88;125m▀[0m[38;2;116;143;166m[48;2;73;118;145m▀[0m[38;2;138;158;177m[48;2;61;109;135m▀[0m[38;2;115;137;158m[48;2;219;222;230m▀[0m[38;2;153;164;180m[48;2;162;174;186m▀[0m[38;2;132;148;165m[48;2;154;165;180m▀[0m[38;2;124;140;157m[48;2;147;158;173m▀[0m[38;2;117;133;149m[48;2;153;165;178m▀[0m[38;2;136;147;162m[48;2;142;154;169m▀[0m[38;2;110;125;143m[48;2;114;127;144m▀[0m[38;2;95;112;130m[48;2;100;116;133m▀[0m[38;2;149;158;171m[48;2;202;207;216m▀[0m[38;2;88;104;121m[48;2;194;200;208m▀[0m[38;2;106;120;136m[48;2;195;200;210m▀[0m[38;2;128;138;153m[48;2;202;207;215m▀[0m[38;2;177;183;194m[48;2;185;189;199m▀[0m[38;2;169;175;186m[48;2;131;143;156m▀[0m[38;2;146;156;170m[48;2;124;136;151m▀[0m[38;2;118;132;148m[48;2;62;89;109m▀[0m[38;2;96;114;131m[48;2;83;106;124m▀[0m[38;2;115;132;148m[48;2;160;169;182m▀[0m[38;2;159;167;181m[48;2;109;122;137m▀[0m[38;2;129;140;153m[48;2;125;137;151m▀[0m[38;2;131;141;155m[48;2;176;182;192m▀[0m[38;2;125;135;150m[48;2;32;54;73m▀[0m[38;2;64;84;102m[48;2;21;50;69m▀[0m[38;2;8;40;60m[48;2;8;48;69m▀[0m[38;2;48;77;97m[48;2;47;78;98m▀[0m[38;2;105;122;137m[48;2;88;106;123m▀[0m[38;2;60;84;101m[48;2;83;99;115m▀[0m[38;2;43;72;87m[48;2;63;77;85m▀[0m[38;2;30;59;74m[48;2;63;76;80m▀[0m[38;2;38;58;65m[48;2;78;79;75m▀[0m[38;2;63;80;91m[48;2;22;48;60m▀[0m[38;2;65;82;96m[48;2;59;78;92m▀[0m[38;2;29;47;60m[48;2;25;42;55m▀[0m[38;2;76;88;102m[48;2;58;71;83m▀[0m[38;2;61;71;84m[48;2;67;75;88m▀[0m[38;2;15;23;32m[48;2;12;18;27m▀[0m[38;2;6;12;21m[48;2;8;13;23m▀[0m[38;2;4;10;18m[48;2;6;12;21m▀[0m[38;2;4;11;20m[48;2;5;12;22m▀[0m[38;2;4;15;25m[48;2;4;16;27m▀[0m[38;2;5;19;31m[48;2;5;20;32m▀[0m[38;2;5;22;34m[48;2;5;23;35m▀[0m[38;2;6;25;38m[48;2;7;27;42m▀[0m[38;2;8;26;40m[48;2;6;21;32m▀[0m[38;2;4;8;12m▀[0m
   [38;2;8;12;16m[48;2;8;10;11m▀[0m[38;2;17;51;75m[48;2;9;28;42m▀[0m[38;2;107;177;217m[48;2;79;144;183m▀[0m[38;2;103;161;198m[48;2;91;165;207m▀[0m[38;2;90;144;176m[48;2;111;156;189m▀[0m[38;2;11;103;143m[48;2;49;121;158m▀[0m[38;2;42;112;149m[48;2;11;99;139m▀[0m[38;2;48;113;149m[48;2;73;126;158m▀[0m[38;2;21;101;138m[48;2;52;111;145m▀[0m[38;2;4;91;129m[48;2;34;103;138m▀[0m[38;2;5;87;124m[48;2;17;94;130m▀[0m[38;2;20;91;126m[48;2;14;89;125m▀[0m[38;2;28;92;125m[48;2;2;82;118m▀[0m[38;2;13;80;113m[48;2;9;81;115m▀[0m[38;2;5;68;100m[48;2;45;102;130m▀[0m[38;2;59;99;124m[48;2;14;80;113m▀[0m[38;2;137;152;168m[48;2;17;78;109m▀[0m[38;2;153;163;178m[48;2;107;132;155m▀[0m[38;2;125;141;156m[48;2;70;102;126m▀[0m[38;2;111;129;147m[48;2;58;96;121m▀[0m[38;2;152;161;175m[48;2;52;88;111m▀[0m[38;2;172;179;190m[48;2;38;77;102m▀[0m[38;2;135;145;158m[48;2;24;63;89m▀[0m[38;2;74;93;111m[48;2;5;52;78m▀[0m[38;2;101;117;133m[48;2;6;53;80m▀[0m[38;2;144;155;168m[48;2;68;95;118m▀[0m[38;2;115;130;147m[48;2;31;70;93m▀[0m[38;2;46;76;98m[48;2;33;72;96m▀[0m[38;2;13;56;81m[48;2;53;85;108m▀[0m[38;2;83;107;125m[48;2;127;141;157m▀[0m[38;2;125;136;151m[48;2;82;99;115m▀[0m[38;2;87;104;121m[48;2;65;88;107m▀[0m[38;2;137;146;160m[48;2;106;119;136m▀[0m[38;2;199;204;211m[48;2;42;68;85m▀[0m[38;2;55;71;87m[48;2;9;40;57m▀[0m[38;2;8;41;61m[48;2;18;46;55m▀[0m[38;2;12;51;68m[48;2;51;68;63m▀[0m[38;2;33;65;84m[48;2;53;75;79m▀[0m[38;2;70;90;107m[48;2;41;64;81m▀[0m[38;2;100;112;125m[48;2;84;99;109m▀[0m[38;2;112;119;125m[48;2;130;135;142m▀[0m[38;2;74;80;82m[48;2;58;69;76m▀[0m[38;2;66;73;77m[48;2;66;75;81m▀[0m[38;2;41;60;71m[48;2;68;80;88m▀[0m[38;2;71;86;100m[48;2;52;66;78m▀[0m[38;2;18;33;45m[48;2;23;38;50m▀[0m[38;2;35;48;60m[48;2;16;29;39m▀[0m[38;2;34;43;54m[48;2;14;22;31m▀[0m[38;2;11;17;26m[48;2;9;14;23m▀[0m[38;2;9;14;24m[48;2;8;14;24m▀[0m[38;2;7;14;23m[48;2;7;14;24m▀[0m[38;2;6;14;24m[48;2;5;16;27m▀[0m[38;2;4;17;29m[48;2;5;19;30m▀[0m[38;2;4;21;32m[48;2;6;23;35m▀[0m[38;2;5;24;36m[48;2;7;25;39m▀[0m[38;2;8;29;45m[48;2;9;28;43m▀[0m[38;2;5;15;24m[48;2;5;9;14m▀[0m
    [38;2;8;16;22m[48;2;7;10;13m▀[0m[38;2;35;83;116m[48;2;13;38;56m▀[0m[38;2;101;177;218m[48;2;93;161;200m▀[0m[38;2;88;150;188m[48;2;82;156;198m▀[0m[38;2;94;142;174m[48;2;132;168;196m▀[0m[38;2;38;108;145m[48;2;75;128;161m▀[0m[38;2;28;101;138m[48;2;59;115;149m▀[0m[38;2;61;117;148m[48;2;45;104;138m▀[0m[38;2;61;114;146m[48;2;61;112;144m▀[0m[38;2;84;126;155m[48;2;78;120;151m▀[0m[38;2;58;109;140m[48;2;88;127;155m▀[0m[38;2;54;107;140m[48;2;96;129;155m▀[0m[38;2;13;86;120m[48;2;99;132;157m▀[0m[38;2;4;79;115m[48;2;72;113;141m▀[0m[38;2;2;76;112m[48;2;79;120;146m▀[0m[38;2;7;76;111m[48;2;57;105;134m▀[0m[38;2;9;76;108m[48;2;15;78;109m▀[0m[38;2;10;73;105m[48;2;8;73;105m▀[0m[38;2;7;70;100m[48;2;6;72;102m▀[0m[38;2;10;70;99m[48;2;21;77;107m▀[0m[38;2;7;66;96m[48;2;44;89;116m▀[0m[38;2;7;65;95m[48;2;80;111;134m▀[0m[38;2;11;65;94m[48;2;66;100;124m▀[0m[38;2;28;74;101m[48;2;93;117;137m▀[0m[38;2;83;109;129m[48;2;143;155;173m▀[0m[38;2;80;104;126m[48;2;151;162;176m▀[0m[38;2;81;103;123m[48;2;138;149;165m▀[0m[38;2;149;159;174m[48;2;94;110;127m▀[0m[38;2;118;132;148m[48;2;82;102;123m▀[0m[38;2;105;121;138m[48;2;95;111;129m▀[0m[38;2;81;100;118m[48;2;70;93;113m▀[0m[38;2;60;84;103m[48;2;17;59;81m▀[0m[38;2;53;71;72m[48;2;57;74;76m▀[0m[38;2;71;76;65m[48;2;93;84;64m▀[0m[38;2;67;75;64m[48;2;94;87;68m▀[0m[38;2;66;77;71m[48;2;69;82;82m▀[0m[38;2;64;77;79m[48;2;78;89;90m▀[0m[38;2;44;64;75m[48;2;91;98;101m▀[0m[38;2;53;70;80m[48;2;106;116;123m▀[0m[38;2;86;101;111m[48;2;20;56;67m▀[0m[38;2;84;95;102m[48;2;19;55;68m▀[0m[38;2;81;89;96m[48;2;69;83;92m▀[0m[38;2;75;83;92m[48;2;71;79;88m▀[0m[38;2;44;56;65m[48;2;37;47;57m▀[0m[38;2;17;32;42m[48;2;10;20;30m▀[0m[38;2;8;18;26m[48;2;7;14;22m▀[0m[38;2;10;16;25m[48;2;13;19;28m▀[0m[38;2;10;15;24m[48;2;10;17;27m▀[0m[38;2;8;15;25m[48;2;6;16;25m▀[0m[38;2;6;15;26m[48;2;6;18;29m▀[0m[38;2;4;19;29m[48;2;6;21;33m▀[0m[38;2;5;21;33m[48;2;6;22;35m▀[0m[38;2;5;23;35m[48;2;7;26;40m▀[0m[38;2;8;28;43m[48;2;9;29;44m▀[0m[38;2;7;21;33m[48;2;5;12;18m▀[0m
     [38;2;8;18;26m[48;2;7;10;13m▀[0m[38;2;43;95;129m[48;2;12;39;57m▀[0m[38;2;99;174;217m[48;2;89;156;197m▀[0m[38;2;103;161;196m[48;2;59;147;191m▀[0m[38;2;82;134;168m[48;2;74;139;177m▀[0m[38;2;102;142;171m[48;2;100;143;174m▀[0m[38;2;75;121;153m[48;2;50;113;149m▀[0m[38;2;83;123;152m[48;2;79;123;153m▀[0m[38;2;75;118;146m[48;2;133;156;177m▀[0m[38;2;93;127;154m[48;2;91;126;153m▀[0m[38;2;106;134;158m[48;2;88;124;150m▀[0m[38;2;105;133;157m[48;2;97;125;149m▀[0m[38;2;130;149;171m[48;2;125;146;168m▀[0m[38;2;133;150;170m[48;2;132;150;171m▀[0m[38;2;121;141;163m[48;2;109;130;151m▀[0m[38;2;88;116;139m[48;2;125;142;163m▀[0m[38;2;57;95;121m[48;2;138;153;171m▀[0m[38;2;51;90;115m[48;2;125;141;161m▀[0m[38;2;80;109;134m[48;2;137;152;169m▀[0m[38;2;109;129;150m[48;2;140;151;170m▀[0m[38;2;99;119;139m[48;2;167;176;191m▀[0m[38;2;124;139;157m[48;2;122;137;154m▀[0m[38;2;163;171;185m[48;2;125;137;156m▀[0m[38;2;165;173;185m[48;2;90;112;131m▀[0m[38;2;122;135;152m[48;2;49;78;100m▀[0m[38;2;85;105;124m[48;2;87;108;128m▀[0m[38;2;92;111;131m[48;2;65;90;111m▀[0m[38;2;78;100;120m[48;2;46;78;101m▀[0m[38;2;44;75;97m[48;2;13;61;85m▀[0m[38;2;21;64;88m[48;2;16;61;82m▀[0m[38;2;8;55;76m[48;2;31;72;91m▀[0m[38;2;26;63;78m[48;2;9;57;76m▀[0m[38;2;67;78;75m[48;2;16;57;74m▀[0m[38;2;78;81;71m[48;2;26;62;76m▀[0m[38;2;76;81;76m[48;2;48;71;83m▀[0m[38;2;58;82;92m[48;2;80;95;104m▀[0m[38;2;52;72;81m[48;2;92;105;114m▀[0m[38;2;101;112;120m[48;2;130;138;149m▀[0m[38;2;76;93;103m[48;2;79;92;102m▀[0m[38;2;66;82;93m[48;2;52;67;80m▀[0m[38;2;68;80;92m[48;2;49;62;74m▀[0m[38;2;54;64;74m[48;2;26;40;51m▀[0m[38;2;19;32;42m[48;2;14;28;38m▀[0m[38;2;7;16;24m[48;2;5;14;22m▀[0m[38;2;6;12;21m[48;2;11;18;27m▀[0m[38;2;14;21;30m[48;2;10;18;28m▀[0m[38;2;11;19;29m[48;2;8;19;30m▀[0m[38;2;6;16;27m[48;2;6;18;29m▀[0m[38;2;5;18;29m[48;2;5;21;33m▀[0m[38;2;7;24;37m[48;2;7;25;39m▀[0m[38;2;6;25;39m[48;2;8;27;42m▀[0m[38;2;8;28;44m[48;2;8;28;44m▀[0m[38;2;7;22;35m[48;2;5;12;18m▀[0m
      [38;2;8;16;23m[48;2;7;9;11m▀[0m[38;2;30;78;107m[48;2;10;27;41m▀[0m[38;2;97;172;214m[48;2;66;126;163m▀[0m[38;2;63;141;181m[48;2;87;163;204m▀[0m[38;2;100;149;182m[48;2;76;141;179m▀[0m[38;2;85;137;169m[48;2;99;146;177m▀[0m[38;2;48;112;147m[48;2;87;133;164m▀[0m[38;2;100;137;164m[48;2;92;135;164m▀[0m[38;2;58;110;141m[48;2;16;94;131m▀[0m[38;2;38;97;130m[48;2;51;106;138m▀[0m[38;2;116;143;166m[48;2;39;97;127m▀[0m[38;2;64;105;133m[48;2;14;80;114m▀[0m[38;2;44;95;123m[48;2;12;77;111m▀[0m[38;2;62;102;129m[48;2;12;80;112m▀[0m[38;2;87;117;141m[48;2;24;83;113m▀[0m[38;2;90;118;142m[48;2;22;80;110m▀[0m[38;2;68;100;126m[48;2;56;98;124m▀[0m[38;2;41;82;108m[48;2;67;100;126m▀[0m[38;2;30;73;100m[48;2;57;93;120m▀[0m[38;2;86;109;131m[48;2;69;101;125m▀[0m[38;2;62;95;119m[48;2;20;71;97m▀[0m[38;2;49;82;107m[48;2;32;78;103m▀[0m[38;2;66;95;117m[48;2;93;115;137m▀[0m[38;2;94;114;134m[48;2;50;86;110m▀[0m[38;2;53;84;106m[48;2;17;65;91m▀[0m[38;2;34;73;96m[48;2;38;77;101m▀[0m[38;2;12;63;88m[48;2;50;83;106m▀[0m[38;2;2;57;82m[48;2;26;71;94m▀[0m[38;2;53;82;93m[48;2;23;68;88m▀[0m[38;2;64;88;95m[48;2;51;80;90m▀[0m[38;2;20;60;75m[48;2;60;78;83m▀[0m[38;2;8;52;70m[48;2;59;78;87m▀[0m[38;2;52;78;92m[48;2;57;73;81m▀[0m[38;2;58;74;82m[48;2;67;80;87m▀[0m[38;2;79;92;99m[48;2;83;94;101m▀[0m[38;2;78;92;105m[48;2;38;58;71m▀[0m[38;2;45;67;81m[48;2;14;46;61m▀[0m[38;2;26;51;66m[48;2;31;53;68m▀[0m[38;2;52;68;81m[48;2;26;47;62m▀[0m[38;2;29;46;58m[48;2;5;29;42m▀[0m[38;2;13;32;43m[48;2;7;25;37m▀[0m[38;2;6;20;31m[48;2;7;18;28m▀[0m[38;2;11;20;29m[48;2;12;21;31m▀[0m[38;2;12;21;31m[48;2;8;18;28m▀[0m[38;2;8;18;29m[48;2;6;19;30m▀[0m[38;2;8;20;31m[48;2;6;20;33m▀[0m[38;2;7;22;34m[48;2;5;21;34m▀[0m[38;2;6;23;36m[48;2;7;25;40m▀[0m[38;2;6;25;40m[48;2;8;28;44m▀[0m[38;2;8;29;45m[48;2;8;27;41m▀[0m[38;2;6;20;31m[48;2;5;9;14m▀[0m
       [38;2;8;12;16m▀[0m[38;2;16;45;66m[48;2;8;16;23m▀[0m[38;2;89;156;196m[48;2;24;63;90m▀[0m[38;2;80;154;195m[48;2;100;168;209m▀[0m[38;2;92;146;180m[48;2;80;151;191m▀[0m[38;2;136;168;193m[48;2;119;163;192m▀[0m[38;2;59;117;152m[48;2;66;126;159m▀[0m[38;2;48;113;146m[48;2;62;119;154m▀[0m[38;2;36;104;137m[48;2;42;108;142m▀[0m[38;2;92;130;157m[48;2;32;102;135m▀[0m[38;2;69;111;139m[48;2;74;122;151m▀[0m[38;2;41;92;122m[48;2;87;123;149m▀[0m[38;2;17;79;111m[48;2;79;115;139m▀[0m[38;2;34;89;119m[48;2;46;92;122m▀[0m[38;2;54;99;127m[48;2;47;93;121m▀[0m[38;2;45;93;120m[48;2;57;99;125m▀[0m[38;2;35;83;112m[48;2;46;92;120m▀[0m[38;2;23;77;105m[48;2;36;87;112m▀[0m[38;2;58;95;121m[48;2;43;88;114m▀[0m[38;2;54;92;117m[48;2;88;116;138m▀[0m[38;2;44;85;111m[48;2;98;121;142m▀[0m[38;2;52;89;114m[48;2;64;98;121m▀[0m[38;2;29;74;99m[48;2;55;91;115m▀[0m[38;2;34;76;101m[48;2;63;93;115m▀[0m[38;2;52;86;109m[48;2;74;103;124m▀[0m[38;2;81;108;129m[48;2;51;85;107m▀[0m[38;2;42;80;102m[48;2;60;91;112m▀[0m[38;2;23;65;87m[48;2;52;77;94m▀[0m[38;2;89;96;98m[48;2;71;81;86m▀[0m[38;2;79;87;93m[48;2;97;101;106m▀[0m[38;2;80;91;100m[48;2;88;95;103m▀[0m[38;2;74;86;94m[48;2;58;68;77m▀[0m[38;2;65;77;84m[48;2;81;86;92m▀[0m[38;2;68;77;84m[48;2;61;72;81m▀[0m[38;2;45;60;68m[48;2;36;54;62m▀[0m[38;2;22;50;65m[48;2;5;40;56m▀[0m[38;2;19;45;59m[48;2;3;33;48m▀[0m[38;2;8;33;47m[48;2;4;27;40m▀[0m[38;2;4;25;37m[48;2;6;21;32m▀[0m[38;2;5;20;31m[48;2;5;15;25m▀[0m[38;2;8;16;27m[48;2;5;15;25m▀[0m[38;2;6;16;26m[48;2;5;17;28m▀[0m[38;2;4;17;27m[48;2;6;20;32m▀[0m[38;2;7;21;34m[48;2;8;23;37m▀[0m[38;2;7;23;35m[48;2;7;26;40m▀[0m[38;2;6;25;40m[48;2;8;30;46m▀[0m[38;2;8;29;44m[48;2;9;31;47m▀[0m[38;2;9;29;45m[48;2;5;18;27m▀[0m[38;2;5;13;21m▀[0m
        [38;2;7;9;11m▀[0m[38;2;9;19;28m[48;2;7;9;11m▀[0m[38;2;33;78;107m[48;2;9;22;34m▀[0m[38;2;98;169;211m[48;2;37;86;117m▀[0m[38;2;79;150;189m[48;2;97;168;209m▀[0m[38;2;56;129;169m[48;2;65;143;185m▀[0m[38;2;47;116;153m[48;2;34;117;157m▀[0m[38;2;59;118;152m[48;2;57;122;156m▀[0m[38;2;10;92;131m[48;2;67;121;153m▀[0m[38;2;39;105;136m[48;2;87;129;158m▀[0m[38;2;67;114;143m[48;2;56;110;141m▀[0m[38;2;102;131;156m[48;2;122;147;169m▀[0m[38;2;107;133;156m[48;2;91;123;148m▀[0m[38;2;104;130;152m[48;2;104;130;153m▀[0m[38;2;101;126;148m[48;2;85;117;142m▀[0m[38;2;83;112;137m[48;2;103;130;153m▀[0m[38;2;127;144;164m[48;2;135;152;171m▀[0m[38;2;99;123;144m[48;2;112;132;152m▀[0m[38;2;93;119;140m[48;2;81;110;133m▀[0m[38;2;75;106;129m[48;2;73;105;128m▀[0m[38;2;73;102;124m[48;2;112;130;149m▀[0m[38;2;63;95;117m[48;2;87;110;130m▀[0m[38;2;53;86;109m[48;2;53;86;109m▀[0m[38;2;58;88;110m[48;2;41;76;100m▀[0m[38;2;115;129;146m[48;2;71;96;116m▀[0m[38;2;93;110;128m[48;2;37;73;95m▀[0m[38;2;38;68;88m[48;2;40;72;93m▀[0m[38;2;80;87;89m[48;2;74;80;82m▀[0m[38;2;90;90;89m[48;2;77;75;73m▀[0m[38;2;80;82;84m[48;2;86;89;93m▀[0m[38;2;118;123;130m[48;2;101;109;120m▀[0m[38;2;83;95;105m[48;2;37;60;73m▀[0m[38;2;43;60;70m[48;2;19;47;63m▀[0m[38;2;13;43;57m[48;2;11;41;58m▀[0m[38;2;3;33;49m[48;2;10;36;51m▀[0m[38;2;4;29;43m[48;2;7;26;39m▀[0m[38;2;6;22;34m[48;2;5;16;26m▀[0m[38;2;6;16;26m[48;2;5;15;26m▀[0m[38;2;5;15;25m[48;2;5;18;29m▀[0m[38;2;5;17;28m[48;2;7;20;32m▀[0m[38;2;7;21;32m[48;2;8;23;37m▀[0m[38;2;8;24;38m[48;2;8;26;41m▀[0m[38;2;7;26;41m[48;2;9;31;48m▀[0m[38;2;8;29;46m[48;2;10;31;48m▀[0m[38;2;9;31;48m[48;2;7;21;33m▀[0m[38;2;6;20;32m▀[0m
          [38;2;7;9;11m▀[0m[38;2;9;22;32m[48;2;7;9;11m▀[0m[38;2;33;81;111m[48;2;8;19;28m▀[0m[38;2;101;167;208m[48;2;24;64;90m▀[0m[38;2;81;150;189m[48;2;90;155;194m▀[0m[38;2;43;121;161m[48;2;87;156;195m▀[0m[38;2;59;122;156m[48;2;67;136;173m▀[0m[38;2;75;123;152m[48;2;83;135;169m▀[0m[38;2;87;126;155m[48;2;81;129;160m▀[0m[38;2;93;129;155m[48;2;73;120;152m▀[0m[38;2;42;97;130m[48;2;202;213;223m▀[0m[38;2;5;77;110m[48;2;113;150;171m▀[0m[38;2;25;88;120m[48;2;39;105;135m▀[0m[38;2;86;119;143m[48;2;94;131;157m▀[0m[38;2;88;120;142m[48;2;86;125;150m▀[0m[38;2;114;142;163m[48;2;67;115;142m▀[0m[38;2;80;119;144m[48;2;27;105;135m▀[0m[38;2;84;114;137m[48;2;13;103;135m▀[0m[38;2;154;166;181m[48;2;32;105;134m▀[0m[38;2;174;182;193m[48;2;127;150;168m▀[0m[38;2;165;173;186m[48;2;169;177;189m▀[0m[38;2;151;161;175m[48;2;147;157;171m▀[0m[38;2;125;139;155m[48;2;105;121;138m▀[0m[38;2;89;111;129m[48;2;101;116;132m▀[0m[38;2;31;67;90m[48;2;95;109;125m▀[0m[38;2;56;72;83m[48;2;89;104;120m▀[0m[38;2;90;100;111m[48;2;63;81;99m▀[0m[38;2;93;105;119m[48;2;40;64;80m▀[0m[38;2;45;68;84m[48;2;29;55;73m▀[0m[38;2;14;46;63m[48;2;12;43;60m▀[0m[38;2;11;41;58m[48;2;7;36;52m▀[0m[38;2;14;40;56m[48;2;6;31;45m▀[0m[38;2;9;32;46m[48;2;4;21;33m▀[0m[38;2;5;19;31m[48;2;5;16;27m▀[0m[38;2;5;15;26m[48;2;7;19;31m▀[0m[38;2;5;17;28m[48;2;7;22;35m▀[0m[38;2;7;21;33m[48;2;8;25;39m▀[0m[38;2;7;23;36m[48;2;8;29;45m▀[0m[38;2;8;27;42m[48;2;10;32;49m▀[0m[38;2;9;31;48m[48;2;10;32;48m▀[0m[38;2;10;32;49m[48;2;6;19;29m▀[0m[38;2;7;21;32m▀[0m
             [38;2;8;15;22m▀[0m[38;2;15;45;66m[48;2;8;12;17m▀[0m[38;2;66;126;163m[48;2;11;29;43m▀[0m[38;2;94;163;203m[48;2;35;84;114m▀[0m[38;2;80;143;182m[48;2;92;154;193m▀[0m[38;2;96;144;178m[48;2;115;168;204m▀[0m[38;2;102;141;172m[48;2;109;154;186m▀[0m[38;2;143;169;191m[48;2;126;158;185m▀[0m[38;2;163;180;196m[48;2;142;167;190m▀[0m[38;2;88;133;159m[48;2;161;180;198m▀[0m[38;2;41;102;132m[48;2;111;141;164m▀[0m[38;2;46;106;136m[48;2;96;127;154m▀[0m[38;2;60;109;137m[48;2;117;143;165m▀[0m[38;2;44;103;131m[48;2;101;133;156m▀[0m[38;2;43;105;132m[48;2;87;120;143m▀[0m[38;2;124;143;162m[48;2;158;170;185m▀[0m[38;2;141;155;171m[48;2;128;145;163m▀[0m[38;2;120;137;156m[48;2;76;106;128m▀[0m[38;2;135;148;163m[48;2;59;93;116m▀[0m[38;2;111;126;143m[48;2;64;93;115m▀[0m[38;2;116;129;144m[48;2;84;105;126m▀[0m[38;2;141;152;164m[48;2;89;105;123m▀[0m[38;2;81;98;114m[48;2;100;112;128m▀[0m[38;2;62;80;98m[48;2;108;119;134m▀[0m[38;2;68;86;103m[48;2;100;109;123m▀[0m[38;2;70;86;103m[48;2;80;90;105m▀[0m[38;2;59;75;90m[48;2;44;58;73m▀[0m[38;2;48;62;77m[48;2;28;43;59m▀[0m[38;2;19;36;50m[48;2;12;28;44m▀[0m[38;2;8;22;35m[48;2;10;28;43m▀[0m[38;2;11;26;40m[48;2;11;33;49m▀[0m[38;2;9;26;41m[48;2;9;32;50m▀[0m[38;2;8;27;42m[48;2;9;34;51m▀[0m[38;2;9;31;47m[48;2;10;34;51m▀[0m[38;2;9;33;50m[48;2;8;24;37m▀[0m[38;2;9;29;45m[48;2;4;10;15m▀[0m[38;2;5;15;23m▀[0m
               [38;2;7;10;12m▀[0m[38;2;7;16;24m▀[0m[38;2;12;42;61m[48;2;7;10;14m▀[0m[38;2;49;104;137m[48;2;8;20;29m▀[0m[38;2;100;160;198m[48;2;15;44;64m▀[0m[38;2;126;171;206m[48;2;47;97;129m▀[0m[38;2;133;169;196m[48;2;90;147;185m▀[0m[38;2;129;159;184m[48;2;114;166;201m▀[0m[38;2;146;169;192m[48;2;108;154;187m▀[0m[38;2;138;160;182m[48;2;127;161;188m▀[0m[38;2;106;135;160m[48;2;128;156;183m▀[0m[38;2;86;120;146m[48;2;102;135;162m▀[0m[38;2;112;138;161m[48;2;96;128;155m▀[0m[38;2;107;131;153m[48;2;112;138;162m▀[0m[38;2;81;113;137m[48;2;100;126;151m▀[0m[38;2;60;97;123m[48;2;97;122;146m▀[0m[38;2;66;98;122m[48;2;84;113;136m▀[0m[38;2;71;98;122m[48;2;82;108;131m▀[0m[38;2;82;105;125m[48;2;70;98;120m▀[0m[38;2;85;104;123m[48;2;63;89;112m▀[0m[38;2;77;94;112m[48;2;61;86;107m▀[0m[38;2;67;83;101m[48;2;45;70;92m▀[0m[38;2;67;81;99m[48;2;23;50;71m▀[0m[38;2;44;60;78m[48;2;12;40;61m▀[0m[38;2;22;41;58m[48;2;11;39;59m▀[0m[38;2;11;32;50m[48;2;11;39;60m▀[0m[38;2;10;35;53m[48;2;12;41;60m▀[0m[38;2;11;37;55m[48;2;11;38;57m▀[0m[38;2;12;39;57m[48;2;9;29;45m▀[0m[38;2;12;38;57m[48;2;5;16;25m▀[0m[38;2;8;28;43m[48;2;4;8;11m▀[0m[38;2;5;14;23m▀[0m
                   [38;2;7;10;14m▀[0m[38;2;8;17;25m▀[0m[38;2;10;31;47m[48;2;7;9;11m▀[0m[38;2;22;62;88m[48;2;7;12;17m▀[0m[38;2;51;105;138m[48;2;7;18;27m▀[0m[38;2;76;134;171m[48;2;9;28;42m▀[0m[38;2;96;151;186m[48;2;14;45;64m▀[0m[38;2;106;152;187m[48;2;25;68;93m▀[0m[38;2;103;144;176m[48;2;38;88;119m▀[0m[38;2;101;136;167m[48;2;44;99;132m▀[0m[38;2;95;129;158m[48;2;47;103;137m▀[0m[38;2;81;115;145m[48;2;47;102;136m▀[0m[38;2;78;111;139m[48;2;44;97;131m▀[0m[38;2;74;105;134m[48;2;38;91;124m▀[0m[38;2;63;96;123m[48;2;33;84;116m▀[0m[38;2;45;81;108m[48;2;28;76;105m▀[0m[38;2;27;64;91m[48;2;23;66;92m▀[0m[38;2;18;54;79m[48;2;19;54;77m▀[0m[38;2;15;50;75m[48;2;15;42;60m▀[0m[38;2;15;49;72m[48;2;8;27;41m▀[0m[38;2;14;46;67m[48;2;6;17;26m▀[0m[38;2;11;38;56m[48;2;5;10;15m▀[0m[38;2;8;26;40m▀[0m[38;2;5;14;22m▀[0m
                         [38;2;7;10;13m▀[0m[38;2;7;12;16m▀[0m[38;2;7;14;21m▀[0m[38;2;7;17;26m▀[0m[38;2;7;20;30m▀[0m[38;2;9;23;34m▀[0m[38;2;8;23;35m▀[0m[38;2;7;22;33m▀[0m[38;2;7;21;31m▀[0m[38;2;6;17;26m▀[0m[38;2;6;14;20m▀[0m[38;2;6;11;16m▀[0m[38;2;6;9;11m▀[0m
