                  [38;2;7;10;12m▄[0m[38;2;7;10;13m▄[0m[38;2;7;10;13m▄[0m[38;2;7;10;12m▄[0m
           [38;2;7;11;15m▄[0m[38;2;10;29;42m▄[0m[38;2;7;10;12m[48;2;41;83;110m▀[0m[38;2;7;15;21m[48;2;96;145;177m▀[0m[38;2;10;29;42m[48;2;143;185;213m▀[0m[38;2;22;55;77m[48;2;167;196;218m▀[0m[38;2;41;83;110m[48;2;177;196;215m▀[0m[38;2;55;101;131m[48;2;171;189;208m▀[0m[38;2;61;108;139m[48;2;164;183;202m▀[0m[38;2;57;105;135m[48;2;162;181;200m▀[0m[38;2;48;92;122m[48;2;139;164;185m▀[0m[38;2;34;74;99m[48;2;140;166;187m▀[0m[38;2;21;50;69m[48;2;119;152;176m▀[0m[38;2;9;26;38m[48;2;91;132;160m▀[0m[38;2;7;13;18m[48;2;59;100;128m▀[0m[38;2;26;57;78m▄[0m[38;2;8;21;30m▄[0m[38;2;6;9;11m▄[0m
        [38;2;7;13;19m▄[0m[38;2;7;10;12m[48;2;28;65;88m▀[0m[38;2;9;27;40m[48;2;99;158;195m▀[0m[38;2;53;100;129m[48;2;139;179;206m▀[0m[38;2;121;172;205m[48;2;118;154;177m▀[0m[38;2;170;198;221m[48;2;108;150;175m▀[0m[38;2;193;209;224m[48;2;160;180;198m▀[0m[38;2;185;198;212m[48;2;188;198;210m▀[0m[38;2;174;187;202m[48;2;200;208;218m▀[0m[38;2;189;199;212m[48;2;204;209;218m▀[0m[38;2;184;193;206m[48;2;204;210;218m▀[0m[38;2;181;191;203m[48;2;193;199;209m▀[0m[38;2;169;181;194m[48;2;177;185;196m▀[0m[38;2;172;183;196m[48;2;157;170;183m▀[0m[38;2;145;164;180m[48;2;119;142;159m▀[0m[38;2;115;143;163m[48;2;121;144;161m▀[0m[38;2;120;146;166m[48;2;130;145;160m▀[0m[38;2;74;114;137m[48;2;68;109;132m▀[0m[38;2;79;112;133m[48;2;53;98;117m▀[0m[38;2;55;92;117m[48;2;92;107;117m▀[0m[38;2;24;55;75m[48;2;82;97;111m▀[0m[38;2;7;18;26m[48;2;37;65;86m▀[0m[38;2;10;28;41m▄[0m
      [38;2;7;18;26m▄[0m[38;2;8;17;25m[48;2;60;113;146m▀[0m[38;2;50;99;130m[48;2;99;165;201m▀[0m[38;2;117;174;208m[48;2;124;156;171m▀[0m[38;2;108;152;175m[48;2;83;130;148m▀[0m[38;2;117;156;178m[48;2;53;119;143m▀[0m[38;2;111;150;173m[48;2;46;115;141m▀[0m[38;2;103;151;175m[48;2;154;174;191m▀[0m[38;2;107;153;175m[48;2;127;158;177m▀[0m[38;2;173;188;202m[48;2;145;166;183m▀[0m[38;2;151;170;186m[48;2;148;165;180m▀[0m[38;2;152;166;181m[48;2;148;160;176m▀[0m[38;2;147;162;178m[48;2;148;157;169m▀[0m[38;2;163;173;186m[48;2;108;129;144m▀[0m[38;2;180;188;199m[48;2;89;118;133m▀[0m[38;2;155;166;180m[48;2;133;137;138m▀[0m[38;2;130;143;154m[48;2;108;121;122m▀[0m[38;2;131;139;146m[48;2;62;105;121m▀[0m[38;2;72;111;130m[48;2;13;86;108m▀[0m[38;2;78;118;137m[48;2;46;93;105m▀[0m[38;2;56;96;109m[48;2;100;106;95m▀[0m[38;2;127;123;120m[48;2;138;131;127m▀[0m[38;2;108;105;105m[48;2;121;119;120m▀[0m[38;2;69;77;85m[48;2;77;81;86m▀[0m[38;2;24;46;63m[48;2;51;65;76m▀[0m[38;2;8;27;41m[48;2;16;35;50m▀[0m[38;2;6;9;12m[48;2;7;24;38m▀[0m[38;2;5;8;11m▄[0m
    [38;2;7;11;14m▄[0m[38;2;7;15;22m[48;2;38;79;105m▀[0m[38;2;58;109;139m[48;2;110;173;208m▀[0m[38;2;112;173;205m[48;2;132;159;167m▀[0m[38;2;139;161;167m[48;2;129;153;154m▀[0m[38;2;87;127;133m[48;2;127;152;155m▀[0m[38;2;54;119;137m[48;2;80;128;138m▀[0m[38;2;38;114;134m[48;2;95;131;138m▀[0m[38;2;32;107;128m[48;2;84;125;142m▀[0m[38;2;83;126;147m[48;2;160;174;187m▀[0m[38;2;98;136;155m[48;2;164;171;185m▀[0m[38;2;144;155;171m[48;2;103;128;147m▀[0m[38;2;68;102;123m[48;2;55;94;119m▀[0m[38;2;38;93;116m[48;2;61;105;131m▀[0m[38;2;34;92;115m[48;2;72;106;130m▀[0m[38;2;56;101;123m[48;2;107;127;148m▀[0m[38;2;108;128;145m[48;2;93;115;135m▀[0m[38;2;91;118;136m[48;2;71;103;124m▀[0m[38;2;128;146;161m[48;2;38;79;103m▀[0m[38;2;148;161;175m[48;2;54;89;111m▀[0m[38;2;97;120;137m[48;2;100;120;138m▀[0m[38;2;158;166;174m[48;2;80;103;120m▀[0m[38;2;116;120;120m[48;2;68;90;107m▀[0m[38;2;123;120;117m[48;2;76;95;107m▀[0m[38;2;116;113;113m[48;2;115;127;139m▀[0m[38;2;84;85;84m[48;2;135;143;154m▀[0m[38;2;53;68;77m[48;2;39;62;75m▀[0m[38;2;44;57;67m[48;2;28;49;60m▀[0m[38;2;7;25;38m[48;2;11;26;37m▀[0m[38;2;7;22;35m[48;2;8;25;40m▀[0m[38;2;6;18;28m▄[0m
   [38;2;8;14;20m▄[0m[38;2;15;39;55m[48;2;70;124;157m▀[0m[38;2;112;171;208m[48;2;121;170;198m▀[0m[38;2;132;165;177m[48;2;115;147;150m▀[0m[38;2;129;152;153m[48;2;123;148;149m▀[0m[38;2;127;149;145m[48;2;81;130;128m▀[0m[38;2;137;160;160m[48;2;106;141;141m▀[0m[38;2;141;158;160m[48;2;126;145;142m▀[0m[38;2;74;114;127m[48;2;138;155;168m▀[0m[38;2;143;160;177m[48;2;148;159;173m▀[0m[38;2;157;166;179m[48;2;124;138;153m▀[0m[38;2;72;98;118m[48;2;130;143;161m▀[0m[38;2;63;101;123m[48;2;107;127;148m▀[0m[38;2;86;113;135m[48;2;107;127;146m▀[0m[38;2;98;117;138m[48;2;83;107;129m▀[0m[38;2;102;122;141m[48;2;47;84;108m▀[0m[38;2;99;123;144m[48;2;18;64;90m▀[0m[38;2;51;89;112m[48;2;53;89;112m▀[0m[38;2;18;69;96m[48;2;80;108;130m▀[0m[38;2;12;65;91m[48;2;127;141;158m▀[0m[38;2;6;61;87m[48;2;89;110;129m▀[0m[38;2;9;64;89m[48;2;80;103;123m▀[0m[38;2;12;65;89m[48;2;66;97;118m▀[0m[38;2;21;71;92m[48;2;75;101;120m▀[0m[38;2;50;87;98m[48;2;26;66;87m▀[0m[38;2;31;74;88m[48;2;8;55;76m▀[0m[38;2;21;60;73m[48;2;24;62;76m▀[0m[38;2;32;57;68m[48;2;23;60;71m▀[0m[38;2;53;71;81m[48;2;5;43;54m▀[0m[38;2;21;35;46m[48;2;24;42;50m▀[0m[38;2;4;16;27m[48;2;14;25;34m▀[0m[38;2;8;26;41m[48;2;7;22;35m▀[0m[38;2;5;11;18m[48;2;6;21;34m▀[0m
  [38;2;8;13;17m▄[0m[38;2;18;46;65m[48;2;65;118;150m▀[0m[38;2;118;179;217m[48;2;101;169;205m▀[0m[38;2;137;167;179m[48;2;164;175;174m▀[0m[38;2;115;144;149m[48;2;193;199;203m▀[0m[38;2;119;150;156m[48;2;34;110;135m▀[0m[38;2;81;138;139m[48;2;35;126;149m▀[0m[38;2;93;141;140m[48;2;69;136;153m▀[0m[38;2;124;150;160m[48;2;129;151;170m▀[0m[38;2;167;177;191m[48;2;169;178;192m▀[0m[38;2;138;150;164m[48;2;110;127;143m▀[0m[38;2;29;71;96m[48;2;57;94;117m▀[0m[38;2;121;140;160m[48;2;102;124;144m▀[0m[38;2;136;149;166m[48;2;80;106;127m▀[0m[38;2;82;108;129m[48;2;77;106;126m▀[0m[38;2;57;90;114m[48;2;117;132;149m▀[0m[38;2;67;97;119m[48;2;149;160;174m▀[0m[38;2;125;141;159m[48;2;186;192;203m▀[0m[38;2;146;156;171m[48;2;198;202;210m▀[0m[38;2;158;166;180m[48;2;198;202;211m▀[0m[38;2;124;135;150m[48;2;181;186;197m▀[0m[38;2;119;134;150m[48;2;196;200;208m▀[0m[38;2;86;106;124m[48;2;190;195;205m▀[0m[38;2;81;101;119m[48;2;149;158;171m▀[0m[38;2;67;90;109m[48;2;111;125;140m▀[0m[38;2;65;89;108m[48;2;56;82;101m▀[0m[38;2;72;94;112m[48;2;24;59;78m▀[0m[38;2;38;67;82m[48;2;40;70;89m▀[0m[38;2;52;73;84m[48;2;43;68;85m▀[0m[38;2;72;87;90m[48;2;29;55;67m▀[0m[38;2;59;68;57m[48;2;54;62;59m▀[0m[38;2;18;22;26m[48;2;16;20;25m▀[0m[38;2;10;19;27m[48;2;13;20;25m▀[0m[38;2;8;25;37m[48;2;13;23;31m▀[0m[38;2;5;13;20m[48;2;8;22;34m▀[0m
  [38;2;10;25;37m[48;2;26;60;81m▀[0m[38;2;96;166;206m[48;2;109;181;219m▀[0m[38;2;80;157;192m[48;2;102;161;189m▀[0m[38;2;102;155;168m[48;2;147;176;193m▀[0m[38;2;141;161;174m[48;2;164;178;190m▀[0m[38;2;52;115;143m[48;2;47;102;132m▀[0m[38;2;82;134;159m[48;2;103;137;162m▀[0m[38;2;25;102;132m[48;2;33;98;128m▀[0m[38;2;131;152;170m[48;2;138;156;175m▀[0m[38;2;134;147;163m[48;2;147;159;173m▀[0m[38;2;48;83;106m[48;2;68;100;122m▀[0m[38;2;63;105;130m[48;2;113;143;153m▀[0m[38;2;124;140;158m[48;2;109;129;148m▀[0m[38;2;65;95;118m[48;2;94;116;136m▀[0m[38;2;138;151;167m[48;2;166;174;186m▀[0m[38;2;186;192;202m[48;2;198;201;210m▀[0m[38;2;196;200;209m[48;2;165;172;183m▀[0m[38;2;171;177;188m[48;2;117;130;145m▀[0m[38;2;139;149;163m[48;2;124;138;153m▀[0m[38;2;113;128;144m[48;2;101;119;137m▀[0m[38;2;125;137;152m[48;2;90;115;134m▀[0m[38;2;144;154;168m[48;2;80;104;123m▀[0m[38;2;152;160;173m[48;2;80;105;124m▀[0m[38;2;171;177;189m[48;2;65;92;111m▀[0m[38;2;163;170;182m[48;2;148;158;171m▀[0m[38;2;132;141;154m[48;2;178;184;194m▀[0m[38;2;102;116;132m[48;2;100;113;128m▀[0m[38;2;28;60;78m[48;2;79;95;112m▀[0m[38;2;8;45;64m[48;2;24;53;71m▀[0m[38;2;23;52;70m[48;2;6;35;51m▀[0m[38;2;17;37;49m[48;2;4;26;40m▀[0m[38;2;7;17;25m[48;2;7;16;25m▀[0m[38;2;12;19;24m[48;2;7;15;21m▀[0m[38;2;15;23;29m[48;2;12;21;27m▀[0m[38;2;11;27;39m[48;2;13;26;36m▀[0m[38;2;5;9;13m[48;2;5;15;23m▀[0m
 [38;2;8;11;13m[48;2;8;13;18m▀[0m[38;2;56;102;131m[48;2;75;130;164m▀[0m[38;2;118;182;214m[48;2;129;185;209m▀[0m[38;2;21;123;165m[48;2;26;121;162m▀[0m[38;2;97;149;175m[48;2;88;136;163m▀[0m[38;2;163;174;188m[48;2;184;195;208m▀[0m[38;2;75;118;145m[48;2;133;152;168m▀[0m[38;2;95;128;152m[48;2;125;147;168m▀[0m[38;2;77;116;142m[48;2;126;147;167m▀[0m[38;2;131;150;169m[48;2;126;146;164m▀[0m[38;2;189;195;206m[48;2;185;193;205m▀[0m[38;2;114;132;149m[48;2;155;165;179m▀[0m[38;2;136;152;170m[48;2;141;156;172m▀[0m[38;2;123;142;161m[48;2;122;141;157m▀[0m[38;2;120;137;154m[48;2;174;183;194m▀[0m[38;2;201;207;216m[48;2;184;190;200m▀[0m[38;2;168;176;187m[48;2;150;160;173m▀[0m[38;2;142;154;168m[48;2;183;190;200m▀[0m[38;2;173;181;193m[48;2;206;211;218m▀[0m[38;2;178;185;196m[48;2;193;198;207m▀[0m[38;2;139;151;165m[48;2;192;197;207m▀[0m[38;2;112;128;144m[48;2;185;192;201m▀[0m[38;2;111;128;146m[48;2;100;118;135m▀[0m[38;2;90;114;133m[48;2;88;110;128m▀[0m[38;2;36;75;97m[48;2;86;111;130m▀[0m[38;2;67;95;116m[48;2;13;58;82m▀[0m[38;2;153;163;176m[48;2;49;82;102m▀[0m[38;2;126;137;151m[48;2;138;148;159m▀[0m[38;2;46;68;84m[48;2;118;130;145m▀[0m[38;2;55;75;91m[48;2;56;74;89m▀[0m[38;2;25;52;68m[48;2;29;51;66m▀[0m[38;2;10;34;48m[48;2;9;33;47m▀[0m[38;2;2;13;22m[48;2;10;22;32m▀[0m[38;2;6;14;21m[48;2;4;10;18m▀[0m[38;2;9;18;25m[48;2;7;17;24m▀[0m[38;2;10;23;33m[48;2;7;22;33m▀[0m[38;2;6;20;31m[48;2;7;23;36m▀[0m
 [38;2;8;16;23m[48;2;9;18;26m▀[0m[38;2;85;147;183m[48;2;91;155;192m▀[0m[38;2;53;150;193m[48;2;41;145;189m▀[0m[38;2;34;127;166m[48;2;41;131;169m▀[0m[38;2;65;132;163m[48;2;119;157;181m▀[0m[38;2;176;190;202m[48;2;120;145;167m▀[0m[38;2;188;195;206m[48;2;192;199;210m▀[0m[38;2;92;119;140m[48;2;173;181;193m▀[0m[38;2;122;145;165m[48;2;54;94;118m▀[0m[38;2;131;149;167m[48;2;130;148;166m▀[0m[38;2;175;184;197m[48;2;120;137;155m▀[0m[38;2;200;205;215m[48;2;194;200;211m▀[0m[38;2;129;144;159m[48;2;173;182;194m▀[0m[38;2;132;148;165m[48;2;127;144;159m▀[0m[38;2;184;192;202m[48;2;146;159;174m▀[0m[38;2;195;200;208m[48;2;209;213;220m▀[0m[38;2;170;179;191m[48;2;169;177;189m▀[0m[38;2;213;217;223m[48;2;214;218;223m▀[0m[38;2;217;219;226m[48;2;186;196;179m▀[0m[38;2;193;198;207m[48;2;159;165;168m▀[0m[38;2;147;158;171m[48;2;168;176;187m▀[0m[38;2;175;183;193m[48;2;148;159;172m▀[0m[38;2;171;178;189m[48;2;189;195;205m▀[0m[38;2;86;106;124m[48;2;61;84;103m▀[0m[38;2;97;116;133m[48;2;66;90;109m▀[0m[38;2;48;81;102m[48;2;42;76;97m▀[0m[38;2;21;62;84m[48;2;16;59;82m▀[0m[38;2;90;108;124m[48;2;76;102;119m▀[0m[38;2;125;135;149m[48;2;137;146;159m▀[0m[38;2;77;91;105m[48;2;100;111;124m▀[0m[38;2;29;48;63m[48;2;41;56;70m▀[0m[38;2;12;33;45m[48;2;16;31;43m▀[0m[38;2;7;15;25m[48;2;4;12;21m▀[0m[38;2;2;9;17m[48;2;3;8;17m▀[0m[38;2;8;17;26m[48;2;4;13;23m▀[0m[38;2;6;21;33m[48;2;7;22;34m▀[0m[38;2;10;27;40m[48;2;7;24;38m▀[0m
 [38;2;9;18;25m[48;2;8;16;22m▀[0m[38;2;90;154;192m[48;2;84;145;182m▀[0m[38;2;72;154;192m[48;2;38;140;184m▀[0m[38;2;30;124;164m[48;2;61;136;171m▀[0m[38;2;64;129;160m[48;2;36;112;149m▀[0m[38;2;107;138;162m[48;2;34;107;143m▀[0m[38;2;172;184;198m[48;2;79;123;150m▀[0m[38;2;208;212;222m[48;2;144;159;177m▀[0m[38;2;185;192;204m[48;2;205;211;220m▀[0m[38;2;155;166;180m[48;2;163;171;185m▀[0m[38;2;140;153;170m[48;2;134;146;162m▀[0m[38;2;143;155;170m[48;2;110;129;147m▀[0m[38;2;181;188;199m[48;2;135;149;165m▀[0m[38;2;156;165;179m[48;2;181;187;199m▀[0m[38;2;131;145;162m[48;2;161;170;183m▀[0m[38;2;175;183;194m[48;2;159;169;182m▀[0m[38;2;197;202;211m[48;2;156;166;178m▀[0m[38;2;188;195;203m[48;2;173;181;192m▀[0m[38;2;189;195;203m[48;2;180;187;197m▀[0m[38;2;172;180;190m[48;2;186;192;201m▀[0m[38;2;175;183;193m[48;2;150;160;173m▀[0m[38;2;122;138;152m[48;2;127;141;155m▀[0m[38;2;177;184;194m[48;2;181;187;198m▀[0m[38;2;96;114;130m[48;2;74;95;113m▀[0m[38;2;28;62;84m[48;2;41;71;90m▀[0m[38;2;57;85;104m[48;2;116;132;148m▀[0m[38;2;36;73;94m[48;2;60;89;108m▀[0m[38;2;27;63;84m[48;2;35;71;91m▀[0m[38;2;102;116;131m[48;2;102;116;130m▀[0m[38;2;138;148;160m[48;2;107;119;132m▀[0m[38;2;40;54;67m[48;2;56;68;81m▀[0m[38;2;11;23;34m[48;2;14;25;34m▀[0m[38;2;3;9;18m[48;2;3;8;16m▀[0m[38;2;4;13;23m[48;2;3;10;19m▀[0m[38;2;5;15;26m[48;2;3;12;22m▀[0m[38;2;3;16;27m[48;2;6;19;31m▀[0m[38;2;6;25;39m[48;2;7;25;39m▀[0m
 [38;2;8;13;17m[48;2;8;10;12m▀[0m[38;2;70;126;161m[48;2;51;96;126m▀[0m[38;2;62;150;191m[48;2;75;157;198m▀[0m[38;2;23;120;162m[48;2;32;126;167m▀[0m[38;2;11;107;147m[48;2;40;120;157m▀[0m[38;2;20;103;140m[48;2;5;98;139m▀[0m[38;2;64;116;146m[48;2;19;96;133m▀[0m[38;2;41;97;128m[48;2;73;116;144m▀[0m[38;2;102;130;153m[48;2;63;105;133m▀[0m[38;2;140;155;171m[48;2;113;136;156m▀[0m[38;2;188;195;206m[48;2;126;141;159m▀[0m[38;2;178;186;197m[48;2;118;134;151m▀[0m[38;2;157;167;180m[48;2;173;179;192m▀[0m[38;2;135;147;162m[48;2;154;163;176m▀[0m[38;2;179;186;198m[48;2;155;163;176m▀[0m[38;2;175;181;193m[48;2;149;157;170m▀[0m[38;2;185;191;200m[48;2;156;163;175m▀[0m[38;2;199;203;211m[48;2;163;169;180m▀[0m[38;2;176;182;192m[48;2;127;139;153m▀[0m[38;2;151;160;172m[48;2;114;129;145m▀[0m[38;2;142;152;166m[48;2;149;159;172m▀[0m[38;2;125;138;152m[48;2;116;129;144m▀[0m[38;2;168;176;188m[48;2;157;165;178m▀[0m[38;2;89;107;125m[48;2;46;72;91m▀[0m[38;2;62;87;107m[48;2;72;95;113m▀[0m[38;2;100;118;135m[48;2;80;101;119m▀[0m[38;2;38;71;91m[48;2;41;72;90m▀[0m[38;2;41;69;87m[48;2;20;52;70m▀[0m[38;2;36;63;80m[48;2;66;84;99m▀[0m[38;2;66;82;97m[48;2;47;63;78m▀[0m[38;2;44;57;70m[48;2;55;66;79m▀[0m[38;2;12;21;30m[48;2;13;20;29m▀[0m[38;2;3;9;16m[48;2;3;9;18m▀[0m[38;2;2;10;18m[48;2;3;12;21m▀[0m[38;2;3;14;24m[48;2;3;17;28m▀[0m[38;2;6;23;36m[48;2;7;24;38m▀[0m[38;2;6;23;36m[48;2;6;20;31m▀[0m
  [38;2;22;53;75m[48;2;10;23;34m▀[0m[38;2;100;171;212m[48;2;88;156;197m▀[0m[38;2;43;126;165m[48;2;100;153;187m▀[0m[38;2;51;121;158m[48;2;21;106;146m▀[0m[38;2;23;106;143m[48;2;55;117;152m▀[0m[38;2;2;90;128m[48;2;22;99;135m▀[0m[38;2;26;98;132m[48;2;12;92;127m▀[0m[38;2;98;133;156m[48;2;13;85;121m▀[0m[38;2;180;189;201m[48;2;24;87;117m▀[0m[38;2;145;158;173m[48;2;42;92;120m▀[0m[38;2;135;147;163m[48;2;113;136;155m▀[0m[38;2;131;144;159m[48;2;115;134;151m▀[0m[38;2;95;112;130m[48;2;117;134;151m▀[0m[38;2;172;180;191m[48;2;115;131;148m▀[0m[38;2;158;167;180m[48;2;64;90;110m▀[0m[38;2;186;192;201m[48;2;80;104;122m▀[0m[38;2;143;152;165m[48;2;82;106;125m▀[0m[38;2;101;118;136m[48;2;23;64;88m▀[0m[38;2;105;123;140m[48;2;103;120;137m▀[0m[38;2;136;147;161m[48;2;88;106;123m▀[0m[38;2;144;154;166m[48;2;133;145;157m▀[0m[38;2;63;81;98m[48;2;37;59;76m▀[0m[38;2;21;54;74m[48;2;19;52;66m▀[0m[38;2;64;89;109m[48;2;44;71;86m▀[0m[38;2;75;94;110m[48;2;95;108;121m▀[0m[38;2;52;71;79m[48;2;96;102;107m▀[0m[38;2;61;70;71m[48;2;64;73;78m▀[0m[38;2;52;72;87m[48;2;57;73;85m▀[0m[38;2;29;45;58m[48;2;19;34;45m▀[0m[38;2;71;80;92m[48;2;30;39;50m▀[0m[38;2;9;16;24m[48;2;9;15;24m▀[0m[38;2;5;11;20m[48;2;7;14;23m▀[0m[38;2;4;14;24m[48;2;4;17;28m▀[0m[38;2;5;21;33m[48;2;5;22;34m▀[0m[38;2;6;26;40m[48;2;8;27;43m▀[0m[38;2;5;14;22m[48;2;5;8;11m▀[0m
  [38;2;8;12;15m▀[0m[38;2;54;106;137m[48;2;15;38;54m▀[0m[38;2;90;158;197m[48;2;92;163;205m▀[0m[38;2;69;128;162m[48;2;109;155;187m▀[0m[38;2;38;106;143m[48;2;79;127;159m▀[0m[38;2;59;114;146m[48;2;61;112;144m▀[0m[38;2;66;116;147m[48;2;77;119;148m▀[0m[38;2;49;105;138m[48;2;93;127;153m▀[0m[38;2;12;84;118m[48;2;106;134;158m▀[0m[38;2;5;79;113m[48;2;115;139;162m▀[0m[38;2;14;78;111m[48;2;74;112;138m▀[0m[38;2;14;74;105m[48;2;30;82;112m▀[0m[38;2;9;69;99m[48;2;42;88;116m▀[0m[38;2;8;65;94m[48;2;83;111;134m▀[0m[38;2;9;63;92m[48;2;99;122;142m▀[0m[38;2;60;94;118m[48;2;147;158;173m▀[0m[38;2;71;99;120m[48;2;141;151;167m▀[0m[38;2;116;132;149m[48;2;93;111;129m▀[0m[38;2;123;136;152m[48;2;80;100;120m▀[0m[38;2;79;98;117m[48;2;44;77;99m▀[0m[38;2;54;76;89m[48;2;24;61;78m▀[0m[38;2;63;72;65m[48;2;78;81;69m▀[0m[38;2;64;74;67m[48;2;79;83;74m▀[0m[38;2;59;74;79m[48;2;68;85;90m▀[0m[38;2;59;76;87m[48;2;93;104;112m▀[0m[38;2;78;93;102m[48;2;40;69;81m▀[0m[38;2;75;84;92m[48;2;71;83;93m▀[0m[38;2;56;66;76m[48;2;38;49;59m▀[0m[38;2;14;28;37m[48;2;7;16;24m▀[0m[38;2;10;17;26m[48;2;13;19;28m▀[0m[38;2;9;15;24m[48;2;8;16;26m▀[0m[38;2;5;16;26m[48;2;5;18;29m▀[0m[38;2;5;20;31m[48;2;6;24;37m▀[0m[38;2;6;24;38m[48;2;8;28;43m▀[0m[38;2;7;22;33m[48;2;5;11;17m▀[0m
   [38;2;7;13;17m▀[0m[38;2;55;108;141m[48;2;11;29;43m▀[0m[38;2;63;145;187m[48;2;81;151;190m▀[0m[38;2;95;142;174m[48;2;82;145;181m▀[0m[38;2;59;116;150m[48;2;88;136;168m▀[0m[38;2;122;148;172m[48;2;74;125;155m▀[0m[38;2;76;118;146m[48;2;41;101;134m▀[0m[38;2;108;134;157m[48;2;50;102;131m▀[0m[38;2;120;142;164m[48;2;18;80;113m▀[0m[38;2;108;129;151m[48;2;34;89;119m▀[0m[38;2;126;143;162m[48;2;41;89;117m▀[0m[38;2;114;133;153m[48;2;54;93;119m▀[0m[38;2;136;150;168m[48;2;57;92;118m▀[0m[38;2;121;135;154m[48;2;33;77;103m▀[0m[38;2;102;122;140m[48;2;64;96;119m▀[0m[38;2;69;93;114m[48;2;64;95;118m▀[0m[38;2;70;95;116m[48;2;31;72;97m▀[0m[38;2;31;71;94m[48;2;29;72;96m▀[0m[38;2;22;65;85m[48;2;31;71;89m▀[0m[38;2;17;62;81m[48;2;56;80;88m▀[0m[38;2;18;58;74m[48;2;45;71;82m▀[0m[38;2;46;70;81m[48;2;65;80;87m▀[0m[38;2;87;101;110m[48;2;73;86;95m▀[0m[38;2;101;112;123m[48;2;22;50;66m▀[0m[38;2;58;74;86m[48;2;35;56;70m▀[0m[38;2;45;58;70m[48;2;13;34;47m▀[0m[38;2;14;29;40m[48;2;7;21;32m▀[0m[38;2;7;15;24m[48;2;11;20;30m▀[0m[38;2;11;19;29m[48;2;7;19;30m▀[0m[38;2;7;19;30m[48;2;6;21;33m▀[0m[38;2;5;21;34m[48;2;6;25;39m▀[0m[38;2;7;26;41m[48;2;8;28;43m▀[0m[38;2;7;22;34m[48;2;5;10;14m▀[0m
    [38;2;7;10;12m▀[0m[38;2;28;62;86m[48;2;8;12;17m▀[0m[38;2;89;159;200m[48;2;40;84;112m▀[0m[38;2;112;158;189m[48;2;91;161;200m▀[0m[38;2;67;123;156m[48;2;57;128;166m▀[0m[38;2;38;106;140m[48;2;59;120;153m▀[0m[38;2;75;121;149m[48;2;22;98;133m▀[0m[38;2;54;101;130m[48;2;80;123;151m▀[0m[38;2;36;90;119m[48;2;98;127;151m▀[0m[38;2;47;95;123m[48;2;101;127;150m▀[0m[38;2;40;89;116m[48;2;85;116;140m▀[0m[38;2;30;80;107m[48;2;100;125;147m▀[0m[38;2;68;102;126m[48;2;92;118;140m▀[0m[38;2;63;97;121m[48;2;72;103;125m▀[0m[38;2;44;84;108m[48;2;58;91;114m▀[0m[38;2;48;84;107m[48;2;62;92;114m▀[0m[38;2;58;90;112m[48;2;100;118;135m▀[0m[38;2;36;72;91m[48;2;54;79;97m▀[0m[38;2;83;89;93m[48;2;90;92;92m▀[0m[38;2;83;93;102m[48;2;83;86;90m▀[0m[38;2;68;78;86m[48;2;93;102;111m▀[0m[38;2;58;69;77m[48;2;37;56;67m▀[0m[38;2;19;48;61m[48;2;4;36;51m▀[0m[38;2;10;36;50m[48;2;5;26;39m▀[0m[38;2;5;23;35m[48;2;6;16;27m▀[0m[38;2;6;16;26m[48;2;5;16;27m▀[0m[38;2;5;17;27m[48;2;7;22;34m▀[0m[38;2;6;21;34m[48;2;8;26;40m▀[0m[38;2;7;25;39m[48;2;8;30;46m▀[0m[38;2;8;29;45m[48;2;7;20;31m▀[0m[38;2;6;16;24m▀[0m
      [38;2;8;14;20m▀[0m[38;2;43;89;118m[48;2;7;13;18m▀[0m[38;2;82;154;195m[48;2;33;72;97m▀[0m[38;2;47;122;161m[48;2;85;152;191m▀[0m[38;2;72;124;156m[48;2;73;136;174m▀[0m[38;2;71;117;147m[48;2;86;133;165m▀[0m[38;2;95;129;154m[48;2;119;153;177m▀[0m[38;2;47;98;126m[48;2;102;142;166m▀[0m[38;2;73;111;137m[48;2;72;120;148m▀[0m[38;2;113;137;157m[48;2;74;119;145m▀[0m[38;2;85;116;139m[48;2;37;107;136m▀[0m[38;2;109;130;149m[48;2;44;111;139m▀[0m[38;2;131;146;162m[48;2;139;159;175m▀[0m[38;2;101;122;141m[48;2;153;162;176m▀[0m[38;2;83;106;126m[48;2;105;120;137m▀[0m[38;2;39;72;92m[48;2;101;116;131m▀[0m[38;2;73;79;83m[48;2;71;89;106m▀[0m[38;2;93;100;109m[48;2;43;66;84m▀[0m[38;2;37;62;77m[48;2;21;49;67m▀[0m[38;2;15;44;60m[48;2;12;38;53m▀[0m[38;2;11;35;50m[48;2;5;22;35m▀[0m[38;2;5;18;30m[48;2;7;19;31m▀[0m[38;2;5;16;27m[48;2;7;23;36m▀[0m[38;2;7;21;33m[48;2;8;28;43m▀[0m[38;2;8;26;41m[48;2;10;32;48m▀[0m[38;2;9;31;48m[48;2;6;19;29m▀[0m[38;2;7;20;31m▀[0m
        [38;2;7;10;14m▀[0m[38;2;18;43;61m▀[0m[38;2;70;129;165m[48;2;8;18;26m▀[0m[38;2;102;156;193m[48;2;31;68;92m▀[0m[38;2;122;158;186m[48;2;86;137;173m▀[0m[38;2;152;173;193m[48;2;125;167;199m▀[0m[38;2;101;138;162m[48;2;128;161;187m▀[0m[38;2;88;125;152m[48;2;129;156;179m▀[0m[38;2;79;121;145m[48;2;91;125;152m▀[0m[38;2;109;137;157m[48;2;103;131;155m▀[0m[38;2;124;141;160m[48;2;86;116;141m▀[0m[38;2;89;115;136m[48;2;71;103;128m▀[0m[38;2;87;109;129m[48;2;75;101;124m▀[0m[38;2;106;120;137m[48;2;76;98;118m▀[0m[38;2;96;109;125m[48;2;67;86;106m▀[0m[38;2;94;104;119m[48;2;49;68;87m▀[0m[38;2;64;77;91m[48;2;22;43;61m▀[0m[38;2;31;46;61m[48;2;11;36;54m▀[0m[38;2;10;27;41m[48;2;11;38;56m▀[0m[38;2;10;31;47m[48;2;11;35;52m▀[0m[38;2;9;32;49m[48;2;6;20;30m▀[0m[38;2;9;29;45m▀[0m[38;2;5;13;20m▀[0m
           [38;2;7;9;11m▀[0m[38;2;8;18;26m▀[0m[38;2;21;51;71m▀[0m[38;2;54;102;132m[48;2;7;10;14m▀[0m[38;2;84;135;169m[48;2;7;18;25m▀[0m[38;2;104;149;182m[48;2;11;32;46m▀[0m[38;2;106;143;174m[48;2;20;50;70m▀[0m[38;2;91;126;155m[48;2;26;61;83m▀[0m[38;2;79;112;141m[48;2;26;62;86m▀[0m[38;2;70;102;129m[48;2;22;57;79m▀[0m[38;2;50;84;111m[48;2;17;48;68m▀[0m[38;2;28;63;88m[48;2;12;35;51m▀[0m[38;2;16;50;74m[48;2;8;21;31m▀[0m[38;2;13;45;65m[48;2;5;12;16m▀[0m[38;2;10;33;50m▀[0m[38;2;7;19;29m▀[0m[38;2;5;8;11m▀[0m
