      [38;2;18;57;119m▄[0m[38;2;18;59;121m▄[0m[38;2;22;68;130m▄[0m[38;2;24;75;135m▄[0m[38;2;21;67;123m▄[0m[38;2;20;63;116m▄[0m[38;2;16;50;98m▄[0m[38;2;12;39;79m▄[0m
   [38;2;28;85;149m▄[0m[38;2;22;69;132m[48;2;25;77;144m▀[0m[38;2;22;69;135m[48;2;23;73;141m▀[0m[38;2;21;66;132m[48;2;25;78;146m▀[0m[38;2;24;74;140m[48;2;29;87;154m▀[0m[38;2;29;89;153m[48;2;32;93;158m▀[0m[38;2;27;84;146m[48;2;27;81;144m▀[0m[38;2;25;77;136m[48;2;22;69;128m▀[0m[38;2;21;65;121m[48;2;18;57;113m▀[0m[38;2;18;57;108m[48;2;21;64;116m▀[0m[38;2;16;50;96m[48;2;22;67;115m▀[0m[38;2;17;53;93m[48;2;17;54;96m▀[0m[38;2;12;38;68m[48;2;15;47;82m▀[0m[38;2;9;30;55m▄[0m
  [38;2;22;68;129m[48;2;27;83;148m▀[0m[38;2;31;95;162m[48;2;32;98;166m▀[0m[38;2;30;90;159m[48;2;32;94;163m▀[0m[38;2;28;81;150m[48;2;44;96;166m▀[0m[38;2;42;103;172m[48;2;90;157;229m▀[0m[38;2;53;116;185m[48;2;119;195;255m▀[0m[38;2;46;103;169m[48;2;93;159;227m▀[0m[38;2;32;84;147m[48;2;51;105;168m▀[0m[38;2;25;74;133m[48;2;28;76;134m▀[0m[38;2;24;74;129m[48;2;28;84;139m▀[0m[38;2;21;64;116m[48;2;21;64;115m▀[0m[38;2;20;63;110m[48;2;19;58;104m▀[0m[38;2;20;62;104m[48;2;21;64;105m▀[0m[38;2;16;49;85m[48;2;17;53;89m▀[0m[38;2;12;37;65m[48;2;13;40;69m▀[0m[38;2;7;22;39m[48;2;8;25;45m▀[0m
 [38;2;25;76;135m[48;2;29;88;148m▀[0m[38;2;28;87;151m[48;2;32;96;160m▀[0m[38;2;37;111;179m[48;2;33;100;165m▀[0m[38;2;42;113;181m[48;2;43;113;179m▀[0m[38;2;80;153;224m[48;2;82;155;224m▀[0m[38;2;147;224;255m[48;2;143;221;255m▀[0m[38;2;177;255;255m[48;2;164;244;255m▀[0m[38;2;131;201;255m[48;2;119;189;255m▀[0m[38;2;71;134;197m[48;2;62;121;181m▀[0m[38;2;36;92;149m[48;2;35;90;145m▀[0m[38;2;28;83;136m[48;2;28;82;133m▀[0m[38;2;24;72;121m[48;2;23;70;117m▀[0m[38;2;21;63;108m[48;2;20;62;104m▀[0m[38;2;17;54;93m[48;2;16;50;87m▀[0m[38;2;17;51;85m[48;2;16;48;81m▀[0m[38;2;12;39;66m[48;2;13;41;67m▀[0m[38;2;10;30;50m[48;2;10;31;49m▀[0m[38;2;6;20;32m[48;2;6;20;32m▀[0m
 [38;2;31;95;153m[48;2;30;90;146m▀[0m[38;2;34;101;162m[48;2;33;100;158m▀[0m[38;2;27;81;143m[48;2;31;92;152m▀[0m[38;2;36;98;161m[48;2;34;99;159m▀[0m[38;2;55;116;180m[48;2;41;107;167m▀[0m[38;2;89;157;222m[48;2;46;105;164m▀[0m[38;2;95;161;225m[48;2;49;110;168m▀[0m[38;2;71;132;192m[48;2;43;105;160m▀[0m[38;2;40;90;146m[48;2;29;79;131m▀[0m[38;2;29;82;133m[48;2;25;73;121m▀[0m[38;2;27;79;127m[48;2;23;71;115m▀[0m[38;2;21;64;108m[48;2;18;55;96m▀[0m[38;2;17;53;93m[48;2;15;47;83m▀[0m[38;2;17;53;88m[48;2;16;48;80m▀[0m[38;2;15;46;75m[48;2;14;43;70m▀[0m[38;2;12;38;62m[48;2;11;33;53m▀[0m[38;2;9;28;45m[48;2;7;21;34m▀[0m[38;2;6;19;32m[48;2;6;20;32m▀[0m
 [38;2;27;82;134m[48;2;25;75;123m▀[0m[38;2;29;87;142m[48;2;25;76;127m▀[0m[38;2;28;86;142m[48;2;25;76;128m▀[0m[38;2;29;86;143m[48;2;26;78;130m▀[0m[38;2;33;95;151m[48;2;28;84;136m▀[0m[38;2;28;80;134m[48;2;27;80;130m▀[0m[38;2;29;82;135m[48;2;25;74;123m▀[0m[38;2;28;81;131m[48;2;23;70;116m▀[0m[38;2;25;74;122m[48;2;24;73;117m▀[0m[38;2;25;75;120m[48;2;22;66;106m▀[0m[38;2;20;62;103m[48;2;19;59;96m▀[0m[38;2;18;56;93m[48;2;18;53;87m▀[0m[38;2;16;50;83m[48;2;16;48;77m▀[0m[38;2;16;48;76m[48;2;14;41;66m▀[0m[38;2;12;37;60m[48;2;10;30;49m▀[0m[38;2;9;28;45m[48;2;7;21;34m▀[0m[38;2;6;18;30m[48;2;6;20;32m▀[0m[38;2;6;18;31m[48;2;6;20;33m▀[0m
 [38;2;21;63;105m[48;2;14;44;78m▀[0m[38;2;23;69;115m[48;2;17;53;92m▀[0m[38;2;23;70;117m[48;2;18;57;98m▀[0m[38;2;23;71;118m[48;2;20;61;103m▀[0m[38;2;24;74;121m[48;2;22;65;107m▀[0m[38;2;20;62;108m[48;2;17;51;92m▀[0m[38;2;20;62;105m[48;2;15;48;87m▀[0m[38;2;20;60;102m[48;2;18;54;90m▀[0m[38;2;20;61;100m[48;2;15;46;80m▀[0m[38;2;17;52;88m[48;2;13;41;72m▀[0m[38;2;16;50;83m[48;2;13;40;67m▀[0m[38;2;14;42;71m[48;2;11;34;58m▀[0m[38;2;12;36;61m[48;2;8;26;45m▀[0m[38;2;9;29;48m[48;2;7;23;37m▀[0m[38;2;7;23;38m[48;2;6;20;32m▀[0m[38;2;6;19;31m[48;2;6;18;31m▀[0m[38;2;5;17;30m[48;2;5;16;29m▀[0m[38;2;6;18;30m[48;2;5;17;29m▀[0m
  [38;2;13;41;74m[48;2;8;24;46m▀[0m[38;2;14;44;79m[48;2;10;32;60m▀[0m[38;2;14;43;79m[48;2;13;42;71m▀[0m[38;2;17;52;88m[48;2;13;39;69m▀[0m[38;2;14;43;78m[48;2;12;37;65m▀[0m[38;2;13;40;73m[48;2;10;32;59m▀[0m[38;2;13;42;73m[48;2;10;32;57m▀[0m[38;2;11;33;62m[48;2;7;24;46m▀[0m[38;2;11;33;59m[48;2;6;21;41m▀[0m[38;2;10;31;53m[48;2;7;21;38m▀[0m[38;2;8;26;45m[48;2;6;18;30m▀[0m[38;2;7;21;35m[48;2;5;17;29m▀[0m[38;2;5;17;29m[48;2;5;16;29m▀[0m[38;2;5;17;29m[48;2;4;14;27m▀[0m[38;2;5;17;29m[48;2;4;13;26m▀[0m[38;2;5;17;29m[48;2;5;15;27m▀[0m
   [38;2;6;20;37m▀[0m[38;2;9;29;50m[48;2;4;14;26m▀[0m[38;2;10;30;52m[48;2;3;12;24m▀[0m[38;2;8;25;46m[48;2;4;13;27m▀[0m[38;2;8;24;45m[48;2;4;13;25m▀[0m[38;2;7;23;42m[48;2;4;15;27m▀[0m[38;2;6;18;34m[48;2;4;13;25m▀[0m[38;2;5;16;29m[48;2;4;13;25m▀[0m[38;2;5;17;29m[48;2;4;14;27m▀[0m[38;2;5;17;29m[48;2;4;13;25m▀[0m[38;2;4;14;27m[48;2;4;13;25m▀[0m[38;2;5;16;28m[48;2;4;14;27m▀[0m[38;2;4;14;26m[48;2;5;16;28m▀[0m[38;2;4;12;25m▀[0m
      [38;2;4;12;25m▀[0m[38;2;3;11;24m▀[0m[38;2;4;13;26m▀[0m[38;2;4;13;25m▀[0m[38;2;3;12;24m▀[0m[38;2;3;12;24m▀[0m[38;2;3;11;23m▀[0m[38;2;3;11;23m▀[0m
