              [38;2;7;10;12m▄[0m[38;2;4;7;13m▄[0m  [38;2;3;6;11m▄[0m [38;2;4;7;12m▄[0m
                      [38;2;4;6;11m▀[0m[38;2;3;5;11m▀[0m[38;2;5;7;16m▀[0m[38;2;4;6;11m▀[0m[38;2;4;7;12m▄[0m[38;2;4;6;12m▄[0m
                    [38;2;4;7;11m▄[0m[38;2;5;7;12m▄[0m[38;2;6;12;26m▄[0m[38;2;4;8;19m▄[0m[38;2;5;9;18m▄[0m[38;2;5;7;14m▄[0m   [38;2;4;5;12m▀[0m [38;2;4;7;14m▄[0m
               [38;2;6;10;18m▀[0m[38;2;15;56;79m[48;2;3;10;20m▀[0m[38;2;3;5;11m▀[0m[38;2;3;5;11m▄[0m[38;2;3;5;13m[48;2;8;21;41m▀[0m[38;2;7;16;38m[48;2;11;28;67m▀[0m[38;2;11;29;90m[48;2;7;14;34m▀[0m[38;2;8;17;45m[48;2;4;6;12m▀[0m[38;2;11;28;57m▀[0m[38;2;9;22;50m▀[0m[38;2;7;18;46m▀[0m[38;2;6;11;24m▀[0m[38;2;2;4;11m[48;2;5;10;24m▀[0m[38;2;4;6;11m[48;2;6;13;33m▀[0m[38;2;6;12;27m▄[0m[38;2;5;8;17m▄[0m  [38;2;5;9;20m▄[0m[38;2;4;7;16m▄[0m
           [38;2;7;11;14m▀[0m [38;2;6;7;12m▄[0m[38;2;7;17;26m▀[0m  [38;2;3;6;12m▄[0m[38;2;9;18;34m[48;2;5;10;23m▀[0m[38;2;7;19;47m[48;2;9;21;51m▀[0m[38;2;8;14;40m[48;2;7;19;45m▀[0m[38;2;5;8;18m▀[0m[38;2;6;10;20m▄[0m[38;2;5;10;18m[48;2;8;21;50m▀[0m[38;2;4;10;25m[48;2;7;15;34m▀[0m[38;2;8;17;41m[48;2;4;9;20m▀[0m[38;2;6;14;38m[48;2;3;5;12m▀[0m[38;2;9;23;54m[48;2;4;8;19m▀[0m[38;2;9;19;50m[48;2;5;9;26m▀[0m[38;2;6;15;38m[48;2;8;21;50m▀[0m[38;2;5;11;28m[48;2;8;22;45m▀[0m[38;2;5;8;20m[48;2;8;15;32m▀[0m[38;2;5;8;17m[48;2;5;11;25m▀[0m[38;2;4;8;16m[48;2;5;9;18m▀[0m[38;2;4;6;14m▀[0m[38;2;5;9;21m▀[0m[38;2;3;6;12m[48;2;5;10;25m▀[0m[38;2;5;9;20m▄[0m
             [38;2;6;9;15m[48;2;6;9;20m▀[0m   [38;2;4;7;17m[48;2;3;7;15m▀[0m[38;2;7;13;36m[48;2;9;24;54m▀[0m[38;2;8;20;64m[48;2;6;15;46m▀[0m[38;2;5;10;23m[48;2;4;7;15m▀[0m[38;2;2;5;12m▄[0m[38;2;5;8;19m[48;2;3;5;12m▀[0m[38;2;5;10;23m▄[0m[38;2;5;9;23m▄[0m[38;2;4;7;19m▄[0m[38;2;5;13;31m▄[0m[38;2;3;7;21m▄[0m[38;2;4;9;23m▄[0m[38;2;3;5;13m[48;2;3;7;17m▀[0m[38;2;4;8;21m[48;2;3;5;11m▀[0m[38;2;8;18;50m[48;2;5;9;20m▀[0m[38;2;7;14;32m[48;2;5;10;22m▀[0m[38;2;8;20;44m[48;2;5;12;27m▀[0m[38;2;5;8;21m[48;2;7;18;42m▀[0m[38;2;5;11;26m▄[0m  [38;2;4;6;13m▀[0m[38;2;5;8;16m[48;2;3;6;14m▀[0m[38;2;5;11;23m▄[0m
             [38;2;7;16;32m[48;2;8;14;20m▀[0m   [38;2;5;10;28m[48;2;7;14;31m▀[0m[38;2;8;27;72m[48;2;12;38;74m▀[0m[38;2;7;15;45m[48;2;6;14;30m▀[0m[38;2;4;6;15m▀[0m[38;2;3;4;11m▄[0m[38;2;4;8;18m[48;2;5;8;20m▀[0m[38;2;8;18;54m[48;2;6;18;49m▀[0m[38;2;6;17;47m[48;2;5;9;26m▀[0m[38;2;5;13;38m[48;2;4;11;29m▀[0m[38;2;5;14;38m[48;2;3;8;22m▀[0m[38;2;6;15;39m▀[0m[38;2;5;11;34m[48;2;2;4;12m▀[0m[38;2;5;13;36m[48;2;4;11;28m▀[0m[38;2;4;7;20m[48;2;3;6;15m▀[0m[38;2;5;13;32m▀[0m[38;2;5;10;26m[48;2;4;8;21m▀[0m[38;2;4;7;16m[48;2;4;7;18m▀[0m[38;2;4;6;17m[48;2;4;8;22m▀[0m[38;2;6;13;33m[48;2;4;6;15m▀[0m[38;2;6;14;33m[48;2;4;7;19m▀[0m[38;2;6;11;24m[48;2;5;10;27m▀[0m[38;2;5;10;20m[48;2;7;14;33m▀[0m[38;2;5;9;21m▄[0m[38;2;4;6;14m▀[0m[38;2;4;7;14m▀[0m
             [38;2;8;21;31m[48;2;7;15;25m▀[0m[38;2;4;8;16m▄[0m[38;2;4;8;15m▀[0m [38;2;6;9;20m[48;2;6;14;26m▀[0m[38;2;10;26;59m[48;2;10;29;68m▀[0m[38;2;6;11;24m[48;2;8;19;49m▀[0m[38;2;4;7;14m▀[0m[38;2;3;5;13m[48;2;4;8;19m▀[0m[38;2;7;19;50m[48;2;6;15;42m▀[0m[38;2;9;23;60m[48;2;7;16;45m▀[0m[38;2;4;8;19m[48;2;6;15;35m▀[0m[38;2;4;9;22m[48;2;10;38;73m▀[0m[38;2;6;20;45m[48;2;11;49;88m▀[0m[38;2;5;14;37m[48;2;9;31;69m▀[0m[38;2;8;21;54m[48;2;11;33;80m▀[0m[38;2;5;13;29m[48;2;10;30;69m▀[0m[38;2;7;19;41m[48;2;10;29;61m▀[0m[38;2;3;7;17m[48;2;8;21;51m▀[0m[38;2;3;4;13m[48;2;5;11;27m▀[0m[38;2;4;7;19m[48;2;3;6;16m▀[0m[38;2;5;7;18m[48;2;4;6;17m▀[0m[38;2;3;5;12m[48;2;3;6;15m▀[0m[38;2;3;6;14m▄[0m[38;2;4;6;13m▀[0m[38;2;3;4;11m[48;2;4;9;22m▀[0m[38;2;2;4;11m▀[0m[38;2;4;8;19m▄[0m
             [38;2;4;7;12m[48;2;5;6;11m▀[0m[38;2;5;9;19m[48;2;6;11;21m▀[0m[38;2;4;5;11m▄[0m[38;2;4;8;18m▄[0m[38;2;4;7;16m[48;2;5;9;18m▀[0m[38;2;12;50;88m[48;2;12;42;70m▀[0m[38;2;7;11;29m[48;2;6;15;35m▀[0m [38;2;4;10;23m[48;2;3;11;29m▀[0m[38;2;7;19;53m[48;2;7;19;52m▀[0m[38;2;7;17;44m[48;2;7;15;39m▀[0m[38;2;6;21;50m[48;2;7;25;54m▀[0m[38;2;10;37;72m[48;2;10;27;63m▀[0m[38;2;9;31;77m[48;2;10;41;98m▀[0m[38;2;11;40;98m[48;2;9;29;78m▀[0m[38;2;8;32;75m[48;2;7;20;54m▀[0m[38;2;10;29;82m[48;2;7;16;47m▀[0m[38;2;11;46;101m[48;2;8;32;72m▀[0m[38;2;12;40;80m[48;2;10;35;92m▀[0m[38;2;9;29;68m[48;2;9;24;61m▀[0m[38;2;5;15;38m[48;2;5;14;39m▀[0m[38;2;4;7;20m[48;2;6;18;49m▀[0m[38;2;4;7;18m[48;2;4;11;27m▀[0m[38;2;4;9;25m[48;2;4;10;25m▀[0m[38;2;3;5;12m[48;2;5;10;24m▀[0m[38;2;3;4;11m[48;2;3;5;11m▀[0m[38;2;4;10;24m▀[0m[38;2;3;5;11m[48;2;3;10;21m▀[0m[38;2;5;8;17m▀[0m[38;2;3;5;11m[48;2;5;7;17m▀[0m
              [38;2;4;8;16m▀[0m[38;2;4;8;18m[48;2;5;9;21m▀[0m[38;2;5;11;24m[48;2;5;9;21m▀[0m[38;2;4;8;16m▀[0m[38;2;8;19;44m[48;2;6;17;42m▀[0m[38;2;7;21;51m[48;2;8;27;74m▀[0m [38;2;4;6;18m[48;2;3;5;13m▀[0m[38;2;8;30;70m[48;2;8;26;67m▀[0m[38;2;5;16;41m[48;2;6;17;46m▀[0m[38;2;6;18;44m[48;2;8;21;53m▀[0m[38;2;10;32;72m[48;2;8;28;74m▀[0m[38;2;10;42;93m[48;2;13;51;102m▀[0m[38;2;10;30;74m[48;2;8;28;72m▀[0m[38;2;10;40;75m[48;2;11;50;90m▀[0m[38;2;9;32;63m[48;2;6;16;40m▀[0m[38;2;6;14;37m[48;2;4;12;34m▀[0m[38;2;5;13;35m[48;2;6;12;32m▀[0m[38;2;7;23;67m[48;2;5;11;30m▀[0m[38;2;6;17;51m[48;2;5;16;46m▀[0m[38;2;8;21;47m[48;2;6;16;42m▀[0m[38;2;6;18;48m[48;2;7;19;52m▀[0m[38;2;5;10;29m[48;2;4;9;24m▀[0m[38;2;6;11;32m[48;2;5;11;30m▀[0m[38;2;4;9;24m[48;2;4;9;24m▀[0m[38;2;4;6;16m[48;2;4;6;16m▀[0m[38;2;3;6;15m▄[0m[38;2;3;6;15m[48;2;5;11;23m▀[0m[38;2;5;8;15m▄[0m[38;2;3;5;13m▀[0m[38;2;2;5;11m▄[0m [38;2;4;5;11m▄[0m
               [38;2;5;9;19m▀[0m[38;2;8;15;31m[48;2;5;9;23m▀[0m[38;2;3;4;11m[48;2;4;6;12m▀[0m[38;2;5;10;26m[48;2;6;9;22m▀[0m[38;2;8;22;57m[48;2;8;24;58m▀[0m[38;2;4;6;14m[48;2;5;9;20m▀[0m[38;2;3;5;13m▀[0m[38;2;9;26;70m[48;2;8;26;69m▀[0m[38;2;6;15;42m[48;2;6;18;50m▀[0m[38;2;6;16;40m[48;2;4;9;26m▀[0m[38;2;7;25;64m[48;2;10;40;89m▀[0m[38;2;9;32;79m[48;2;11;47;105m▀[0m[38;2;8;36;76m[48;2;10;36;83m▀[0m[38;2;7;24;59m[48;2;8;28;71m▀[0m[38;2;6;15;37m[48;2;11;39;93m▀[0m[38;2;7;18;43m[48;2;12;57;128m▀[0m[38;2;9;31;77m[48;2;10;35;87m▀[0m[38;2;7;20;53m[48;2;7;26;67m▀[0m[38;2;5;14;36m[48;2;8;21;54m▀[0m[38;2;5;18;46m[48;2;7;17;42m▀[0m[38;2;6;15;43m[48;2;6;17;42m▀[0m[38;2;4;12;34m[48;2;6;17;43m▀[0m[38;2;6;13;36m[48;2;5;11;30m▀[0m[38;2;5;10;26m[48;2;5;7;21m▀[0m[38;2;5;9;25m[48;2;5;12;33m▀[0m[38;2;3;7;17m[48;2;5;10;27m▀[0m[38;2;4;7;16m[48;2;4;7;19m▀[0m[38;2;5;10;24m[48;2;4;8;17m▀[0m[38;2;3;6;11m[48;2;5;9;19m▀[0m [38;2;3;6;14m▀[0m
                [38;2;4;7;16m▀[0m[38;2;5;10;22m[48;2;5;8;18m▀[0m[38;2;4;6;13m[48;2;5;9;17m▀[0m[38;2;5;13;32m[48;2;5;10;20m▀[0m[38;2;7;23;52m[48;2;7;19;47m▀[0m[38;2;4;5;13m▄[0m[38;2;4;15;39m[48;2;3;7;17m▀[0m[38;2;8;24;64m[48;2;6;21;58m▀[0m[38;2;4;7;19m[48;2;4;8;21m▀[0m[38;2;6;21;54m[48;2;6;16;45m▀[0m[38;2;8;35;82m[48;2;7;24;59m▀[0m[38;2;7;42;107m[48;2;8;37;86m▀[0m[38;2;7;18;56m[48;2;5;15;41m▀[0m[38;2;10;50;164m[48;2;10;47;107m▀[0m[38;2;10;43;121m[48;2;9;49;124m▀[0m[38;2;6;23;67m[48;2;10;78;187m▀[0m[38;2;7;24;68m[48;2;9;57;157m▀[0m[38;2;7;28;76m[48;2;7;31;89m▀[0m[38;2;8;27;64m[48;2;8;26;66m▀[0m[38;2;7;30;69m[48;2;9;42;90m▀[0m[38;2;7;21;49m[48;2;10;36;74m▀[0m[38;2;7;21;53m[48;2;7;19;49m▀[0m[38;2;5;12;33m[48;2;5;14;39m▀[0m[38;2;3;5;13m[48;2;4;8;21m▀[0m[38;2;4;8;22m[48;2;4;6;16m▀[0m[38;2;6;16;37m[48;2;5;11;31m▀[0m[38;2;5;10;21m[48;2;7;16;33m▀[0m[38;2;7;13;26m[48;2;7;15;30m▀[0m[38;2;6;13;21m▄[0m [38;2;4;6;13m[48;2;3;5;11m▀[0m
                  [38;2;5;12;28m[48;2;3;5;13m▀[0m[38;2;5;11;23m[48;2;8;17;33m▀[0m[38;2;6;11;25m[48;2;8;22;44m▀[0m[38;2;4;7;19m[48;2;5;9;22m▀[0m[38;2;3;5;11m▄[0m[38;2;7;18;48m[48;2;4;9;24m▀[0m[38;2;7;19;45m[48;2;8;27;70m▀[0m[38;2;4;8;22m[48;2;5;11;32m▀[0m[38;2;7;30;77m[48;2;7;24;58m▀[0m[38;2;7;26;69m[48;2;7;17;49m▀[0m[38;2;6;13;37m[48;2;6;18;50m▀[0m[38;2;6;19;49m[48;2;6;20;53m▀[0m[38;2;9;34;91m[48;2;7;19;59m▀[0m[38;2;12;93;199m[48;2;6;25;79m▀[0m[38;2;10;77;184m[48;2;7;37;106m▀[0m[38;2;8;29;88m[48;2;10;49;119m▀[0m[38;2;9;30;83m[48;2;8;26;71m▀[0m[38;2;6;24;64m[48;2;5;14;41m▀[0m[38;2;8;21;57m[48;2;7;27;70m▀[0m[38;2;9;30;65m[48;2;13;52;106m▀[0m[38;2;7;17;45m[48;2;8;18;45m▀[0m[38;2;5;10;27m[48;2;6;18;50m▀[0m[38;2;4;7;20m[48;2;5;10;27m▀[0m[38;2;4;6;15m▀[0m[38;2;5;10;29m[48;2;4;8;18m▀[0m[38;2;7;17;36m[48;2;7;19;44m▀[0m[38;2;6;13;26m[48;2;7;16;31m▀[0m[38;2;4;6;13m▄[0m[38;2;3;5;11m▀[0m[38;2;3;5;11m[48;2;4;8;18m▀[0m
                   [38;2;3;7;19m[48;2;5;10;24m▀[0m[38;2;6;18;41m[48;2;5;10;25m▀[0m[38;2;5;13;33m[48;2;5;12;32m▀[0m[38;2;3;6;14m[48;2;6;14;34m▀[0m[38;2;3;5;11m[48;2;3;5;13m▀[0m[38;2;6;15;37m[48;2;4;10;25m▀[0m[38;2;5;15;41m[48;2;6;15;37m▀[0m[38;2;5;13;34m[48;2;6;12;28m▀[0m[38;2;7;27;62m[48;2;7;18;52m▀[0m[38;2;8;23;62m[48;2;8;21;56m▀[0m[38;2;8;23;54m[48;2;8;25;51m▀[0m[38;2;8;37;77m[48;2;8;34;71m▀[0m[38;2;6;18;49m[48;2;10;31;69m▀[0m[38;2;7;23;70m[48;2;8;26;87m▀[0m[38;2;11;38;107m[48;2;11;39;119m▀[0m[38;2;9;37;98m[48;2;10;40;89m▀[0m[38;2;7;16;43m[48;2;4;9;27m▀[0m[38;2;7;22;59m[48;2;6;21;56m▀[0m[38;2;9;33;84m[48;2;9;29;74m▀[0m[38;2;7;19;46m[48;2;9;28;73m▀[0m[38;2;6;17;47m[48;2;6;14;35m▀[0m[38;2;6;17;46m[48;2;7;15;43m▀[0m[38;2;3;5;14m[48;2;4;7;21m▀[0m[38;2;3;7;14m▀[0m[38;2;5;12;31m[48;2;5;11;30m▀[0m[38;2;8;24;49m[48;2;9;23;52m▀[0m[38;2;6;9;21m[48;2;7;13;29m▀[0m [38;2;6;12;30m[48;2;4;8;17m▀[0m[38;2;6;9;19m[48;2;6;12;26m▀[0m
                  [38;2;8;22;43m▄[0m [38;2;5;10;25m[48;2;3;5;11m▀[0m[38;2;6;11;27m[48;2;4;9;20m▀[0m[38;2;5;14;33m[48;2;6;13;31m▀[0m[38;2;5;8;21m[48;2;5;9;21m▀[0m[38;2;5;11;27m▄[0m[38;2;5;11;27m[48;2;3;4;11m▀[0m[38;2;6;16;45m[48;2;4;10;30m▀[0m[38;2;6;13;34m[48;2;6;14;36m▀[0m[38;2;8;27;69m[48;2;8;25;56m▀[0m[38;2;7;20;55m[48;2;10;33;85m▀[0m[38;2;6;14;38m[48;2;9;30;74m▀[0m[38;2;8;20;48m[48;2;5;16;42m▀[0m[38;2;10;33;64m[48;2;7;25;54m▀[0m[38;2;11;36;81m[48;2;8;28;53m▀[0m[38;2;10;41;75m[48;2;10;32;60m▀[0m[38;2;9;25;53m[48;2;6;11;26m▀[0m[38;2;6;17;43m[48;2;6;17;41m▀[0m[38;2;11;34;86m[48;2;9;28;79m▀[0m[38;2;13;46;110m[48;2;13;43;101m▀[0m[38;2;6;17;39m[48;2;7;18;44m▀[0m[38;2;6;13;37m[48;2;5;14;42m▀[0m[38;2;5;11;30m[48;2;8;23;55m▀[0m[38;2;3;5;12m[48;2;4;7;19m▀[0m[38;2;4;7;16m▀[0m[38;2;7;20;49m[48;2;9;24;52m▀[0m[38;2;8;19;42m[48;2;10;27;51m▀[0m[38;2;4;5;11m[48;2;4;6;13m▀[0m [38;2;4;10;24m[48;2;6;14;29m▀[0m[38;2;4;6;13m[48;2;5;10;19m▀[0m
                    [38;2;4;6;12m▄[0m[38;2;4;7;14m[48;2;4;6;13m▀[0m[38;2;5;10;21m[48;2;5;9;19m▀[0m[38;2;5;11;26m[48;2;5;9;21m▀[0m[38;2;6;15;38m[48;2;4;8;19m▀[0m[38;2;6;12;33m[48;2;5;11;28m▀[0m[38;2;4;6;14m[48;2;6;13;31m▀[0m[38;2;3;5;13m[48;2;4;8;23m▀[0m[38;2;6;17;41m[48;2;3;8;21m▀[0m[38;2;8;30;68m[48;2;6;15;39m▀[0m[38;2;11;34;78m[48;2;9;24;57m▀[0m[38;2;9;33;70m[48;2;11;43;84m▀[0m[38;2;6;17;48m[48;2;9;27;68m▀[0m[38;2;7;19;45m[48;2;6;14;41m▀[0m[38;2;8;28;55m[48;2;3;7;19m▀[0m[38;2;6;14;35m[48;2;6;19;45m▀[0m[38;2;7;24;54m[48;2;7;22;56m▀[0m[38;2;9;35;89m[48;2;10;32;82m▀[0m[38;2;13;49;113m[48;2;11;34;78m▀[0m[38;2;6;15;42m[48;2;8;22;55m▀[0m[38;2;4;9;23m[48;2;5;11;28m▀[0m[38;2;5;13;36m[48;2;6;15;42m▀[0m[38;2;3;6;14m▄[0m [38;2;5;13;34m[48;2;4;10;26m▀[0m[38;2;9;26;58m[48;2;7;19;44m▀[0m[38;2;4;7;17m[48;2;5;10;20m▀[0m [38;2;4;7;17m▀[0m[38;2;5;8;17m[48;2;4;7;14m▀[0m
                      [38;2;3;6;15m[48;2;3;6;13m▀[0m[38;2;4;7;15m[48;2;4;6;15m▀[0m[38;2;5;7;18m[48;2;5;11;25m▀[0m[38;2;7;17;33m[48;2;6;15;31m▀[0m[38;2;6;12;28m[48;2;8;23;45m▀[0m[38;2;6;13;29m[48;2;7;14;31m▀[0m[38;2;5;12;32m[48;2;5;12;32m▀[0m[38;2;4;6;16m[48;2;4;8;20m▀[0m[38;2;4;7;21m[48;2;4;6;16m▀[0m[38;2;5;10;26m[48;2;4;8;21m▀[0m[38;2;9;30;68m[48;2;4;7;20m▀[0m[38;2;9;35;74m[48;2;6;14;40m▀[0m[38;2;9;33;75m[48;2;8;19;53m▀[0m[38;2;7;21;56m[48;2;8;23;68m▀[0m[38;2;7;22;62m[48;2;10;33;87m▀[0m[38;2;9;30;71m[48;2;8;21;61m▀[0m[38;2;6;13;38m[48;2;9;23;58m▀[0m[38;2;5;13;35m[48;2;8;18;49m▀[0m[38;2;5;10;29m[48;2;4;9;24m▀[0m[38;2;5;12;34m[48;2;5;11;34m▀[0m[38;2;5;7;18m[48;2;4;6;14m▀[0m [38;2;4;10;27m[48;2;6;13;32m▀[0m[38;2;12;37;69m[48;2;10;22;50m▀[0m[38;2;5;9;17m[48;2;5;11;24m▀[0m [38;2;4;5;11m▄[0m[38;2;6;11;25m[48;2;4;8;19m▀[0m
                        [38;2;4;10;20m▀[0m[38;2;8;25;40m[48;2;4;7;18m▀[0m[38;2;6;15;30m[48;2;5;7;17m▀[0m[38;2;5;13;32m[48;2;7;15;32m▀[0m[38;2;6;13;32m[48;2;5;11;24m▀[0m[38;2;4;9;23m[48;2;5;10;24m▀[0m[38;2;3;6;19m[48;2;6;13;34m▀[0m[38;2;6;12;31m[48;2;4;7;14m▀[0m[38;2;6;17;45m[48;2;3;5;13m▀[0m[38;2;6;13;36m[48;2;5;7;19m▀[0m[38;2;5;12;31m[48;2;4;9;22m▀[0m[38;2;6;20;53m[48;2;4;9;19m▀[0m[38;2;7;16;44m[48;2;4;7;17m▀[0m[38;2;6;16;40m[48;2;4;8;19m▀[0m[38;2;7;18;46m▀[0m[38;2;6;12;29m[48;2;5;12;29m▀[0m[38;2;4;7;19m[48;2;4;8;21m▀[0m[38;2;4;7;22m[48;2;4;7;15m▀[0m[38;2;4;6;13m▀[0m [38;2;7;13;31m[48;2;8;24;44m▀[0m[38;2;10;32;59m[48;2;8;23;49m▀[0m[38;2;4;5;13m[48;2;4;7;15m▀[0m  [38;2;7;10;21m[48;2;6;11;21m▀[0m[38;2;4;6;13m▄[0m
                           [38;2;4;7;14m[48;2;4;6;13m▀[0m[38;2;5;9;20m[48;2;4;7;16m▀[0m[38;2;6;9;20m▀[0m[38;2;7;17;38m[48;2;5;10;19m▀[0m[38;2;6;16;38m[48;2;5;9;24m▀[0m[38;2;4;10;25m[48;2;5;11;29m▀[0m[38;2;7;20;52m▄[0m[38;2;5;12;31m▄[0m[38;2;4;6;13m[48;2;4;7;16m▀[0m[38;2;4;7;18m[48;2;3;4;11m▀[0m[38;2;4;5;12m[48;2;4;10;27m▀[0m[38;2;3;7;15m[48;2;7;20;55m▀[0m[38;2;9;22;60m[48;2;3;6;19m▀[0m[38;2;3;5;14m▀[0m[38;2;3;5;13m▄[0m[38;2;6;15;31m[48;2;4;7;15m▀[0m[38;2;6;9;19m[48;2;5;9;23m▀[0m[38;2;8;16;46m[48;2;9;25;51m▀[0m[38;2;7;14;33m[48;2;6;12;29m▀[0m   [38;2;4;9;19m[48;2;3;5;11m▀[0m
                            [38;2;5;9;20m▀[0m[38;2;5;8;19m[48;2;5;10;19m▀[0m[38;2;4;7;13m▄[0m[38;2;5;9;19m▀[0m[38;2;8;25;44m[48;2;6;20;44m▀[0m[38;2;6;13;29m[48;2;5;10;28m▀[0m[38;2;5;12;29m[48;2;7;14;33m▀[0m[38;2;6;14;35m[48;2;7;14;29m▀[0m[38;2;4;9;24m[48;2;4;6;12m▀[0m[38;2;6;10;26m▀[0m[38;2;3;5;15m▀[0m [38;2;4;7;16m[48;2;4;7;18m▀[0m[38;2;5;11;27m[48;2;5;11;27m▀[0m[38;2;4;9;24m[48;2;8;19;45m▀[0m[38;2;8;17;49m[48;2;7;17;39m▀[0m[38;2;4;8;20m▀[0m[38;2;4;4;11m▀[0m  [38;2;5;7;11m[48;2;5;9;16m▀[0m
                             [38;2;3;5;11m▀[0m[38;2;8;13;28m▀[0m[38;2;4;7;15m[48;2;4;7;13m▀[0m[38;2;4;6;15m[48;2;6;11;21m▀[0m[38;2;4;7;16m[48;2;5;8;17m▀[0m[38;2;5;8;17m[48;2;4;8;15m▀[0m[38;2;7;16;45m▀[0m[38;2;8;17;42m[48;2;4;6;14m▀[0m[38;2;8;18;39m[48;2;5;10;23m▀[0m[38;2;6;14;35m▄[0m[38;2;6;13;33m[48;2;6;10;25m▀[0m[38;2;8;17;43m[48;2;5;8;20m▀[0m[38;2;8;20;51m[48;2;4;7;16m▀[0m[38;2;7;23;52m[48;2;3;7;15m▀[0m[38;2;4;7;13m[48;2;3;5;11m▀[0m[38;2;4;6;12m▄[0m  [38;2;3;5;11m▀[0m
                                  [38;2;4;5;11m▀[0m[38;2;4;7;15m▀[0m[38;2;4;6;11m▀[0m[38;2;3;6;14m▀[0m [38;2;3;6;16m▀[0m [38;2;3;5;11m▀[0m[38;2;4;9;21m▀[0m   [38;2;4;10;20m▄[0m
                                   [38;2;3;6;12m▀[0m         [38;2;7;9;13m▄[0m
                                            [38;2;6;9;14m▄[0m
