         [38;2;4;6;11m▀[0m    [38;2;4;6;12m▀[0m[38;2;4;5;11m▀[0m
          [38;2;7;26;39m▄[0m [38;2;8;19;44m▄[0m[38;2;6;12;31m[48;2;8;17;46m▀[0m[38;2;6;15;33m[48;2;5;10;20m▀[0m[38;2;6;13;28m[48;2;4;7;16m▀[0m[38;2;3;6;13m[48;2;3;6;14m▀[0m[38;2;5;10;23m▄[0m[38;2;4;8;18m▄[0m  [38;2;4;7;15m▄[0m
        [38;2;5;8;12m▀[0m  [38;2;6;13;27m[48;2;6;12;32m▀[0m[38;2;8;21;52m[48;2;7;14;40m▀[0m[38;2;4;7;15m▀[0m[38;2;5;11;23m[48;2;4;9;20m▀[0m[38;2;6;15;36m▀[0m[38;2;6;13;32m▀[0m[38;2;7;16;41m▀[0m[38;2;7;19;46m[48;2;3;6;16m▀[0m[38;2;5;12;27m[48;2;7;15;37m▀[0m[38;2;5;8;18m[48;2;6;14;33m▀[0m[38;2;4;6;14m[48;2;4;9;20m▀[0m[38;2;5;8;19m▀[0m [38;2;3;6;12m▄[0m
        [38;2;6;11;23m[48;2;7;13;19m▀[0m  [38;2;8;23;58m[48;2;9;27;61m▀[0m[38;2;5;10;29m[48;2;5;8;17m▀[0m[38;2;3;5;12m▄[0m[38;2;5;11;29m[48;2;7;18;48m▀[0m[38;2;5;12;33m[48;2;4;9;25m▀[0m[38;2;5;13;34m[48;2;4;8;22m▀[0m[38;2;4;10;29m[48;2;4;9;24m▀[0m[38;2;4;10;27m[48;2;4;10;25m▀[0m[38;2;4;9;22m▀[0m[38;2;5;9;21m[48;2;4;7;20m▀[0m[38;2;6;14;32m[48;2;4;7;18m▀[0m[38;2;5;11;27m[48;2;4;7;18m▀[0m[38;2;4;7;14m[48;2;5;9;23m▀[0m[38;2;3;5;11m[48;2;5;9;22m▀[0m[38;2;4;8;18m▀[0m
        [38;2;6;13;23m[48;2;5;8;15m▀[0m[38;2;4;6;11m▄[0m [38;2;10;26;59m[48;2;10;38;67m▀[0m[38;2;5;8;21m[48;2;4;7;16m▀[0m[38;2;4;7;20m[48;2;4;10;25m▀[0m[38;2;7;19;50m[48;2;7;17;48m▀[0m[38;2;5;13;30m[48;2;8;29;62m▀[0m[38;2;10;42;80m[48;2;9;31;76m▀[0m[38;2;9;27;64m[48;2;9;31;77m▀[0m[38;2;9;26;57m[48;2;8;28;72m▀[0m[38;2;7;20;47m[48;2;11;40;90m▀[0m[38;2;4;7;19m[48;2;8;24;57m▀[0m[38;2;4;6;15m[48;2;4;12;33m▀[0m[38;2;3;5;13m[48;2;4;10;25m▀[0m[38;2;3;5;12m[48;2;3;6;14m▀[0m[38;2;3;5;13m[48;2;3;6;15m▀[0m[38;2;3;6;13m[48;2;3;6;14m▀[0m[38;2;4;6;14m▄[0m
         [38;2;4;7;17m[48;2;4;7;16m▀[0m[38;2;4;8;16m[48;2;5;9;20m▀[0m[38;2;8;20;48m[48;2;5;13;31m▀[0m[38;2;5;10;24m[48;2;6;15;40m▀[0m[38;2;4;13;31m[48;2;4;8;20m▀[0m[38;2;7;20;51m[48;2;7;21;57m▀[0m[38;2;8;24;56m[48;2;7;21;53m▀[0m[38;2;10;42;91m[48;2;10;39;89m▀[0m[38;2;10;35;76m[48;2;8;30;68m▀[0m[38;2;8;25;55m[48;2;6;16;38m▀[0m[38;2;7;17;45m[48;2;6;15;42m▀[0m[38;2;6;19;55m[48;2;5;14;38m▀[0m[38;2;7;17;43m[48;2;5;16;43m▀[0m[38;2;5;13;35m[48;2;5;14;39m▀[0m[38;2;5;12;32m[48;2;5;11;30m▀[0m[38;2;4;6;15m[48;2;5;10;25m▀[0m[38;2;3;5;13m[48;2;3;6;16m▀[0m[38;2;5;11;23m▄[0m[38;2;3;5;11m▀[0m[38;2;3;5;11m▄[0m
          [38;2;5;9;22m[48;2;4;6;15m▀[0m[38;2;5;8;18m[48;2;5;9;17m▀[0m[38;2;6;18;43m[48;2;6;16;39m▀[0m[38;2;3;6;14m▀[0m[38;2;7;26;67m[48;2;6;18;48m▀[0m[38;2;6;19;44m[48;2;5;10;26m▀[0m[38;2;10;42;96m[48;2;7;30;73m▀[0m[38;2;7;27;69m[48;2;7;27;69m▀[0m[38;2;11;48;118m[48;2;10;43;119m▀[0m[38;2;9;34;85m[48;2;9;55;139m▀[0m[38;2;8;24;64m[48;2;8;40;111m▀[0m[38;2;7;20;48m[48;2;7;30;75m▀[0m[38;2;5;15;39m[48;2;9;36;77m▀[0m[38;2;5;13;34m[48;2;7;18;50m▀[0m[38;2;5;9;24m[48;2;4;9;24m▀[0m[38;2;4;9;23m[48;2;5;9;23m▀[0m[38;2;5;9;20m[48;2;7;15;34m▀[0m[38;2;3;5;12m[48;2;5;10;19m▀[0m
           [38;2;4;9;21m▀[0m[38;2;6;13;26m[48;2;6;17;35m▀[0m[38;2;4;7;17m[48;2;5;12;31m▀[0m[38;2;4;10;28m[48;2;3;5;13m▀[0m[38;2;7;17;43m[48;2;6;17;44m▀[0m[38;2;6;22;56m[48;2;6;14;38m▀[0m[38;2;6;19;53m[48;2;8;24;60m▀[0m[38;2;5;17;47m[48;2;7;25;60m▀[0m[38;2;9;55;133m[48;2;7;31;69m▀[0m[38;2;9;51;131m[48;2;8;28;84m▀[0m[38;2;9;33;88m[48;2;9;37;95m▀[0m[38;2;6;20;57m[48;2;7;20;54m▀[0m[38;2;10;35;75m[48;2;9;31;77m▀[0m[38;2;5;13;35m[48;2;7;16;45m▀[0m[38;2;3;7;18m[48;2;5;11;31m▀[0m[38;2;4;9;24m[48;2;3;6;14m▀[0m[38;2;6;16;34m[48;2;8;21;44m▀[0m[38;2;3;5;11m[48;2;5;9;18m▀[0m[38;2;4;5;12m[48;2;5;10;23m▀[0m[38;2;4;6;13m▄[0m
           [38;2;5;12;23m▄[0m[38;2;4;8;20m▀[0m[38;2;5;10;26m[48;2;5;9;22m▀[0m[38;2;5;11;27m[48;2;5;11;26m▀[0m[38;2;4;9;22m[48;2;4;9;22m▀[0m[38;2;6;14;36m[48;2;4;9;24m▀[0m[38;2;7;20;55m[48;2;6;17;42m▀[0m[38;2;7;19;47m[48;2;8;31;78m▀[0m[38;2;9;24;57m[48;2;7;23;57m▀[0m[38;2;9;31;83m[48;2;8;27;57m▀[0m[38;2;10;39;83m[48;2;10;31;60m▀[0m[38;2;6;16;41m[48;2;5;15;33m▀[0m[38;2;10;30;78m[48;2;10;32;87m▀[0m[38;2;8;25;59m[48;2;8;26;59m▀[0m[38;2;5;12;34m[48;2;6;17;46m▀[0m[38;2;4;8;20m▄[0m[38;2;6;15;36m[48;2;5;12;28m▀[0m[38;2;7;14;33m[48;2;8;21;43m▀[0m [38;2;4;9;19m[48;2;5;11;24m▀[0m
             [38;2;4;6;13m▀[0m[38;2;5;9;21m[48;2;3;6;15m▀[0m[38;2;5;11;28m[48;2;5;12;26m▀[0m[38;2;5;11;28m[48;2;7;17;35m▀[0m[38;2;4;7;20m[48;2;6;14;31m▀[0m[38;2;7;20;49m[48;2;4;7;18m▀[0m[38;2;11;36;75m[48;2;4;8;22m▀[0m[38;2;7;20;55m[48;2;7;25;55m▀[0m[38;2;5;11;26m[48;2;8;26;64m▀[0m[38;2;7;21;51m[48;2;8;26;71m▀[0m[38;2;10;39;94m[48;2;8;25;64m▀[0m[38;2;8;24;60m[48;2;6;14;40m▀[0m[38;2;5;11;30m[48;2;4;10;27m▀[0m[38;2;3;7;19m[48;2;4;8;23m▀[0m[38;2;4;7;18m[48;2;4;7;18m▀[0m[38;2;7;19;45m[48;2;9;27;56m▀[0m [38;2;4;7;16m[48;2;5;8;17m▀[0m
               [38;2;6;16;29m▀[0m[38;2;5;13;28m[48;2;3;5;12m▀[0m[38;2;6;13;33m[48;2;5;10;22m▀[0m[38;2;4;9;22m[48;2;5;11;26m▀[0m[38;2;5;9;24m[48;2;6;12;29m▀[0m[38;2;5;14;38m[48;2;3;6;13m▀[0m[38;2;5;13;34m[48;2;3;6;13m▀[0m[38;2;7;19;50m[48;2;4;7;18m▀[0m[38;2;6;15;39m[48;2;3;5;13m▀[0m[38;2;7;17;43m[48;2;4;11;30m▀[0m[38;2;4;8;21m[48;2;3;6;17m▀[0m[38;2;4;6;15m[48;2;3;7;15m▀[0m[38;2;5;9;20m[48;2;6;11;25m▀[0m[38;2;8;22;45m[48;2;7;20;43m▀[0m [38;2;4;6;12m▀[0m[38;2;4;6;13m▄[0m
                 [38;2;4;7;16m▀[0m[38;2;3;6;14m[48;2;5;9;18m▀[0m[38;2;5;11;23m[48;2;3;5;11m▀[0m[38;2;6;14;35m[48;2;6;20;41m▀[0m[38;2;6;15;36m[48;2;6;12;28m▀[0m[38;2;4;7;18m[48;2;4;8;19m▀[0m[38;2;5;12;31m▀[0m[38;2;5;11;30m▀[0m[38;2;3;5;13m[48;2;5;9;21m▀[0m[38;2;5;9;20m[48;2;6;13;32m▀[0m[38;2;6;15;34m[48;2;6;12;31m▀[0m[38;2;5;9;22m▀[0m
                   [38;2;5;9;19m▀[0m[38;2;4;7;16m▀[0m[38;2;4;8;17m[48;2;4;6;12m▀[0m[38;2;5;12;32m[48;2;4;6;13m▀[0m[38;2;6;13;30m[48;2;4;7;15m▀[0m[38;2;5;10;27m[48;2;3;6;15m▀[0m[38;2;6;15;36m▀[0m[38;2;5;15;35m[48;2;3;8;18m▀[0m
                             [38;2;3;6;11m▀[0m
