[38;2;9;10;18m[48;2;9;10;17m▀[0m[38;2;9;11;18m[48;2;11;11;19m▀[0m[38;2;9;11;18m[48;2;33;32;45m▀[0m[38;2;9;11;17m[48;2;10;11;19m▀[0m[38;2;9;11;16m[48;2;10;11;18m▀[0m[38;2;9;11;17m[48;2;11;12;19m▀[0m[38;2;10;11;18m[48;2;11;13;21m▀[0m[38;2;11;12;22m[48;2;12;13;23m▀[0m[38;2;11;13;23m[48;2;13;13;24m▀[0m[38;2;12;12;23m[48;2;13;12;25m▀[0m[38;2;13;12;28m[48;2;13;13;30m▀[0m[38;2;14;14;32m[48;2;16;17;37m▀[0m[38;2;15;18;39m[48;2;17;19;43m▀[0m[38;2;18;20;45m[48;2;19;22;48m▀[0m[38;2;16;19;43m[48;2;18;23;49m▀[0m[38;2;17;19;44m[48;2;18;21;46m▀[0m[38;2;18;20;46m[48;2;19;21;46m▀[0m[38;2;19;22;48m[48;2;19;23;49m▀[0m[38;2;18;22;48m[48;2;18;23;48m▀[0m[38;2;17;22;48m[48;2;20;24;51m▀[0m[38;2;18;22;50m[48;2;19;22;50m▀[0m[38;2;21;25;56m[48;2;19;24;52m▀[0m[38;2;20;24;54m[48;2;20;26;57m▀[0m[38;2;20;24;55m[48;2;23;27;61m▀[0m[38;2;27;32;73m[48;2;28;34;72m▀[0m[38;2;30;38;85m[48;2;29;37;83m▀[0m[38;2;30;39;89m[48;2;31;41;89m▀[0m[38;2;30;39;88m[48;2;32;41;91m▀[0m[38;2;32;40;91m[48;2;31;40;89m▀[0m[38;2;32;42;95m[48;2;32;44;94m▀[0m[38;2;37;48;107m[48;2;37;52;109m▀[0m[38;2;35;49;106m[48;2;38;67;128m▀[0m[38;2;33;49;105m[48;2;40;76;137m▀[0m[38;2;35;47;102m[48;2;38;51;109m▀[0m[38;2;32;40;87m[48;2;34;44;93m▀[0m[38;2;30;37;80m[48;2;33;39;83m▀[0m[38;2;30;37;79m[48;2;31;38;79m▀[0m[38;2;31;39;86m[48;2;32;40;86m▀[0m[38;2;30;39;85m[48;2;31;38;81m▀[0m[38;2;34;41;95m[48;2;33;42;93m▀[0m[38;2;39;49;118m[48;2;44;60;137m▀[0m[38;2;37;46;111m[48;2;39;51;120m▀[0m[38;2;30;37;86m[48;2;32;39;90m▀[0m[38;2;27;31;74m[48;2;39;46;91m▀[0m[38;2;26;31;71m[48;2;25;30;69m▀[0m[38;2;28;32;77m[48;2;31;36;86m▀[0m[38;2;29;33;84m[48;2;33;36;90m▀[0m[38;2;27;32;78m[48;2;26;30;72m▀[0m[38;2;25;30;72m[48;2;28;33;76m▀[0m[38;2;23;27;61m[48;2;27;32;74m▀[0m[38;2;20;24;56m[48;2;20;25;56m▀[0m[38;2;16;20;45m[48;2;15;20;45m▀[0m[38;2;16;20;44m[48;2;15;19;40m▀[0m[38;2;14;16;39m[48;2;16;17;37m▀[0m[38;2;14;15;34m[48;2;16;16;35m▀[0m[38;2;14;14;33m[48;2;15;15;34m▀[0m[38;2;13;14;32m[48;2;14;15;33m▀[0m[38;2;12;14;31m[48;2;14;14;33m▀[0m[38;2;11;13;31m[48;2;14;14;33m▀[0m[38;2;11;13;30m[48;2;15;14;33m▀[0m[38;2;14;14;32m[48;2;16;17;36m▀[0m[38;2;23;23;43m[48;2;17;16;36m▀[0m[38;2;13;14;31m[48;2;17;17;36m▀[0m[38;2;11;12;30m[48;2;12;14;31m▀[0m
[38;2;16;15;27m[48;2;11;11;24m▀[0m[38;2;11;11;22m[48;2;12;11;24m▀[0m[38;2;12;11;22m[48;2;21;20;33m▀[0m[38;2;11;12;21m[48;2;13;12;25m▀[0m[38;2;11;12;22m[48;2;12;12;24m▀[0m[38;2;11;12;22m[48;2;11;12;24m▀[0m[38;2;12;13;23m[48;2;11;12;25m▀[0m[38;2;12;13;24m[48;2;11;13;26m▀[0m[38;2;12;13;25m[48;2;11;13;27m▀[0m[38;2;12;13;27m[48;2;12;13;29m▀[0m[38;2;13;15;31m[48;2;12;15;32m▀[0m[38;2;16;19;41m[48;2;16;19;42m▀[0m[38;2;20;23;48m[48;2;18;23;49m▀[0m[38;2;20;24;53m[48;2;20;24;54m▀[0m[38;2;19;24;52m[48;2;22;26;60m▀[0m[38;2;19;24;50m[48;2;23;27;62m▀[0m[38;2;20;24;51m[48;2;20;25;52m▀[0m[38;2;19;23;49m[48;2;19;23;49m▀[0m[38;2;18;22;47m[48;2;19;23;46m▀[0m[38;2;19;22;47m[48;2;19;22;47m▀[0m[38;2;18;22;47m[48;2;20;22;48m▀[0m[38;2;20;23;50m[48;2;21;24;51m▀[0m[38;2;20;25;55m[48;2;21;25;54m▀[0m[38;2;24;28;63m[48;2;24;29;66m▀[0m[38;2;34;41;81m[48;2;29;36;79m▀[0m[38;2;30;38;83m[48;2;33;45;98m▀[0m[38;2;30;41;89m[48;2;35;47;101m▀[0m[38;2;31;42;92m[48;2;35;46;100m▀[0m[38;2;32;43;93m[48;2;34;47;97m▀[0m[38;2;34;46;97m[48;2;34;48;99m▀[0m[38;2;36;53;107m[48;2;40;63;122m▀[0m[38;2;47;90;151m[48;2;58;111;170m▀[0m[38;2;60;116;172m[48;2;79;144;194m▀[0m[38;2;40;59;118m[48;2;43;67;127m▀[0m[38;2;38;47;98m[48;2;38;50;104m▀[0m[38;2;33;41;86m[48;2;34;44;93m▀[0m[38;2;33;40;85m[48;2;38;46;99m▀[0m[38;2;34;41;87m[48;2;36;43;93m▀[0m[38;2;33;40;83m[48;2;35;42;92m▀[0m[38;2;32;41;88m[48;2;35;44;94m▀[0m[38;2;36;49;112m[48;2;35;45;100m▀[0m[38;2;40;52;119m[48;2;35;45;102m▀[0m[38;2;35;42;95m[48;2;36;42;96m▀[0m[38;2;30;36;82m[48;2;37;43;103m▀[0m[38;2;27;33;73m[48;2;37;41;96m▀[0m[38;2;31;36;82m[48;2;33;38;90m▀[0m[38;2;35;39;96m[48;2;34;38;93m▀[0m[38;2;28;32;74m[48;2;27;34;76m▀[0m[38;2;27;33;76m[48;2;26;32;74m▀[0m[38;2;26;32;73m[48;2;23;28;65m▀[0m[38;2;21;26;62m[48;2;24;30;64m▀[0m[38;2;16;21;46m[48;2;18;23;48m▀[0m[38;2;15;19;39m[48;2;16;19;38m▀[0m[38;2;15;18;37m[48;2;16;18;36m▀[0m[38;2;16;16;36m[48;2;15;17;35m▀[0m[38;2;16;16;35m[48;2;16;16;36m▀[0m[38;2;14;15;34m[48;2;15;15;35m▀[0m[38;2;14;15;34m[48;2;14;15;34m▀[0m[38;2;14;14;33m[48;2;16;16;34m▀[0m[38;2;14;14;33m[48;2;16;16;34m▀[0m[38;2;15;15;33m[48;2;15;15;33m▀[0m[38;2;25;24;45m[48;2;35;33;55m▀[0m[38;2;15;15;34m[48;2;15;17;39m▀[0m[38;2;14;15;33m[48;2;16;18;41m▀[0m
[38;2;12;13;25m[48;2;13;13;27m▀[0m[38;2;13;12;28m[48;2;17;16;32m▀[0m[38;2;13;13;27m[48;2;13;13;28m▀[0m[38;2;14;13;28m[48;2;13;14;29m▀[0m[38;2;12;14;29m[48;2;13;16;31m▀[0m[38;2;12;16;30m[48;2;13;22;38m▀[0m[38;2;11;19;33m[48;2;14;37;58m▀[0m[38;2;12;20;34m[48;2;14;37;58m▀[0m[38;2;13;18;33m[48;2;13;27;46m▀[0m[38;2;13;16;32m[48;2;13;20;38m▀[0m[38;2;14;17;34m[48;2;14;18;37m▀[0m[38;2;16;19;40m[48;2;16;20;40m▀[0m[38;2;17;22;46m[48;2;18;22;44m▀[0m[38;2;20;24;54m[48;2;18;23;52m▀[0m[38;2;23;29;68m[48;2;23;29;67m▀[0m[38;2;24;31;70m[48;2;23;29;65m▀[0m[38;2;21;25;55m[48;2;19;24;53m▀[0m[38;2;20;24;49m[48;2;20;24;50m▀[0m[38;2;20;24;49m[48;2;20;24;50m▀[0m[38;2;20;23;48m[48;2;21;24;51m▀[0m[38;2;21;24;49m[48;2;22;25;50m▀[0m[38;2;21;25;51m[48;2;22;24;51m▀[0m[38;2;21;25;53m[48;2;23;26;53m▀[0m[38;2;23;27;61m[48;2;24;27;60m▀[0m[38;2;28;36;80m[48;2;28;33;74m▀[0m[38;2;35;45;98m[48;2;32;41;91m▀[0m[38;2;36;49;108m[48;2;34;47;103m▀[0m[38;2;36;49;108m[48;2;35;50;108m▀[0m[38;2;36;49;103m[48;2;35;51;106m▀[0m[38;2;37;52;105m[48;2;38;56;109m▀[0m[38;2;44;66;127m[48;2;48;72;134m▀[0m[38;2;68;126;183m[48;2;83;143;194m▀[0m[38;2;95;164;205m[48;2;109;178;216m▀[0m[38;2;50;75;140m[48;2;55;82;151m▀[0m[38;2;46;57;119m[48;2;56;67;139m▀[0m[38;2;41;49;105m[48;2;50;57;124m▀[0m[38;2;43;49;107m[48;2;49;56;120m▀[0m[38;2;43;49;106m[48;2;47;55;120m▀[0m[38;2;42;49;105m[48;2;49;60;125m▀[0m[38;2;38;49;107m[48;2;42;53;114m▀[0m[38;2;39;51;113m[48;2;41;53;114m▀[0m[38;2;37;47;105m[48;2;43;56;124m▀[0m[38;2;37;45;102m[48;2;39;47;105m▀[0m[38;2;44;50;123m[48;2;32;39;89m▀[0m[38;2;47;51;136m[48;2;34;41;95m▀[0m[38;2;43;48;125m[48;2;33;39;93m▀[0m[38;2;35;42;105m[48;2;30;37;83m▀[0m[38;2;29;37;85m[48;2;29;36;82m▀[0m[38;2;27;34;79m[48;2;27;36;81m▀[0m[38;2;22;28;63m[48;2;26;34;73m▀[0m[38;2;20;26;56m[48;2;20;25;56m▀[0m[38;2;19;22;46m[48;2;18;22;44m▀[0m[38;2;18;20;40m[48;2;19;22;42m▀[0m[38;2;16;19;38m[48;2;19;22;43m▀[0m[38;2;16;19;38m[48;2;18;23;44m▀[0m[38;2;15;19;38m[48;2;17;25;46m▀[0m[38;2;14;21;40m[48;2;15;33;55m▀[0m[38;2;14;22;43m[48;2;16;44;68m▀[0m[38;2;14;22;42m[48;2;14;36;62m▀[0m[38;2;14;19;39m[48;2;15;25;49m▀[0m[38;2;16;18;39m[48;2;16;21;47m▀[0m[38;2;16;19;42m[48;2;17;23;52m▀[0m[38;2;18;23;55m[48;2;18;24;55m▀[0m[38;2;21;27;61m[48;2;16;23;54m▀[0m
[38;2;15;16;30m[48;2;14;16;36m▀[0m[38;2;14;14;30m[48;2;14;16;35m▀[0m[38;2;14;14;29m[48;2;14;15;34m▀[0m[38;2;13;14;29m[48;2;13;16;32m▀[0m[38;2;13;17;32m[48;2;14;17;34m▀[0m[38;2;14;28;45m[48;2;13;26;44m▀[0m[38;2;47;101;123m[48;2;17;54;79m▀[0m[38;2;60;125;145m[48;2;110;185;197m▀[0m[38;2;15;48;74m[48;2;59;127;148m▀[0m[38;2;16;31;52m[48;2;16;49;76m▀[0m[38;2;19;25;46m[48;2;17;32;55m▀[0m[38;2;16;22;43m[48;2;18;26;48m▀[0m[38;2;18;22;42m[48;2;18;23;44m▀[0m[38;2;19;24;50m[48;2;19;23;47m▀[0m[38;2;21;26;58m[48;2;20;24;51m▀[0m[38;2;20;26;56m[48;2;20;26;55m▀[0m[38;2;21;27;58m[48;2;23;28;59m▀[0m[38;2;22;26;55m[48;2;23;28;58m▀[0m[38;2;22;25;53m[48;2;22;26;54m▀[0m[38;2;21;25;51m[48;2;22;26;54m▀[0m[38;2;22;25;50m[48;2;23;26;53m▀[0m[38;2;23;26;50m[48;2;24;26;53m▀[0m[38;2;24;26;53m[48;2;24;27;55m▀[0m[38;2;25;28;59m[48;2;25;29;59m▀[0m[38;2;25;31;66m[48;2;27;32;68m▀[0m[38;2;30;38;81m[48;2;30;37;80m▀[0m[38;2;33;45;99m[48;2;34;43;93m▀[0m[38;2;35;49;106m[48;2;37;50;104m▀[0m[38;2;38;53;112m[48;2;39;55;114m▀[0m[38;2;39;56;112m[48;2;43;62;122m▀[0m[38;2;46;76;136m[48;2;49;82;143m▀[0m[38;2;91;155;204m[48;2;104;169;212m▀[0m[38;2;124;191;224m[48;2;142;203;232m▀[0m[38;2;56;89;159m[48;2;71;110;183m▀[0m[38;2;51;64;131m[48;2;59;76;151m▀[0m[38;2;46;54;115m[48;2;53;61;131m▀[0m[38;2;45;51;110m[48;2;51;57;124m▀[0m[38;2;51;58;127m[48;2;56;66;141m▀[0m[38;2;58;71;150m[48;2;60;76;157m▀[0m[38;2;57;72;151m[48;2;65;86;169m▀[0m[38;2;53;68;145m[48;2;62;81;165m▀[0m[38;2;48;64;135m[48;2;53;67;140m▀[0m[38;2;37;46;99m[48;2;39;48;104m▀[0m[38;2;33;40;85m[48;2;37;45;96m▀[0m[38;2;34;40;86m[48;2;36;44;90m▀[0m[38;2;40;46;101m[48;2;38;47;103m▀[0m[38;2;28;36;78m[48;2;36;44;96m▀[0m[38;2;22;29;60m[48;2;25;31;66m▀[0m[38;2;22;28;59m[48;2;23;28;55m▀[0m[38;2;24;31;66m[48;2;21;26;54m▀[0m[38;2;23;28;60m[48;2;22;29;60m▀[0m[38;2;21;24;48m[48;2;21;27;53m▀[0m[38;2;20;23;45m[48;2;20;26;49m▀[0m[38;2;20;24;45m[48;2;20;27;51m▀[0m[38;2;19;27;49m[48;2;19;37;64m▀[0m[38;2;18;36;59m[48;2;22;62;92m▀[0m[38;2;21;63;91m[48;2;92;163;181m▀[0m[38;2;94;162;180m[48;2;79;145;164m▀[0m[38;2;22;61;89m[48;2;17;46;76m▀[0m[38;2;16;29;57m[48;2;16;29;58m▀[0m[38;2;17;25;55m[48;2;18;27;61m▀[0m[38;2;18;25;58m[48;2;18;26;59m▀[0m[38;2;17;24;55m[48;2;15;22;51m▀[0m[38;2;16;22;52m[48;2;19;24;54m▀[0m
[38;2;14;18;41m[48;2;14;17;41m▀[0m[38;2;16;19;43m[48;2;14;19;42m▀[0m[38;2;15;19;44m[48;2;15;19;43m▀[0m[38;2;15;19;41m[48;2;16;20;44m▀[0m[38;2;15;19;41m[48;2;17;20;43m▀[0m[38;2;15;23;44m[48;2;17;22;45m▀[0m[38;2;15;37;61m[48;2;16;27;51m▀[0m[38;2;35;90;115m[48;2;17;45;72m▀[0m[38;2;99;179;194m[48;2;76;138;158m▀[0m[38;2;56;122;148m[48;2;67;144;169m▀[0m[38;2;18;48;79m[48;2;48;112;145m▀[0m[38;2;20;32;61m[48;2;21;49;83m▀[0m[38;2;22;27;56m[48;2;22;34;65m▀[0m[38;2;21;26;52m[48;2;22;29;59m▀[0m[38;2;22;26;53m[48;2;23;27;57m▀[0m[38;2;22;26;55m[48;2;24;28;56m▀[0m[38;2;23;28;60m[48;2;23;27;57m▀[0m[38;2;23;28;61m[48;2;24;29;61m▀[0m[38;2;23;29;59m[48;2;23;30;60m▀[0m[38;2;23;28;59m[48;2;24;28;59m▀[0m[38;2;24;27;55m[48;2;25;28;56m▀[0m[38;2;25;28;56m[48;2;27;29;58m▀[0m[38;2;25;28;57m[48;2;26;29;61m▀[0m[38;2;26;29;63m[48;2;29;33;70m▀[0m[38;2;28;35;75m[48;2;29;35;73m▀[0m[38;2;29;36;77m[48;2;29;36;75m▀[0m[38;2;33;39;84m[48;2;33;39;81m▀[0m[38;2;38;49;100m[48;2;40;49;101m▀[0m[38;2;44;60;123m[48;2;48;61;126m▀[0m[38;2;51;67;136m[48;2;54;72;141m▀[0m[38;2;57;91;157m[48;2;68;103;171m▀[0m[38;2;120;182;221m[48;2;133;194;229m▀[0m[38;2;157;211;236m[48;2;171;219;241m▀[0m[38;2;67;109;178m[48;2;86;136;193m▀[0m[38;2;68;89;168m[48;2;87;124;178m▀[0m[38;2;65;76;158m[48;2;63;83;160m▀[0m[38;2;59;73;149m[48;2;64;80;159m▀[0m[38;2;67;86;169m[48;2;67;85;165m▀[0m[38;2;70;95;182m[48;2;75;101;187m▀[0m[38;2;63;83;170m[48;2;66;89;171m▀[0m[38;2;58;75;151m[48;2;58;72;152m▀[0m[38;2;50;59;129m[48;2;53;58;128m▀[0m[38;2;44;52;110m[48;2;47;52;115m▀[0m[38;2;41;49;104m[48;2;42;48;108m▀[0m[38;2;38;46;97m[48;2;42;48;104m▀[0m[38;2;35;43;94m[48;2;37;43;96m▀[0m[38;2;34;41;89m[48;2;34;40;88m▀[0m[38;2;29;35;70m[48;2;32;37;78m▀[0m[38;2;23;28;58m[48;2;27;32;64m▀[0m[38;2;23;28;55m[48;2;24;29;58m▀[0m[38;2;25;31;60m[48;2;22;28;56m▀[0m[38;2;23;29;59m[48;2;21;30;58m▀[0m[38;2;22;29;56m[48;2;23;37;67m▀[0m[38;2;21;36;65m[48;2;25;58;94m▀[0m[38;2;23;60;92m[48;2;70;134;165m▀[0m[38;2;77;147;171m[48;2;67;136;163m▀[0m[38;2;92;164;183m[48;2;71;126;151m▀[0m[38;2;22;64;96m[48;2;20;42;75m▀[0m[38;2;19;37;66m[48;2;19;31;62m▀[0m[38;2;19;30;61m[48;2;21;29;64m▀[0m[38;2;20;28;64m[48;2;20;26;60m▀[0m[38;2;23;28;57m[48;2;18;23;51m▀[0m[38;2;17;21;46m[48;2;16;20;45m▀[0m[38;2;17;21;49m[48;2;17;21;48m▀[0m
[38;2;16;21;47m[48;2;20;24;53m▀[0m[38;2;17;22;49m[48;2;18;24;51m▀[0m[38;2;17;23;49m[48;2;18;23;51m▀[0m[38;2;16;21;45m[48;2;17;23;50m▀[0m[38;2;16;20;43m[48;2;18;24;49m▀[0m[38;2;17;21;44m[48;2;17;22;46m▀[0m[38;2;17;23;48m[48;2;16;22;47m▀[0m[38;2;17;32;58m[48;2;17;27;53m▀[0m[38;2;22;59;88m[48;2;20;37;67m▀[0m[38;2;92;159;179m[48;2;50;96;126m▀[0m[38;2;50;114;150m[48;2;76;135;164m▀[0m[38;2;48;106;145m[48;2;44;100;143m▀[0m[38;2;23;49;87m[48;2;52;110;156m▀[0m[38;2;23;36;70m[48;2;47;80;117m▀[0m[38;2;24;30;62m[48;2;26;45;81m▀[0m[38;2;25;29;59m[48;2;26;37;74m▀[0m[38;2;26;30;61m[48;2;28;35;71m▀[0m[38;2;26;31;63m[48;2;27;34;70m▀[0m[38;2;25;31;63m[48;2;29;33;70m▀[0m[38;2;26;31;61m[48;2;31;35;77m▀[0m[38;2;26;29;61m[48;2;31;35;79m▀[0m[38;2;27;30;62m[48;2;32;38;85m▀[0m[38;2;29;32;70m[48;2;33;38;88m▀[0m[38;2;31;36;79m[48;2;34;40;87m▀[0m[38;2;31;36;76m[48;2;34;40;86m▀[0m[38;2;32;38;79m[48;2;36;42;87m▀[0m[38;2;34;41;84m[48;2;38;44;93m▀[0m[38;2;39;47;96m[48;2;40;48;99m▀[0m[38;2;49;60;123m[48;2;49;58;118m▀[0m[38;2;56;74;143m[48;2;60;79;148m▀[0m[38;2;114;162;203m[48;2;103;155;201m▀[0m[38;2;149;207;235m[48;2;168;219;242m▀[0m[38;2;181;227;242m[48;2;196;232;246m▀[0m[38;2;86;145;202m[48;2;108;175;216m▀[0m[38;2;127;181;212m[48;2;123;180;214m▀[0m[38;2;69;99;162m[48;2;66;99;165m▀[0m[38;2;58;75;144m[48;2;59;80;150m▀[0m[38;2;60;74;146m[48;2;64;87;163m▀[0m[38;2;63;80;158m[48;2;64;83;162m▀[0m[38;2;73;95;181m[48;2;71;90;174m▀[0m[38;2;76;92;182m[48;2;83;96;193m▀[0m[38;2;61;64;146m[48;2;75;80;175m▀[0m[38;2;56;56;133m[48;2;69;66;161m▀[0m[38;2;53;53;129m[48;2;70;65;164m▀[0m[38;2;50;50;122m[48;2;61;57;144m▀[0m[38;2;47;50;117m[48;2;54;54;132m▀[0m[38;2;49;51;116m[48;2;47;48;117m▀[0m[38;2;37;41;93m[48;2;41;44;101m▀[0m[38;2;29;34;71m[48;2;34;40;84m▀[0m[38;2;26;30;62m[48;2;29;37;72m▀[0m[38;2;24;32;62m[48;2;29;44;81m▀[0m[38;2;24;39;72m[48;2;33;66;112m▀[0m[38;2;27;60;99m[48;2;72;133;178m▀[0m[38;2;64;125;166m[48;2;45;95;138m▀[0m[38;2;53;109;145m[48;2;67;119;148m▀[0m[38;2;87;150;172m[48;2;53;101;131m▀[0m[38;2;23;55;89m[48;2;22;38;73m▀[0m[38;2;21;35;67m[48;2;21;31;64m▀[0m[38;2;22;29;63m[48;2;22;30;64m▀[0m[38;2;21;29;63m[48;2;22;28;65m▀[0m[38;2;20;26;60m[48;2;20;27;62m▀[0m[38;2;18;23;52m[48;2;20;25;56m▀[0m[38;2;17;21;48m[48;2;21;25;53m▀[0m[38;2;20;24;50m[48;2;18;22;48m▀[0m
[38;2;18;24;53m[48;2;22;27;59m▀[0m[38;2;19;25;55m[48;2;20;26;60m▀[0m[38;2;19;25;54m[48;2;20;26;60m▀[0m[38;2;20;26;57m[48;2;19;26;59m▀[0m[38;2;19;24;54m[48;2;20;26;59m▀[0m[38;2;18;25;53m[48;2;20;26;57m▀[0m[38;2;17;24;51m[48;2;19;26;57m▀[0m[38;2;20;26;55m[48;2;21;27;58m▀[0m[38;2;21;32;62m[48;2;23;30;64m▀[0m[38;2;23;45;78m[48;2;23;37;71m▀[0m[38;2;71;127;153m[48;2;36;65;100m▀[0m[38;2;58;108;145m[48;2;69;123;155m▀[0m[38;2;50;104;152m[48;2;58;102;142m▀[0m[38;2;70;135;179m[48;2;68;124;170m▀[0m[38;2;57;105;144m[48;2;87;153;194m▀[0m[38;2;60;96;132m[48;2;38;76;131m▀[0m[38;2;75;108;138m[48;2;55;86;131m▀[0m[38;2;59;85;120m[48;2;69;109;146m▀[0m[38;2;33;46;89m[48;2;78;115;150m▀[0m[38;2;33;40;87m[48;2;49;69;112m▀[0m[38;2;32;39;84m[48;2;34;42;87m▀[0m[38;2;33;41;88m[48;2;36;43;95m▀[0m[38;2;35;43;94m[48;2;39;47;102m▀[0m[38;2;38;46;98m[48;2;42;53;114m▀[0m[38;2;38;45;97m[48;2;44;52;112m▀[0m[38;2;40;47;102m[48;2;45;53;113m▀[0m[38;2;42;49;105m[48;2;56;68;130m▀[0m[38;2;47;54;114m[48;2;59;66;139m▀[0m[38;2;54;62;129m[48;2;64;72;147m▀[0m[38;2;65;81;154m[48;2;73;89;166m▀[0m[38;2;107;159;205m[48;2;112;165;211m▀[0m[38;2;181;225;245m[48;2;191;231;247m▀[0m[38;2;204;238;247m[48;2;216;241;248m▀[0m[38;2;108;176;221m[48;2;113;185;227m▀[0m[38;2;127;186;217m[48;2;131;190;221m▀[0m[38;2;70;106;171m[48;2;97;146;197m▀[0m[38;2;62;88;160m[48;2;73;115;186m▀[0m[38;2;65;98;175m[48;2;73;117;193m▀[0m[38;2;66;94;175m[48;2;71;101;182m▀[0m[38;2;69;86;168m[48;2;68;82;164m▀[0m[38;2;77;85;180m[48;2;70;76;163m▀[0m[38;2;84;86;185m[48;2;86;90;188m▀[0m[38;2;72;69;165m[48;2;96;95;199m▀[0m[38;2;70;68;161m[48;2;83;79;175m▀[0m[38;2;64;62;146m[48;2;68;69;150m▀[0m[38;2;61;60;142m[48;2;78;92;157m▀[0m[38;2;67;75;145m[48;2;82;110;156m▀[0m[38;2;81;107;152m[48;2;70;98;146m▀[0m[38;2;90;124;158m[48;2;58;90;140m▀[0m[38;2;33;54;100m[48;2;53;97;152m▀[0m[38;2;41;78;129m[48;2;113;183;214m▀[0m[38;2;89;155;195m[48;2;53;105;155m▀[0m[38;2;46;96;141m[48;2;72;115;151m▀[0m[38;2;68;112;145m[48;2;36;68;108m▀[0m[38;2;64;110;142m[48;2;57;94;126m▀[0m[38;2;23;48;83m[48;2;23;36;70m▀[0m[38;2;24;33;66m[48;2;23;29;62m▀[0m[38;2;23;30;63m[48;2;24;28;60m▀[0m[38;2;22;29;63m[48;2;23;27;61m▀[0m[38;2;23;29;64m[48;2;23;28;63m▀[0m[38;2;21;27;60m[48;2;22;27;61m▀[0m[38;2;19;24;56m[48;2;20;25;56m▀[0m[38;2;21;25;56m[48;2;21;25;56m▀[0m[38;2;19;23;51m[48;2;19;24;56m▀[0m
[38;2;22;29;66m[48;2;22;27;64m▀[0m[38;2;23;30;69m[48;2;22;30;67m▀[0m[38;2;24;31;69m[48;2;22;30;69m▀[0m[38;2;21;28;64m[48;2;24;32;72m▀[0m[38;2;22;30;66m[48;2;24;33;73m▀[0m[38;2;22;28;64m[48;2;24;31;70m▀[0m[38;2;22;29;65m[48;2;26;34;76m▀[0m[38;2;23;30;68m[48;2;24;32;70m▀[0m[38;2;24;31;68m[48;2;23;31;67m▀[0m[38;2;24;33;68m[48;2;25;32;67m▀[0m[38;2;26;40;77m[48;2;25;35;70m▀[0m[38;2;59;98;132m[48;2;29;45;84m▀[0m[38;2;54;98;135m[48;2;79;118;152m▀[0m[38;2;63;104;150m[48;2;54;85;131m▀[0m[38;2;89;149;192m[48;2;72;112;163m▀[0m[38;2;112;180;211m[48;2;113;175;211m▀[0m[38;2;48;92;151m[48;2;140;201;224m▀[0m[38;2;66;103;151m[48;2;61;112;172m▀[0m[38;2;63;94;141m[48;2;77;116;170m▀[0m[38;2;73;108;148m[48;2;63;96;146m▀[0m[38;2;63;89;135m[48;2;92;134;174m▀[0m[38;2;43;53;111m[48;2;76;111;157m▀[0m[38;2;45;53;115m[48;2;46;62;125m▀[0m[38;2;45;57;125m[48;2;48;66;135m▀[0m[38;2;50;63;134m[48;2;51;76;148m▀[0m[38;2;51;61;130m[48;2;50;67;137m▀[0m[38;2;61;73;142m[48;2;57;77;144m▀[0m[38;2;59;73;144m[48;2;55;81;145m▀[0m[38;2;90;117;176m[48;2;99;156;196m▀[0m[38;2;73;98;170m[48;2;89;129;188m▀[0m[38;2;117;172;218m[48;2;120;181;223m▀[0m[38;2;199;236;248m[48;2;208;240;249m▀[0m[38;2;225;244;249m[48;2;233;247;249m▀[0m[38;2;118;194;231m[48;2;126;204;235m▀[0m[38;2;135;198;228m[48;2;140;204;231m▀[0m[38;2;116;179;214m[48;2;117;184;220m▀[0m[38;2;88;148;213m[48;2;83;136;204m▀[0m[38;2;84;142;213m[48;2;81;126;199m▀[0m[38;2;75;103;181m[48;2;81;108;186m▀[0m[38;2;78;92;168m[48;2;88;105;177m▀[0m[38;2;80;90;166m[48;2;73;80;167m▀[0m[38;2;79;81;174m[48;2;78;82;172m▀[0m[38;2;95;93;197m[48;2;80;86;175m▀[0m[38;2;94;93;192m[48;2;109;132;194m▀[0m[38;2;109;127;198m[48;2;125;167;206m▀[0m[38;2;107;138;184m[48;2;89;113;180m▀[0m[38;2;72;92;152m[48;2;98;135;188m▀[0m[38;2;78;112;165m[48;2;86;138;194m▀[0m[38;2;67;115;172m[48;2;165;223;237m▀[0m[38;2;138;206;227m[48;2;83;142;190m▀[0m[38;2;66;121;171m[48;2;83;123;167m▀[0m[38;2;78;120;157m[48;2;44;62;113m▀[0m[38;2;34;57;102m[48;2;44;60;106m▀[0m[38;2;67;103;135m[48;2;61;91;127m▀[0m[38;2;28;45;82m[48;2;29;38;76m▀[0m[38;2;25;33;65m[48;2;25;31;63m▀[0m[38;2;26;29;60m[48;2;26;29;61m▀[0m[38;2;24;28;58m[48;2;25;28;60m▀[0m[38;2;24;28;61m[48;2;25;28;63m▀[0m[38;2;23;29;63m[48;2;28;32;71m▀[0m[38;2;23;29;64m[48;2;23;28;62m▀[0m[38;2;22;27;60m[48;2;23;29;64m▀[0m[38;2;22;27;59m[48;2;23;27;60m▀[0m[38;2;21;27;60m[48;2;22;27;61m▀[0m
[38;2;24;30;68m[48;2;28;34;75m▀[0m[38;2;26;33;74m[48;2;28;35;77m▀[0m[38;2;25;34;75m[48;2;28;36;80m▀[0m[38;2;26;34;75m[48;2;26;34;74m▀[0m[38;2;27;34;73m[48;2;25;32;69m▀[0m[38;2;27;33;71m[48;2;24;29;61m▀[0m[38;2;26;33;69m[48;2;24;28;59m▀[0m[38;2;25;30;61m[48;2;24;30;62m▀[0m[38;2;26;31;64m[48;2;29;34;69m▀[0m[38;2;26;32;66m[48;2;26;32;64m▀[0m[38;2;27;34;69m[48;2;29;34;70m▀[0m[38;2;31;41;81m[48;2;33;42;86m▀[0m[38;2;76;113;148m[48;2;81;112;151m▀[0m[38;2;75;106;148m[48;2;77;105;149m▀[0m[38;2;66;92;144m[48;2;57;76;133m▀[0m[38;2;78;121;175m[48;2;78;105;162m▀[0m[38;2;135;197;224m[48;2;83;129;186m▀[0m[38;2;164;217;234m[48;2;159;213;233m▀[0m[38;2;75;133;192m[48;2;188;230;241m▀[0m[38;2;90;137;185m[48;2;91;155;207m▀[0m[38;2;95;141;181m[48;2;98;147;196m▀[0m[38;2;89;137;179m[48;2;97;147;189m▀[0m[38;2;77;118;167m[48;2;106;161;197m▀[0m[38;2;47;77;142m[48;2;75;125;176m▀[0m[38;2;48;79;146m[48;2;52;92;155m▀[0m[38;2;49;81;148m[48;2;52;94;159m▀[0m[38;2;57;90;155m[48;2;60;105;171m▀[0m[38;2;56;92;155m[48;2;57;106;169m▀[0m[38;2;100;164;202m[48;2;101;173;207m▀[0m[38;2;130;181;214m[48;2;140;203;226m▀[0m[38;2;128;195;229m[48;2;134;207;233m▀[0m[38;2;217;243;249m[48;2;226;245;249m▀[0m[38;2;239;248;249m[48;2;244;249;250m▀[0m[38;2;135;213;238m[48;2;145;222;241m▀[0m[38;2;146;212;234m[48;2;149;217;237m▀[0m[38;2;120;190;223m[48;2;124;198;227m▀[0m[38;2;85;137;204m[48;2;86;141;207m▀[0m[38;2;82;120;194m[48;2;88;126;198m▀[0m[38;2;88;116;188m[48;2;101;130;196m▀[0m[38;2;90;107;184m[48;2;92;115;193m▀[0m[38;2;82;93;179m[48;2;89;109;189m▀[0m[38;2;83;93;179m[48;2;106;140;197m▀[0m[38;2;111;139;199m[48;2;112;154;201m▀[0m[38;2;114;155;202m[48;2;105;141;197m▀[0m[38;2;96;127;189m[48;2;118;160;206m▀[0m[38;2;109;148;200m[48;2;124;180;222m▀[0m[38;2;104;160;210m[48;2;208;241;247m▀[0m[38;2;187;234;243m[48;2;131;187;221m▀[0m[38;2;106;164;208m[48;2;93;134;186m▀[0m[38;2;87;127;176m[48;2;65;82;145m▀[0m[38;2;56;72;132m[48;2;49;56;120m▀[0m[38;2;43;50;109m[48;2;76;97;146m▀[0m[38;2;78;110;147m[48;2;90;127;162m▀[0m[38;2;31;50;93m[48;2;31;47;89m▀[0m[38;2;31;37;76m[48;2;29;34;70m▀[0m[38;2;27;32;66m[48;2;26;31;63m▀[0m[38;2;26;30;63m[48;2;26;30;62m▀[0m[38;2;25;29;62m[48;2;24;28;62m▀[0m[38;2;25;30;67m[48;2;26;29;67m▀[0m[38;2;28;34;79m[48;2;28;32;75m▀[0m[38;2;25;30;71m[48;2;27;33;75m▀[0m[38;2;24;29;64m[48;2;27;33;75m▀[0m[38;2;25;29;63m[48;2;26;32;72m▀[0m[38;2;24;29;65m[48;2;26;31;72m▀[0m
[38;2;28;32;73m[48;2;29;34;75m▀[0m[38;2;28;34;75m[48;2;27;33;73m▀[0m[38;2;26;33;73m[48;2;28;33;72m▀[0m[38;2;26;33;71m[48;2;27;33;70m▀[0m[38;2;25;32;69m[48;2;25;31;67m▀[0m[38;2;25;30;63m[48;2;28;33;72m▀[0m[38;2;24;30;61m[48;2;30;35;78m▀[0m[38;2;27;32;67m[48;2;32;38;84m▀[0m[38;2;28;34;72m[48;2;34;38;90m▀[0m[38;2;34;38;84m[48;2;44;45;111m▀[0m[38;2;37;41;94m[48;2;48;48;121m▀[0m[38;2;39;43;96m[48;2;53;50;128m▀[0m[38;2;69;93;141m[48;2;52;52;123m▀[0m[38;2;71;98;146m[48;2;80;93;159m▀[0m[38;2;87;118;164m[48;2;81;107;161m▀[0m[38;2;69;88;151m[48;2;88;113;167m▀[0m[38;2;90;120;175m[48;2;83;108;169m▀[0m[38;2;90;142;198m[48;2;100;135;189m▀[0m[38;2;185;226;241m[48;2;99;157;211m▀[0m[38;2;209;238;245m[48;2;207;237;245m▀[0m[38;2;108;175;219m[48;2;224;243;247m▀[0m[38;2;104;159;204m[48;2;131;195;230m▀[0m[38;2;106;160;201m[48;2;111;173;216m▀[0m[38;2;113;176;209m[48;2;115;175;213m▀[0m[38;2;81;136;187m[48;2;121;190;219m▀[0m[38;2;59;105;171m[48;2;88;153;200m▀[0m[38;2;97;148;193m[48;2;66;126;189m▀[0m[38;2;72;132;188m[48;2;69;135;195m▀[0m[38;2;107;184;216m[48;2;111;198;225m▀[0m[38;2;144;210;231m[48;2;148;220;237m▀[0m[38;2;137;216;239m[48;2;142;223;243m▀[0m[38;2;233;246;250m[48;2;238;248;250m▀[0m[38;2;248;250;251m[48;2;250;250;251m▀[0m[38;2;154;230;243m[48;2;166;238;244m▀[0m[38;2;155;224;239m[48;2;161;231;242m▀[0m[38;2;129;208;232m[48;2;136;223;237m▀[0m[38;2;100;161;218m[48;2;103;179;227m▀[0m[38;2;123;175;216m[48;2;129;195;228m▀[0m[38;2;103;145;207m[48;2;123;186;227m▀[0m[38;2;99;135;207m[48;2;111;176;225m▀[0m[38;2;109;149;209m[48;2;133;196;223m▀[0m[38;2;122;175;212m[48;2;130;184;223m▀[0m[38;2;112;153;204m[48;2;130;186;223m▀[0m[38;2;124;172;214m[48;2;161;214;239m▀[0m[38;2;141;198;232m[48;2;237;248;250m▀[0m[38;2;225;246;248m[48;2;181;224;241m▀[0m[38;2;155;208;233m[48;2;103;158;209m▀[0m[38;2;97;145;196m[48;2;101;135;183m▀[0m[38;2;73;93;158m[48;2;81;98;160m▀[0m[38;2;60;72;137m[48;2;85;111;161m▀[0m[38;2;85;111;158m[48;2;81;107;154m▀[0m[38;2;64;89;135m[48;2;73;93;142m▀[0m[38;2;81;111;150m[48;2;42;49;108m▀[0m[38;2;34;42;88m[48;2;37;41;93m▀[0m[38;2;28;33;71m[48;2;32;36;79m▀[0m[38;2;27;31;63m[48;2;26;30;65m▀[0m[38;2;25;29;60m[48;2;27;30;63m▀[0m[38;2;24;28;61m[48;2;25;28;61m▀[0m[38;2;22;26;57m[48;2;22;26;55m▀[0m[38;2;23;28;63m[48;2;24;28;60m▀[0m[38;2;26;31;69m[48;2;24;29;64m▀[0m[38;2;28;34;77m[48;2;26;32;73m▀[0m[38;2;27;34;78m[48;2;29;34;78m▀[0m[38;2;26;32;73m[48;2;28;33;76m▀[0m
[38;2;31;37;80m[48;2;36;41;89m▀[0m[38;2;29;34;75m[48;2;31;36;76m▀[0m[38;2;31;36;74m[48;2;28;34;69m▀[0m[38;2;27;32;67m[48;2;28;32;67m▀[0m[38;2;28;34;70m[48;2;30;36;77m▀[0m[38;2;34;39;85m[48;2;38;42;97m▀[0m[38;2;38;41;94m[48;2;45;45;111m▀[0m[38;2;37;40;100m[48;2;51;49;129m▀[0m[38;2;46;47;118m[48;2;50;49;124m▀[0m[38;2;49;48;122m[48;2;53;50;129m▀[0m[38;2;58;53;138m[48;2;59;55;142m▀[0m[38;2;64;58;149m[48;2;55;51;128m▀[0m[38;2;64;58;148m[48;2;51;52;117m▀[0m[38;2;65;65;147m[48;2;52;59;118m▀[0m[38;2;75;92;158m[48;2;70;91;145m▀[0m[38;2;86;116;167m[48;2;70;97;156m▀[0m[38;2;82;108;168m[48;2;99;138;185m▀[0m[38;2;93;128;181m[48;2;82;117;179m▀[0m[38;2;106;150;202m[48;2;110;152;199m▀[0m[38;2;113;179;223m[48;2;113;168;213m▀[0m[38;2;225;243;248m[48;2;137;203;235m▀[0m[38;2;235;246;249m[48;2;238;247;249m▀[0m[38;2;152;213;237m[48;2;242;247;250m▀[0m[38;2;119;190;227m[48;2;170;227;243m▀[0m[38;2;126;194;224m[48;2;130;209;237m▀[0m[38;2;132;205;228m[48;2;136;215;235m▀[0m[38;2;105;181;221m[48;2;145;224;236m▀[0m[38;2;87;167;218m[48;2;126;221;238m▀[0m[38;2;120;216;234m[48;2;136;235;240m▀[0m[38;2;154;230;240m[48;2;162;238;243m▀[0m[38;2;150;231;244m[48;2;162;238;245m▀[0m[38;2;243;248;251m[48;2;247;249;251m▀[0m[38;2;250;249;251m[48;2;251;249;251m▀[0m[38;2;180;242;244m[48;2;196;244;245m▀[0m[38;2;165;237;243m[48;2;172;241;244m▀[0m[38;2;145;233;241m[48;2;156;239;242m▀[0m[38;2;117;214;239m[48;2;134;241;245m▀[0m[38;2;111;198;235m[48;2;138;236;242m▀[0m[38;2;127;220;239m[48;2;147;231;238m▀[0m[38;2;140;217;233m[48;2;152;223;237m▀[0m[38;2;143;209;230m[48;2;142;221;241m▀[0m[38;2;139;208;235m[48;2;199;238;248m▀[0m[38;2;182;229;244m[48;2;250;249;250m▀[0m[38;2;245;249;250m[48;2;220;243;248m▀[0m[38;2;200;234;246m[48;2;126;194;231m▀[0m[38;2;115;178;220m[48;2;111;159;205m▀[0m[38;2;110;151;198m[48;2;112;152;196m▀[0m[38;2;97;129;180m[48;2;110;149;190m▀[0m[38;2;90;120;170m[48;2;88;120;174m▀[0m[38;2;88;115;165m[48;2;65;84;146m▀[0m[38;2;58;75;135m[48;2;69;87;145m▀[0m[38;2;66;83;134m[48;2;44;50;109m▀[0m[38;2;45;51;109m[48;2;41;44;102m▀[0m[38;2;40;43;99m[48;2;41;44;101m▀[0m[38;2;35;38;89m[48;2;41;44;106m▀[0m[38;2;29;35;77m[48;2;37;40;98m▀[0m[38;2;29;32;74m[48;2;34;39;89m▀[0m[38;2;30;33;70m[48;2;32;37;84m▀[0m[38;2;24;28;59m[48;2;26;32;70m▀[0m[38;2;23;28;61m[48;2;25;30;66m▀[0m[38;2;26;30;67m[48;2;27;32;72m▀[0m[38;2;30;35;78m[48;2;28;35;78m▀[0m[38;2;29;35;81m[48;2;30;36;82m▀[0m[38;2;29;35;81m[48;2;30;37;84m▀[0m
[38;2;36;41;89m[48;2;38;43;95m▀[0m[38;2;34;38;81m[48;2;42;47;103m▀[0m[38;2;31;36;78m[48;2;38;42;88m▀[0m[38;2;33;36;78m[48;2;33;36;80m▀[0m[38;2;34;38;83m[48;2;44;45;105m▀[0m[38;2;45;45;112m[48;2;51;47;123m▀[0m[38;2;59;55;145m[48;2;60;56;142m▀[0m[38;2;60;55;143m[48;2;47;46;109m▀[0m[38;2;43;42;99m[48;2;49;49;110m▀[0m[38;2;47;46;108m[48;2;43;44;96m▀[0m[38;2;47;46;106m[48;2;43;45;94m▀[0m[38;2;45;47;101m[48;2;51;53;115m▀[0m[38;2;42;48;96m[48;2;46;52;104m▀[0m[38;2;44;52;101m[48;2;48;59;113m▀[0m[38;2;51;65;121m[48;2;56;72;135m▀[0m[38;2;73;105;159m[48;2;64;93;158m▀[0m[38;2;88;133;181m[48;2;87;141;188m▀[0m[38;2;116;175;207m[48;2;99;162;203m▀[0m[38;2;99;149;197m[48;2;113;180;213m▀[0m[38;2;123;174;214m[48;2;113;180;216m▀[0m[38;2;122;189;225m[48;2;126;194;226m▀[0m[38;2;162;222;243m[48;2;125;203;235m▀[0m[38;2;245;248;250m[48;2;185;238;247m▀[0m[38;2;247;248;250m[48;2;250;249;251m▀[0m[38;2;188;237;245m[48;2;249;249;251m▀[0m[38;2;141;225;242m[48;2;206;242;247m▀[0m[38;2;147;231;240m[48;2;154;238;246m▀[0m[38;2;158;236;242m[48;2;155;239;243m▀[0m[38;2;160;242;241m[48;2;164;240;243m▀[0m[38;2;162;242;244m[48;2;165;243;245m▀[0m[38;2;174;242;246m[48;2;192;243;248m▀[0m[38;2;249;249;251m[48;2;251;250;251m▀[0m[38;2;251;249;251m[48;2;250;250;251m▀[0m[38;2;204;245;246m[48;2;215;246;248m▀[0m[38;2;168;243;245m[48;2;172;243;246m▀[0m[38;2;167;242;243m[48;2;177;240;244m▀[0m[38;2;152;244;242m[48;2;173;239;243m▀[0m[38;2;158;238;241m[48;2;175;240;243m▀[0m[38;2;163;233;242m[48;2;174;239;246m▀[0m[38;2;157;233;245m[48;2;231;247;249m▀[0m[38;2;217;244;248m[48;2;252;249;251m▀[0m[38;2;251;249;250m[48;2;242;248;250m▀[0m[38;2;232;246;249m[48;2;157;227;243m▀[0m[38;2;136;209;237m[48;2;121;191;229m▀[0m[38;2;115;174;216m[48;2;113;172;218m▀[0m[38;2;109;159;205m[48;2;111;163;204m▀[0m[38;2;115;158;199m[48;2;96;141;191m▀[0m[38;2;82;116;172m[48;2;87;124;176m▀[0m[38;2;81;113;167m[48;2;56;74;140m▀[0m[38;2;67;88;146m[48;2;52;60;128m▀[0m[38;2;51;57;129m[48;2;55;70;151m▀[0m[38;2;45;48;110m[48;2;47;54;124m▀[0m[38;2;41;44;102m[48;2;43;47;107m▀[0m[38;2;42;44;102m[48;2;43;47;110m▀[0m[38;2;43;45;112m[48;2;43;45;109m▀[0m[38;2;41;45;110m[48;2;42;45;108m▀[0m[38;2;38;41;98m[48;2;40;43;104m▀[0m[38;2;37;42;95m[48;2;39;43;102m▀[0m[38;2;31;37;85m[48;2;39;43;102m▀[0m[38;2;28;34;75m[48;2;32;37;85m▀[0m[38;2;27;33;76m[48;2;30;36;82m▀[0m[38;2;28;34;78m[48;2;30;36;82m▀[0m[38;2;28;35;80m[48;2;30;37;84m▀[0m[38;2;30;37;83m[48;2;29;38;84m▀[0m
[38;2;46;51;111m[48;2;45;47;103m▀[0m[38;2;48;52;116m[48;2;46;49;106m▀[0m[38;2;40;42;94m[48;2;45;47;106m▀[0m[38;2;40;42;94m[48;2;46;46;104m▀[0m[38;2;52;50;121m[48;2;63;55;139m▀[0m[38;2;65;58;148m[48;2;82;70;174m▀[0m[38;2;56;53;129m[48;2;59;53;132m▀[0m[38;2;46;45;106m[48;2;47;45;103m▀[0m[38;2;49;48;112m[48;2;44;43;97m▀[0m[38;2;45;46;100m[48;2;41;43;90m▀[0m[38;2;44;46;97m[48;2;46;47;99m▀[0m[38;2;50;55;116m[48;2;51;56;116m▀[0m[38;2;54;61;126m[48;2;63;69;140m▀[0m[38;2;60;72;141m[48;2;75;89;167m▀[0m[38;2;65;86;159m[48;2;81;99;181m▀[0m[38;2;71;102;174m[48;2;78;102;183m▀[0m[38;2;68;103;172m[48;2;72;105;179m▀[0m[38;2;85;136;193m[48;2;84;136;203m▀[0m[38;2;102;174;213m[48;2;88;148;210m▀[0m[38;2;116;195;225m[48;2;110;189;226m▀[0m[38;2;126;210;230m[48;2;123;219;235m▀[0m[38;2;142;222;237m[48;2;134;231;239m▀[0m[38;2;134;225;241m[48;2;150;233;242m▀[0m[38;2;207;243;247m[48;2;149;237;244m▀[0m[38;2;251;250;251m[48;2;225;246;248m▀[0m[38;2;251;250;251m[48;2;250;250;251m▀[0m[38;2;221;245;247m[48;2;251;250;251m▀[0m[38;2;169;242;247m[48;2;232;247;248m▀[0m[38;2;177;242;245m[48;2;199;243;246m▀[0m[38;2;202;246;248m[48;2;226;247;249m▀[0m[38;2;210;245;249m[48;2;228;246;249m▀[0m[38;2;251;250;251m[48;2;252;251;252m▀[0m[38;2;251;250;251m[48;2;251;250;251m▀[0m[38;2;227;246;248m[48;2;237;248;249m▀[0m[38;2;188;245;247m[48;2;213;246;248m▀[0m[38;2;187;241;243m[48;2;211;244;246m▀[0m[38;2;189;241;244m[48;2;209;244;247m▀[0m[38;2;192;242;246m[48;2;244;248;250m▀[0m[38;2;240;247;249m[48;2;251;249;251m▀[0m[38;2;251;249;251m[48;2;250;249;251m▀[0m[38;2;248;249;251m[48;2;203;245;248m▀[0m[38;2;180;239;246m[48;2;148;232;243m▀[0m[38;2;134;213;237m[48;2;145;220;239m▀[0m[38;2;127;195;228m[48;2;128;195;227m▀[0m[38;2;118;177;214m[48;2;117;186;219m▀[0m[38;2;108;168;207m[48;2;89;143;198m▀[0m[38;2;82;128;186m[48;2;63;104;176m▀[0m[38;2;60;87;159m[48;2;62;100;173m▀[0m[38;2;56;72;143m[48;2;58;85;160m▀[0m[38;2;55;67;141m[48;2;58;82;161m▀[0m[38;2;54;68;143m[48;2;54;76;153m▀[0m[38;2;49;59;134m[48;2;53;70;144m▀[0m[38;2;46;54;120m[48;2;48;59;126m▀[0m[38;2;45;50;113m[48;2;46;52;115m▀[0m[38;2;42;45;104m[48;2;48;53;122m▀[0m[38;2;42;44;102m[48;2;48;53;121m▀[0m[38;2;44;48;112m[48;2;46;48;116m▀[0m[38;2;44;50;115m[48;2;47;51;119m▀[0m[38;2;40;47;111m[48;2;43;51;116m▀[0m[38;2;35;42;98m[48;2;40;50;113m▀[0m[38;2;34;42;94m[48;2;38;49;113m▀[0m[38;2;34;43;98m[48;2;36;46;104m▀[0m[38;2;32;41;92m[48;2;34;44;98m▀[0m[38;2;31;39;85m[48;2;31;37;83m▀[0m
[38;2;47;49;104m[48;2;45;47;101m▀[0m[38;2;46;46;100m[48;2;47;48;103m▀[0m[38;2;45;47;101m[48;2;50;49;106m▀[0m[38;2;52;51;115m[48;2;54;51;115m▀[0m[38;2;67;59;147m[48;2;67;58;143m▀[0m[38;2;88;71;181m[48;2;91;75;179m▀[0m[38;2;67;58;141m[48;2;87;73;171m▀[0m[38;2;53;48;113m[48;2;62;54;127m▀[0m[38;2;49;46;104m[48;2;55;51;114m▀[0m[38;2;47;48;100m[48;2;54;51;107m▀[0m[38;2;48;50;106m[48;2;60;58;126m▀[0m[38;2;59;61;128m[48;2;72;70;148m▀[0m[38;2;72;73;152m[48;2;87;85;170m▀[0m[38;2;75;80;162m[48;2;74;75;152m▀[0m[38;2;84;95;174m[48;2;81;87;165m▀[0m[38;2;87;105;181m[48;2;89;104;182m▀[0m[38;2;84;112;183m[48;2;83;108;183m▀[0m[38;2;90;135;201m[48;2;88;127;197m▀[0m[38;2;90;143;205m[48;2;96;148;211m▀[0m[38;2;118;185;226m[48;2;113;178;222m▀[0m[38;2;130;214;235m[48;2;130;207;236m▀[0m[38;2;133;232;242m[48;2;123;216;238m▀[0m[38;2;139;239;242m[48;2;145;241;243m▀[0m[38;2;160;240;245m[48;2;163;243;244m▀[0m[38;2;172;242;246m[48;2;172;242;244m▀[0m[38;2;239;248;249m[48;2;200;244;247m▀[0m[38;2;251;250;251m[48;2;247;249;250m▀[0m[38;2;251;250;251m[48;2;251;251;252m▀[0m[38;2;243;248;249m[48;2;251;251;251m▀[0m[38;2;238;247;248m[48;2;250;250;251m▀[0m[38;2;240;248;249m[48;2;250;250;251m▀[0m[38;2;251;250;251m[48;2;252;251;252m▀[0m[38;2;252;251;252m[48;2;251;251;252m▀[0m[38;2;244;249;250m[48;2;249;249;250m▀[0m[38;2;235;248;249m[48;2;248;249;250m▀[0m[38;2;233;246;248m[48;2;251;250;251m▀[0m[38;2;248;249;250m[48;2;250;250;251m▀[0m[38;2;251;250;251m[48;2;251;250;251m▀[0m[38;2;251;250;251m[48;2;234;247;248m▀[0m[38;2;220;246;248m[48;2;179;242;246m▀[0m[38;2;163;241;245m[48;2;175;240;242m▀[0m[38;2;163;234;243m[48;2;158;234;243m▀[0m[38;2;141;217;236m[48;2;140;229;239m▀[0m[38;2;128;206;229m[48;2;120;207;235m▀[0m[38;2;103;166;215m[48;2;95;163;218m▀[0m[38;2;82;129;196m[48;2;88;144;207m▀[0m[38;2;69;110;180m[48;2;81;133;198m▀[0m[38;2;62;101;173m[48;2;73;126;191m▀[0m[38;2;61;99;174m[48;2;71;130;197m▀[0m[38;2;63;108;185m[48;2;73;138;207m▀[0m[38;2;57;89;167m[48;2;67;114;186m▀[0m[38;2;55;78;155m[48;2;60;94;170m▀[0m[38;2;53;71;142m[48;2;55;73;147m▀[0m[38;2;50;59;128m[48;2;56;69;143m▀[0m[38;2;58;70;150m[48;2;59;67;143m▀[0m[38;2;56;61;141m[48;2;57;63;138m▀[0m[38;2;53;56;131m[48;2;55;57;131m▀[0m[38;2;49;53;124m[48;2;53;57;128m▀[0m[38;2;44;52;119m[48;2;47;53;121m▀[0m[38;2;40;49;108m[48;2;43;52;113m▀[0m[38;2;36;47;103m[48;2;38;48;106m▀[0m[38;2;36;45;102m[48;2;38;46;102m▀[0m[38;2;36;44;98m[48;2;38;44;97m▀[0m[38;2;33;39;86m[48;2;34;41;88m▀[0m
[38;2;45;48;102m[48;2;43;49;101m▀[0m[38;2;47;50;103m[48;2;44;50;104m▀[0m[38;2;54;53;113m[48;2;55;59;121m▀[0m[38;2;65;60;130m[48;2;70;70;146m▀[0m[38;2;72;64;140m[48;2;81;75;156m▀[0m[38;2;93;76;171m[48;2;98;85;177m▀[0m[38;2;107;86;190m[48;2;106;88;182m▀[0m[38;2;88;74;165m[48;2;111;97;192m▀[0m[38;2;75;66;146m[48;2;90;81;167m▀[0m[38;2;74;66;144m[48;2;90;84;167m▀[0m[38;2;86;76;163m[48;2;93;90;174m▀[0m[38;2;91;83;170m[48;2;128;143;198m▀[0m[38;2;88;84;166m[48;2;118;138;196m▀[0m[38;2;98;97;174m[48;2;120;142;198m▀[0m[38;2;82;90;168m[48;2;120;147;200m▀[0m[38;2;123;152;203m[48;2;106;139;198m▀[0m[38;2;143;182;217m[48;2;121;156;206m▀[0m[38;2;146;189;221m[48;2;133;175;216m▀[0m[38;2;149;199;228m[48;2;134;184;223m▀[0m[38;2;152;210;234m[48;2;137;198;232m▀[0m[38;2;158;224;241m[48;2;141;217;238m▀[0m[38;2;163;236;243m[48;2;147;231;241m▀[0m[38;2;169;242;246m[48;2;158;239;244m▀[0m[38;2;177;247;246m[48;2;175;243;246m▀[0m[38;2;198;246;247m[48;2;201;245;248m▀[0m[38;2;207;246;248m[48;2;232;248;250m▀[0m[38;2;234;247;249m[48;2;242;247;250m▀[0m[38;2;251;251;252m[48;2;249;249;251m▀[0m[38;2;252;251;252m[48;2;251;251;252m▀[0m[38;2;251;251;252m[48;2;252;251;252m▀[0m[38;2;252;251;252m[48;2;252;251;252m▀[0m[38;2;251;250;252m[48;2;252;251;252m▀[0m[38;2;252;251;252m[48;2;252;250;252m▀[0m[38;2;251;250;251m[48;2;252;251;252m▀[0m[38;2;252;251;252m[48;2;252;251;252m▀[0m[38;2;251;250;252m[48;2;252;251;252m▀[0m[38;2;251;250;251m[48;2;251;251;252m▀[0m[38;2;248;249;250m[48;2;239;246;249m▀[0m[38;2;218;245;247m[48;2;216;246;247m▀[0m[38;2;204;245;246m[48;2;192;244;248m▀[0m[38;2;184;244;245m[48;2;175;242;246m▀[0m[38;2;181;242;245m[48;2;164;238;244m▀[0m[38;2;172;240;244m[48;2;153;231;243m▀[0m[38;2;159;234;241m[48;2;143;221;240m▀[0m[38;2;148;223;237m[48;2;137;212;238m▀[0m[38;2;140;210;232m[48;2;130;200;232m▀[0m[38;2;132;198;226m[48;2;127;189;226m▀[0m[38;2;127;193;222m[48;2;125;184;223m▀[0m[38;2;123;188;220m[48;2;123;179;220m▀[0m[38;2;118;182;218m[48;2;116;172;216m▀[0m[38;2;103;162;207m[48;2;111;164;210m▀[0m[38;2;101;159;202m[48;2;117;169;209m▀[0m[38;2;61;91;160m[48;2;114;169;208m▀[0m[38;2;57;75;146m[48;2;99;150;195m▀[0m[38;2;58;73;144m[48;2;96;144;191m▀[0m[38;2;63;73;148m[48;2;101;148;193m▀[0m[38;2;65;72;149m[48;2;85;113;174m▀[0m[38;2;58;63;135m[48;2;63;74;145m▀[0m[38;2;54;59;130m[48;2;59;69;141m▀[0m[38;2;48;55;118m[48;2;54;65;132m▀[0m[38;2;43;52;110m[48;2;47;58;118m▀[0m[38;2;40;48;103m[48;2;45;54;110m▀[0m[38;2;38;45;95m[48;2;43;51;104m▀[0m[38;2;36;44;93m[48;2;39;48;101m▀[0m
[38;2;40;53;107m[48;2;47;80;138m▀[0m[38;2;45;62;120m[48;2;67;124;177m▀[0m[38;2;57;74;139m[48;2;90;153;200m▀[0m[38;2;74;86;163m[48;2;110;173;215m▀[0m[38;2;88;98;181m[48;2;130;190;226m▀[0m[38;2;102;108;195m[48;2;148;204;235m▀[0m[38;2;110;115;201m[48;2;164;213;240m▀[0m[38;2;116;126;202m[48;2;180;224;242m▀[0m[38;2;117;132;201m[48;2;187;229;244m▀[0m[38;2;114;134;201m[48;2;195;232;243m▀[0m[38;2;113;140;203m[48;2;205;237;246m▀[0m[38;2;127;168;217m[48;2;215;241;248m▀[0m[38;2;132;176;222m[48;2;223;244;249m▀[0m[38;2;137;187;228m[48;2;230;246;249m▀[0m[38;2;142;193;230m[48;2;236;247;250m▀[0m[38;2;148;204;234m[48;2;242;249;249m▀[0m[38;2;149;208;236m[48;2;246;250;250m▀[0m[38;2;144;205;238m[48;2;249;250;250m▀[0m[38;2;155;217;242m[48;2;250;249;251m▀[0m[38;2;167;229;246m[48;2;250;249;251m▀[0m[38;2;179;236;247m[48;2;251;249;250m▀[0m[38;2;191;243;248m[48;2;251;250;251m▀[0m[38;2;204;245;248m[48;2;251;250;251m▀[0m[38;2;219;246;248m[48;2;250;250;251m▀[0m[38;2;234;248;250m[48;2;251;250;251m▀[0m[38;2;243;248;250m[48;2;250;250;251m▀[0m[38;2;249;249;250m[48;2;251;250;250m▀[0m[38;2;251;250;251m[48;2;251;251;251m▀[0m[38;2;252;251;252m[48;2;252;251;252m▀[0m[38;2;252;251;252m[48;2;252;251;252m▀[0m[38;2;252;250;251m[48;2;251;250;251m▀[0m[38;2;252;250;252m[48;2;252;250;251m▀[0m[38;2;252;250;252m[48;2;252;250;251m▀[0m[38;2;252;251;252m[48;2;252;250;251m▀[0m[38;2;252;251;252m[48;2;252;251;252m▀[0m[38;2;252;251;252m[48;2;252;251;252m▀[0m[38;2;251;251;251m[48;2;251;250;251m▀[0m[38;2;248;249;250m[48;2;251;251;251m▀[0m[38;2;242;248;249m[48;2;250;250;251m▀[0m[38;2;234;247;249m[48;2;250;250;250m▀[0m[38;2;223;246;248m[48;2;250;250;250m▀[0m[38;2;210;245;248m[48;2;251;250;251m▀[0m[38;2;199;243;247m[48;2;251;250;251m▀[0m[38;2;185;240;247m[48;2;251;249;250m▀[0m[38;2;175;236;247m[48;2;251;249;251m▀[0m[38;2;168;232;246m[48;2;250;249;251m▀[0m[38;2;167;231;245m[48;2;250;249;250m▀[0m[38;2;157;224;243m[48;2;248;249;251m▀[0m[38;2;148;216;239m[48;2;244;248;250m▀[0m[38;2;139;209;237m[48;2;239;248;249m▀[0m[38;2;130;198;233m[48;2;233;247;250m▀[0m[38;2;112;179;224m[48;2;227;246;249m▀[0m[38;2;121;184;226m[48;2;220;244;248m▀[0m[38;2;114;176;221m[48;2;211;241;248m▀[0m[38;2;110;169;215m[48;2;202;237;247m▀[0m[38;2;105;162;211m[48;2;192;233;244m▀[0m[38;2;97;149;201m[48;2;179;226;242m▀[0m[38;2;68;104;171m[48;2;165;216;238m▀[0m[38;2;64;97;165m[48;2;149;207;233m▀[0m[38;2;58;89;159m[48;2;129;195;226m▀[0m[38;2;54;82;152m[48;2;110;180;218m▀[0m[38;2;49;75;140m[48;2;94;164;207m▀[0m[38;2;43;66;129m[48;2;74;139;189m▀[0m[38;2;41;60;119m[48;2;54;103;162m▀[0m
[38;2;41;71;129m[48;2;39;53;109m▀[0m[38;2;49;95;155m[48;2;44;60;117m▀[0m[38;2;61;116;174m[48;2;45;65;125m▀[0m[38;2;75;135;191m[48;2;51;74;139m▀[0m[38;2;89;151;203m[48;2;60;81;152m▀[0m[38;2;103;164;210m[48;2;65;86;157m▀[0m[38;2;115;174;219m[48;2;70;91;164m▀[0m[38;2;129;187;225m[48;2;75;98;171m▀[0m[38;2;139;195;229m[48;2;77;105;177m▀[0m[38;2;151;205;234m[48;2;84;119;189m▀[0m[38;2;164;214;239m[48;2;112;156;207m▀[0m[38;2;176;222;242m[48;2;114;161;210m▀[0m[38;2;186;228;244m[48;2;116;167;215m▀[0m[38;2;196;234;246m[48;2;120;174;220m▀[0m[38;2;206;238;247m[48;2;117;175;221m▀[0m[38;2;214;242;248m[48;2;110;172;223m▀[0m[38;2;223;245;249m[48;2;117;186;229m▀[0m[38;2;230;246;250m[48;2;127;196;235m▀[0m[38;2;237;248;249m[48;2;134;207;237m▀[0m[38;2;242;248;249m[48;2;144;218;241m▀[0m[38;2;245;248;250m[48;2;155;229;243m▀[0m[38;2;249;250;250m[48;2;168;238;244m▀[0m[38;2;250;250;251m[48;2;183;243;246m▀[0m[38;2;250;250;251m[48;2;202;245;248m▀[0m[38;2;251;250;251m[48;2;215;246;248m▀[0m[38;2;250;250;251m[48;2;230;246;248m▀[0m[38;2;251;251;251m[48;2;243;248;249m▀[0m[38;2;251;251;251m[48;2;250;250;251m▀[0m[38;2;252;251;252m[48;2;252;251;252m▀[0m[38;2;251;251;252m[48;2;251;251;251m▀[0m[38;2;252;250;252m[48;2;251;251;252m▀[0m[38;2;251;250;252m[48;2;251;250;252m▀[0m[38;2;252;251;252m[48;2;251;251;252m▀[0m[38;2;252;251;252m[48;2;252;251;252m▀[0m[38;2;252;251;252m[48;2;252;251;252m▀[0m[38;2;252;251;252m[48;2;252;251;252m▀[0m[38;2;251;250;251m[48;2;251;250;251m▀[0m[38;2;251;250;251m[48;2;248;249;250m▀[0m[38;2;251;250;251m[48;2;240;248;249m▀[0m[38;2;251;250;251m[48;2;227;247;249m▀[0m[38;2;250;249;250m[48;2;212;246;248m▀[0m[38;2;251;250;251m[48;2;197;245;248m▀[0m[38;2;250;249;250m[48;2;180;243;246m▀[0m[38;2;250;249;250m[48;2;164;237;246m▀[0m[38;2;248;249;250m[48;2;153;229;244m▀[0m[38;2;243;248;250m[48;2;143;218;243m▀[0m[38;2;238;247;249m[48;2;140;214;240m▀[0m[38;2;232;247;249m[48;2;150;217;240m▀[0m[38;2;223;245;249m[48;2;139;203;235m▀[0m[38;2;215;244;248m[48;2;137;194;232m▀[0m[38;2;207;240;248m[48;2;144;188;227m▀[0m[38;2;197;234;246m[48;2;147;184;223m▀[0m[38;2;186;227;243m[48;2;148;179;221m▀[0m[38;2;175;221;241m[48;2;146;174;219m▀[0m[38;2;164;215;238m[48;2;143;172;215m▀[0m[38;2;151;205;234m[48;2;145;175;216m▀[0m[38;2;138;194;230m[48;2;106;119;194m▀[0m[38;2;123;181;223m[48;2;91;100;184m▀[0m[38;2;108;167;217m[48;2;76;89;170m▀[0m[38;2;96;154;209m[48;2;69;85;161m▀[0m[38;2;82;140;198m[48;2;62;79;152m▀[0m[38;2;68;122;185m[48;2;53;68;136m▀[0m[38;2;55;104;168m[48;2;48;63;127m▀[0m[38;2;46;81;146m[48;2;44;58;118m▀[0m
[38;2;44;53;108m[48;2;35;42;88m▀[0m[38;2;45;54;111m[48;2;41;49;98m▀[0m[38;2;47;54;114m[48;2;44;50;104m▀[0m[38;2;50;60;124m[48;2;45;53;109m▀[0m[38;2;54;63;129m[48;2;48;56;114m▀[0m[38;2;56;64;129m[48;2;49;56;115m▀[0m[38;2;59;66;134m[48;2;60;64;136m▀[0m[38;2;66;69;144m[48;2;68;67;151m▀[0m[38;2;88;100;171m[48;2;74;68;159m▀[0m[38;2;107;136;187m[48;2;74;71;161m▀[0m[38;2;101;135;188m[48;2;72;73;156m▀[0m[38;2;101;138;189m[48;2;69;73;152m▀[0m[38;2;112;158;201m[48;2;68;83;155m▀[0m[38;2;87;122;187m[48;2;112;161;203m▀[0m[38;2;114;156;204m[48;2;115;162;208m▀[0m[38;2;130;174;216m[48;2;114;165;212m▀[0m[38;2;129;181;221m[48;2;115;170;216m▀[0m[38;2;131;186;223m[48;2;116;175;218m▀[0m[38;2;134;192;226m[48;2;126;191;224m▀[0m[38;2;136;204;233m[48;2;141;209;230m▀[0m[38;2;141;216;238m[48;2;148;220;236m▀[0m[38;2;150;230;243m[48;2;161;234;241m▀[0m[38;2;159;238;246m[48;2;180;242;245m▀[0m[38;2;166;243;246m[48;2;173;243;244m▀[0m[38;2;163;244;246m[48;2;198;244;247m▀[0m[38;2;218;246;248m[48;2;203;245;247m▀[0m[38;2;240;248;249m[48;2;239;247;250m▀[0m[38;2;250;250;251m[48;2;251;251;251m▀[0m[38;2;252;252;252m[48;2;252;251;252m▀[0m[38;2;252;252;252m[48;2;252;252;252m▀[0m[38;2;252;251;252m[48;2;252;251;252m▀[0m[38;2;251;251;251m[48;2;252;251;251m▀[0m[38;2;252;251;251m[48;2;252;251;251m▀[0m[38;2;251;251;251m[48;2;252;251;252m▀[0m[38;2;251;251;252m[48;2;251;251;252m▀[0m[38;2;251;251;252m[48;2;252;251;252m▀[0m[38;2;251;251;252m[48;2;251;250;251m▀[0m[38;2;242;247;249m[48;2;246;249;250m▀[0m[38;2;224;246;248m[48;2;201;244;246m▀[0m[38;2;198;244;246m[48;2;186;243;246m▀[0m[38;2;169;243;246m[48;2;172;244;247m▀[0m[38;2;149;240;243m[48;2;171;244;245m▀[0m[38;2;149;234;244m[48;2;161;240;243m▀[0m[38;2;142;222;240m[48;2;154;231;240m▀[0m[38;2;135;208;236m[48;2;149;221;238m▀[0m[38;2;133;194;233m[48;2;146;212;234m▀[0m[38;2;143;197;231m[48;2;145;202;230m▀[0m[38;2;129;174;221m[48;2;142;194;226m▀[0m[38;2;123;161;217m[48;2;142;187;222m▀[0m[38;2;124;157;210m[48;2;146;183;220m▀[0m[38;2;127;151;209m[48;2;143;173;215m▀[0m[38;2;128;143;204m[48;2;115;113;200m▀[0m[38;2;122;130;199m[48;2;115;103;192m▀[0m[38;2;97;96;179m[48;2;102;88;180m▀[0m[38;2;87;85;167m[48;2;91;77;168m▀[0m[38;2;83;81;160m[48;2;77;68;149m▀[0m[38;2;83;78;159m[48;2;69;62;137m▀[0m[38;2;95;85;176m[48;2;71;64;138m▀[0m[38;2;81;74;161m[48;2;74;66;148m▀[0m[38;2;76;70;154m[48;2;75;66;151m▀[0m[38;2;69;65;144m[48;2;70;63;145m▀[0m[38;2;57;59;126m[48;2;58;56;125m▀[0m[38;2;50;55;118m[48;2;54;53;121m▀[0m[38;2;48;52;114m[48;2;52;53;120m▀[0m
[38;2;33;39;82m[48;2;38;45;97m▀[0m[38;2;40;46;96m[48;2;39;47;100m▀[0m[38;2;41;47;99m[48;2;39;47;101m▀[0m[38;2;42;50;103m[48;2;38;47;101m▀[0m[38;2;42;51;107m[48;2;38;47;98m▀[0m[38;2;47;54;116m[48;2;40;47;102m▀[0m[38;2;53;57;128m[48;2;44;50;110m▀[0m[38;2;62;62;146m[48;2;52;53;126m▀[0m[38;2;69;64;157m[48;2;58;59;137m▀[0m[38;2;60;57;138m[48;2;56;57;135m▀[0m[38;2;55;55;124m[48;2;60;59;138m▀[0m[38;2;61;64;137m[48;2;58;59;133m▀[0m[38;2;70;75;154m[48;2;65;68;147m▀[0m[38;2;71;91;165m[48;2;67;79;158m▀[0m[38;2;91;128;192m[48;2;73;97;176m▀[0m[38;2;90;134;198m[48;2;78;114;190m▀[0m[38;2;85;131;195m[48;2;72;108;184m▀[0m[38;2;83;130;193m[48;2;72;103;176m▀[0m[38;2;86;136;198m[48;2;77;114;185m▀[0m[38;2;88;142;202m[48;2;83;128;195m▀[0m[38;2;96;164;215m[48;2;123;189;224m▀[0m[38;2;139;223;238m[48;2;139;208;234m▀[0m[38;2;155;232;240m[48;2;151;221;238m▀[0m[38;2;167;238;243m[48;2;140;235;244m▀[0m[38;2;159;241;247m[48;2;195;244;247m▀[0m[38;2;219;246;249m[48;2;249;249;251m▀[0m[38;2;251;250;252m[48;2;251;250;251m▀[0m[38;2;251;250;252m[48;2;250;250;251m▀[0m[38;2;251;251;252m[48;2;235;247;249m▀[0m[38;2;250;250;251m[48;2;242;248;249m▀[0m[38;2;250;250;251m[48;2;243;248;250m▀[0m[38;2;251;251;252m[48;2;251;251;251m▀[0m[38;2;251;251;251m[48;2;251;250;251m▀[0m[38;2;250;251;251m[48;2;245;249;250m▀[0m[38;2;248;249;250m[48;2;234;247;249m▀[0m[38;2;251;251;251m[48;2;228;246;248m▀[0m[38;2;251;250;251m[48;2;244;248;250m▀[0m[38;2;250;250;251m[48;2;251;250;251m▀[0m[38;2;237;247;249m[48;2;251;250;251m▀[0m[38;2;176;242;246m[48;2;224;247;248m▀[0m[38;2;173;243;245m[48;2;162;240;246m▀[0m[38;2;147;244;244m[48;2;167;241;245m▀[0m[38;2;133;239;242m[48;2;141;239;243m▀[0m[38;2;125;225;241m[48;2;126;225;242m▀[0m[38;2;119;196;234m[48;2;104;172;228m▀[0m[38;2;111;166;221m[48;2;106;151;219m▀[0m[38;2;110;156;216m[48;2;100;132;204m▀[0m[38;2;111;152;213m[48;2;102;136;205m▀[0m[38;2;115;157;213m[48;2;95;135;206m▀[0m[38;2;105;137;202m[48;2;95;125;195m▀[0m[38;2;96;111;187m[48;2;90;97;179m▀[0m[38;2;104;102;189m[48;2;97;96;181m▀[0m[38;2;107;96;186m[48;2;91;82;172m▀[0m[38;2;91;78;167m[48;2;74;65;145m▀[0m[38;2;89;74;169m[48;2;90;75;174m▀[0m[38;2;78;66;155m[48;2;83;67;167m▀[0m[38;2;62;58;128m[48;2;58;54;123m▀[0m[38;2;59;56;122m[48;2;54;53;114m▀[0m[38;2;62;57;129m[48;2;49;47;103m▀[0m[38;2;69;61;141m[48;2;53;52;116m▀[0m[38;2;75;66;153m[48;2;65;59;141m▀[0m[38;2;69;61;146m[48;2;68;60;152m▀[0m[38;2;59;54;129m[48;2;65;57;144m▀[0m[38;2;56;55;129m[48;2;56;53;127m▀[0m
[38;2;39;50;111m[48;2;39;57;128m▀[0m[38;2;39;49;108m[48;2;38;52;115m▀[0m[38;2;38;48;105m[48;2;35;49;108m▀[0m[38;2;36;45;96m[48;2;34;46;98m▀[0m[38;2;35;43;91m[48;2;33;41;91m▀[0m[38;2;37;43;93m[48;2;36;42;93m▀[0m[38;2;43;48;106m[48;2;40;45;101m▀[0m[38;2;48;51;119m[48;2;44;48;111m▀[0m[38;2;49;50;118m[48;2;46;49;115m▀[0m[38;2;51;53;121m[48;2;49;50;121m▀[0m[38;2;59;60;145m[48;2;50;52;124m▀[0m[38;2;66;69;159m[48;2;64;70;152m▀[0m[38;2;63;66;150m[48;2;64;74;160m▀[0m[38;2;60;67;146m[48;2;57;66;142m▀[0m[38;2;69;89;170m[48;2;57;70;144m▀[0m[38;2;80;116;194m[48;2;66;86;165m▀[0m[38;2;71;102;179m[48;2;72;95;176m▀[0m[38;2;67;93;166m[48;2;71;94;170m▀[0m[38;2;74;108;180m[48;2;109;151;200m▀[0m[38;2;117;170;213m[48;2;118;169;212m▀[0m[38;2;131;194;224m[48;2;136;184;219m▀[0m[38;2;138;198;227m[48;2;111;172;224m▀[0m[38;2;123;205;236m[48;2;152;222;243m▀[0m[38;2;174;238;246m[48;2;239;248;250m▀[0m[38;2;246;248;250m[48;2;251;248;251m▀[0m[38;2;251;250;251m[48;2;246;249;250m▀[0m[38;2;249;249;250m[48;2;198;243;246m▀[0m[38;2;217;245;247m[48;2;183;242;247m▀[0m[38;2;202;244;245m[48;2;190;243;244m▀[0m[38;2;227;247;248m[48;2;201;244;246m▀[0m[38;2;225;246;249m[48;2;205;244;248m▀[0m[38;2;251;251;251m[48;2;250;250;251m▀[0m[38;2;250;250;251m[48;2;250;250;251m▀[0m[38;2;237;248;249m[48;2;225;247;248m▀[0m[38;2;209;246;248m[48;2;170;244;246m▀[0m[38;2;202;245;247m[48;2;198;244;245m▀[0m[38;2;189;244;247m[48;2;179;241;244m▀[0m[38;2;235;248;249m[48;2;171;241;245m▀[0m[38;2;251;249;251m[48;2;221;246;248m▀[0m[38;2;251;249;251m[48;2;251;249;251m▀[0m[38;2;211;245;247m[48;2;250;250;251m▀[0m[38;2;146;235;244m[48;2;194;241;246m▀[0m[38;2;153;230;241m[48;2;140;220;240m▀[0m[38;2;142;226;239m[48;2;148;216;237m▀[0m[38;2;125;203;232m[48;2;133;205;232m▀[0m[38;2;99;154;216m[48;2;131;203;232m▀[0m[38;2;93;129;201m[48;2;111;167;217m▀[0m[38;2;103;139;208m[48;2;89;134;204m▀[0m[38;2;99;136;203m[48;2;85;122;199m▀[0m[38;2;88;113;189m[48;2;81;101;182m▀[0m[38;2;84;92;174m[48;2;77;85;165m▀[0m[38;2;88;88;172m[48;2;76;77;159m▀[0m[38;2;79;75;158m[48;2;70;69;143m▀[0m[38;2;66;61;137m[48;2;60;57;128m▀[0m[38;2;70;59;144m[48;2;67;59;144m▀[0m[38;2;86;71;175m[48;2;76;62;163m▀[0m[38;2;58;53;125m[48;2;62;55;140m▀[0m[38;2;47;46;103m[48;2;52;49;116m▀[0m[38;2;43;43;91m[48;2;40;42;90m▀[0m[38;2;47;46;101m[48;2;41;42;89m▀[0m[38;2;55;52;119m[48;2;44;43;93m▀[0m[38;2;62;55;138m[48;2;50;48;109m▀[0m[38;2;68;59;153m[48;2;59;54;134m▀[0m[38;2;61;56;138m[48;2;60;56;138m▀[0m
[38;2;37;58;129m[48;2;33;45;105m▀[0m[38;2;41;61;136m[48;2;35;52;117m▀[0m[38;2;37;52;116m[48;2;37;52;119m▀[0m[38;2;33;44;96m[48;2;34;45;103m▀[0m[38;2;33;41;92m[48;2;33;41;92m▀[0m[38;2;33;39;88m[48;2;31;38;87m▀[0m[38;2;37;42;93m[48;2;34;39;87m▀[0m[38;2;38;43;98m[48;2;36;40;89m▀[0m[38;2;42;45;107m[48;2;37;41;93m▀[0m[38;2;43;46;107m[48;2;34;38;81m▀[0m[38;2;46;47;112m[48;2;38;40;92m▀[0m[38;2;46;47;111m[48;2;43;45;108m▀[0m[38;2;53;55;127m[48;2;48;49;118m▀[0m[38;2;56;61;139m[48;2;52;54;125m▀[0m[38;2;57;66;141m[48;2;57;63;139m▀[0m[38;2;63;75;155m[48;2;81;97;169m▀[0m[38;2;74;94;171m[48;2;112;143;193m▀[0m[38;2;112;146;197m[48;2;117;146;198m▀[0m[38;2;118;155;203m[48;2;117;141;202m▀[0m[38;2;137;173;215m[48;2;126;162;213m▀[0m[38;2;109;156;214m[48;2;122;181;230m▀[0m[38;2;136;203;237m[48;2;217;242;248m▀[0m[38;2;231;245;249m[48;2;252;249;251m▀[0m[38;2;251;249;251m[48;2;232;246;249m▀[0m[38;2;239;247;249m[48;2;160;231;243m▀[0m[38;2;179;240;246m[48;2;151;224;240m▀[0m[38;2;162;235;243m[48;2;137;218;239m▀[0m[38;2;167;235;243m[48;2;154;234;241m▀[0m[38;2;166;240;243m[48;2;158;241;242m▀[0m[38;2;186;243;245m[48;2;178;242;243m▀[0m[38;2;185;243;247m[48;2;187;242;245m▀[0m[38;2;249;250;251m[48;2;248;249;251m▀[0m[38;2;251;250;251m[48;2;251;250;250m▀[0m[38;2;212;245;248m[48;2;200;243;248m▀[0m[38;2;151;238;243m[48;2;145;229;241m▀[0m[38;2;184;241;244m[48;2;163;238;242m▀[0m[38;2;176;240;241m[48;2;145;238;242m▀[0m[38;2;158;233;242m[48;2;162;232;240m▀[0m[38;2;157;235;243m[48;2;145;221;237m▀[0m[38;2;205;244;247m[48;2;149;227;240m▀[0m[38;2;249;249;251m[48;2;189;238;247m▀[0m[38;2;248;249;251m[48;2;246;248;250m▀[0m[38;2;176;233;244m[48;2;244;248;250m▀[0m[38;2;135;207;236m[48;2;159;222;242m▀[0m[38;2;140;201;229m[48;2;135;199;230m▀[0m[38;2;134;196;226m[48;2;136;188;220m▀[0m[38;2;128;190;223m[48;2;123;170;213m▀[0m[38;2;116;178;218m[48;2;113;158;208m▀[0m[38;2;86;126;195m[48;2;103;145;195m▀[0m[38;2;76;93;174m[48;2;84;106;170m▀[0m[38;2;73;79;160m[48;2;63;67;142m▀[0m[38;2;66;67;144m[48;2;59;58;130m▀[0m[38;2;60;59;130m[48;2;58;54;126m▀[0m[38;2;57;54;123m[48;2;57;51;124m▀[0m[38;2;63;55;139m[48;2;67;58;150m▀[0m[38;2;69;57;158m[48;2;65;55;151m▀[0m[38;2;56;50;133m[48;2;44;43;102m▀[0m[38;2;49;47;111m[48;2;41;42;93m▀[0m[38;2;41;43;93m[48;2;42;43;95m▀[0m[38;2;39;41;88m[48;2;38;41;89m▀[0m[38;2;38;40;85m[48;2;39;41;89m▀[0m[38;2;43;43;95m[48;2;39;41;89m▀[0m[38;2;50;48;113m[48;2;43;43;98m▀[0m[38;2;52;51;122m[48;2;47;47;110m▀[0m
[38;2;30;38;87m[48;2;29;35;81m▀[0m[38;2;31;41;92m[48;2;30;36;80m▀[0m[38;2;33;46;103m[48;2;29;37;83m▀[0m[38;2;33;46;106m[48;2;29;37;84m▀[0m[38;2;32;43;100m[48;2;29;37;85m▀[0m[38;2;35;45;106m[48;2;31;38;89m▀[0m[38;2;36;42;102m[48;2;30;37;87m▀[0m[38;2;36;41;98m[48;2;35;40;97m▀[0m[38;2;37;41;96m[48;2;39;42;103m▀[0m[38;2;36;39;87m[48;2;43;45;108m▀[0m[38;2;38;39;88m[48;2;47;47;119m▀[0m[38;2;45;44;108m[48;2;52;52;129m▀[0m[38;2;47;47;114m[48;2;58;64;138m▀[0m[38;2;52;56;127m[48;2;94;118;171m▀[0m[38;2;88;109;167m[48;2;98;127;178m▀[0m[38;2;107;134;186m[48;2;100;114;182m▀[0m[38;2;117;137;197m[48;2;101;102;194m▀[0m[38;2;112;124;195m[48;2;115;126;201m▀[0m[38;2;120;144;204m[48;2;112;154;214m▀[0m[38;2;113;163;220m[48;2;180;222;243m▀[0m[38;2;200;234;247m[48;2;249;249;250m▀[0m[38;2;252;249;251m[48;2;205;238;246m▀[0m[38;2;220;243;248m[48;2;134;201;235m▀[0m[38;2;148;218;241m[48;2;141;198;230m▀[0m[38;2;144;209;234m[48;2;119;185;225m▀[0m[38;2;126;200;231m[48;2;134;207;230m▀[0m[38;2;143;223;238m[48;2;122;199;231m▀[0m[38;2;139;235;242m[48;2;112;196;234m▀[0m[38;2;145;235;241m[48;2;139;216;237m▀[0m[38;2;171;239;242m[48;2;159;231;241m▀[0m[38;2;183;241;244m[48;2;173;239;245m▀[0m[38;2;246;249;251m[48;2;242;249;250m▀[0m[38;2;251;249;251m[48;2;251;249;251m▀[0m[38;2;189;241;247m[48;2;175;235;246m▀[0m[38;2;141;220;239m[48;2;134;209;236m▀[0m[38;2;157;232;241m[48;2;150;225;238m▀[0m[38;2;114;209;237m[48;2;96;174;222m▀[0m[38;2;114;195;232m[48;2;80;142;206m▀[0m[38;2;151;220;236m[48;2;88;148;208m▀[0m[38;2;133;203;231m[48;2;140;204;228m▀[0m[38;2;141;214;237m[48;2;126;191;225m▀[0m[38;2;171;231;244m[48;2;134;203;231m▀[0m[38;2;239;247;250m[48;2;156;222;242m▀[0m[38;2;238;246;249m[48;2;230;246;248m▀[0m[38;2;138;204;236m[48;2;225;244;248m▀[0m[38;2;119;171;218m[48;2;116;181;225m▀[0m[38;2;121;161;208m[48;2;102;142;200m▀[0m[38;2;105;138;191m[48;2;104;135;188m▀[0m[38;2;99;125;180m[48;2;93;119;176m▀[0m[38;2;94;120;180m[48;2;101;123;178m▀[0m[38;2;88;105;166m[48;2;99;123;180m▀[0m[38;2;66;61;145m[48;2;94;113;172m▀[0m[38;2;66;58;145m[48;2;58;55;137m▀[0m[38;2;64;56;143m[48;2;55;50;130m▀[0m[38;2;60;52;142m[48;2;48;46;113m▀[0m[38;2;49;46;120m[48;2;44;44;105m▀[0m[38;2;42;42;96m[48;2;42;42;96m▀[0m[38;2;39;40;91m[48;2;39;41;92m▀[0m[38;2;41;42;92m[48;2;36;38;86m▀[0m[38;2;46;47;102m[48;2;42;44;96m▀[0m[38;2;42;43;99m[48;2;39;41;95m▀[0m[38;2;40;43;94m[48;2;37;40;90m▀[0m[38;2;40;42;96m[48;2;37;40;91m▀[0m[38;2;39;41;95m[48;2;33;38;85m▀[0m
[38;2;28;34;77m[48;2;28;33;76m▀[0m[38;2;28;34;77m[48;2;28;34;79m▀[0m[38;2;29;35;78m[48;2;27;32;75m▀[0m[38;2;27;34;76m[48;2;26;31;68m▀[0m[38;2;28;33;76m[48;2;24;29;61m▀[0m[38;2;27;33;71m[48;2;24;27;55m▀[0m[38;2;28;33;71m[48;2;25;28;56m▀[0m[38;2;28;33;73m[48;2;25;29;58m▀[0m[38;2;32;36;83m[48;2;28;31;65m▀[0m[38;2;38;41;97m[48;2;32;34;78m▀[0m[38;2;43;44;105m[48;2;40;41;99m▀[0m[38;2;49;54;116m[48;2;43;46;104m▀[0m[38;2;94;122;168m[48;2;73;99;149m▀[0m[38;2;94;120;171m[48;2;68;79;144m▀[0m[38;2;83;90;169m[48;2;67;65;152m▀[0m[38;2;81;77;172m[48;2;91;94;180m▀[0m[38;2;103;109;189m[48;2;114;142;200m▀[0m[38;2;116;148;207m[48;2;135;185;226m▀[0m[38;2;158;206;237m[48;2;235;247;249m▀[0m[38;2;245;250;250m[48;2;174;220;242m▀[0m[38;2;189;230;244m[48;2;120;173;221m▀[0m[38;2;124;184;227m[48;2;116;156;206m▀[0m[38;2;128;175;218m[48;2;126;176;214m▀[0m[38;2;126;181;221m[48;2;128;183;219m▀[0m[38;2;132;197;224m[48;2;118;172;214m▀[0m[38;2;129;194;227m[48;2;140;193;222m▀[0m[38;2;112;174;223m[48;2;150;203;228m▀[0m[38;2;100;157;218m[48;2;98;147;205m▀[0m[38;2;135;199;231m[48;2;128;183;221m▀[0m[38;2;151;219;237m[48;2;143;209;231m▀[0m[38;2;162;233;243m[48;2;153;225;241m▀[0m[38;2;238;248;250m[48;2;232;247;250m▀[0m[38;2;251;250;251m[48;2;248;249;251m▀[0m[38;2;158;227;243m[48;2;145;218;240m▀[0m[38;2;125;199;231m[48;2;128;197;228m▀[0m[38;2;141;215;233m[48;2;133;207;229m▀[0m[38;2;85;157;209m[48;2;80;143;200m▀[0m[38;2;67;119;189m[48;2;63;108;180m▀[0m[38;2;65;112;183m[48;2;61;104;175m▀[0m[38;2;77;129;197m[48;2;66;110;184m▀[0m[38;2;125;181;221m[48;2;72;113;190m▀[0m[38;2;121;181;219m[48;2;104;150;205m▀[0m[38;2;128;192;225m[48;2;112;162;208m▀[0m[38;2;140;210;238m[48;2;128;181;217m▀[0m[38;2;217;242;248m[48;2;120;186;226m▀[0m[38;2;210;238;247m[48;2;199;235;245m▀[0m[38;2;94;150;208m[48;2;186;227;242m▀[0m[38;2;97;130;187m[48;2;76;126;189m▀[0m[38;2;82;99;166m[48;2;93;121;177m▀[0m[38;2;95;120;173m[48;2;56;67;135m▀[0m[38;2;85;110;164m[48;2;86;111;158m▀[0m[38;2;93;123;172m[48;2;69;90;145m▀[0m[38;2;95;124;172m[48;2;95;130;169m▀[0m[38;2;47;51;114m[48;2;42;46;108m▀[0m[38;2;45;44;110m[48;2;42;44;105m▀[0m[38;2;43;43;105m[48;2;41;43;103m▀[0m[38;2;42;43;101m[48;2;39;39;96m▀[0m[38;2;39;41;94m[48;2;35;39;87m▀[0m[38;2;48;48;104m[48;2;37;40;88m▀[0m[38;2;38;40;92m[48;2;33;38;83m▀[0m[38;2;35;38;86m[48;2;32;37;81m▀[0m[38;2;35;39;90m[48;2;34;39;87m▀[0m[38;2;35;38;88m[48;2;32;35;82m▀[0m[38;2;31;36;80m[48;2;29;35;78m▀[0m
[38;2;27;32;73m[48;2;26;30;71m▀[0m[38;2;26;33;76m[48;2;26;33;73m▀[0m[38;2;27;34;77m[48;2;26;33;74m▀[0m[38;2;25;29;63m[48;2;25;31;69m▀[0m[38;2;24;28;57m[48;2;25;29;61m▀[0m[38;2;24;27;53m[48;2;24;27;57m▀[0m[38;2;24;27;53m[48;2;27;29;59m▀[0m[38;2;25;28;54m[48;2;25;28;56m▀[0m[38;2;26;29;59m[48;2;26;29;60m▀[0m[38;2;32;35;77m[48;2;31;35;77m▀[0m[38;2;38;41;94m[48;2;35;40;88m▀[0m[38;2;39;44;98m[48;2;57;76;122m▀[0m[38;2;80;107;151m[48;2;61;81;129m▀[0m[38;2;50;54;121m[48;2;51;61;121m▀[0m[38;2;69;76;150m[48;2;98;131;178m▀[0m[38;2;107;138;191m[48;2;93;144;198m▀[0m[38;2;115;165;214m[48;2;198;236;245m▀[0m[38;2;217;242;246m[48;2;135;189;225m▀[0m[38;2;157;207;235m[48;2;101;142;200m▀[0m[38;2;114;161;212m[48;2;96;123;183m▀[0m[38;2;103;135;191m[48;2;118;159;200m▀[0m[38;2;127;173;210m[48;2;116;152;201m▀[0m[38;2;120;166;208m[48;2;122;164;208m▀[0m[38;2;121;168;211m[48;2;112;140;198m▀[0m[38;2;109;145;204m[48;2;101;128;195m▀[0m[38;2;104;143;205m[48;2;99;137;202m▀[0m[38;2;88;129;197m[48;2;87;122;195m▀[0m[38;2;79;117;188m[48;2;82;118;189m▀[0m[38;2;116;168;213m[48;2;114;160;209m▀[0m[38;2;128;189;222m[48;2;124;178;217m▀[0m[38;2;144;216;238m[48;2;138;207;235m▀[0m[38;2;224;245;249m[48;2;216;243;249m▀[0m[38;2;245;249;250m[48;2;241;248;249m▀[0m[38;2;139;211;238m[48;2;132;203;235m▀[0m[38;2;124;189;220m[48;2;119;182;214m▀[0m[38;2;129;198;223m[48;2;123;185;215m▀[0m[38;2;75;135;192m[48;2;77;134;194m▀[0m[38;2;59;100;174m[48;2;59;99;174m▀[0m[38;2;56;94;167m[48;2;55;90;164m▀[0m[38;2;58;92;166m[48;2;57;87;162m▀[0m[38;2;62;98;175m[48;2;58;82;158m▀[0m[38;2;65;94;172m[48;2;59;75;152m▀[0m[38;2;90;119;186m[48;2;62;72;151m▀[0m[38;2;100;137;194m[48;2;89;111;174m▀[0m[38;2;109;150;200m[48;2;83;110;175m▀[0m[38;2;95;153;209m[48;2;101;141;191m▀[0m[38;2;175;223;241m[48;2;74;125;187m▀[0m[38;2;159;212;233m[48;2;152;210;232m▀[0m[38;2;64;106;169m[48;2;128;189;219m▀[0m[38;2;84;113;165m[48;2;56;91;152m▀[0m[38;2;47;62;125m[48;2;73;101;150m▀[0m[38;2;93;132;170m[48;2;69;98;142m▀[0m[38;2;57;78;127m[48;2;51;71;119m▀[0m[38;2;37;41;93m[48;2;35;41;88m▀[0m[38;2;37;41;90m[48;2;32;37;78m▀[0m[38;2;36;39;86m[48;2;30;34;71m▀[0m[38;2;32;35;76m[48;2;31;34;71m▀[0m[38;2;30;34;71m[48;2;31;35;72m▀[0m[38;2;31;35;75m[48;2;31;35;75m▀[0m[38;2;34;39;87m[48;2;35;40;89m▀[0m[38;2;32;38;83m[48;2;30;36;81m▀[0m[38;2;30;36;79m[48;2;30;35;79m▀[0m[38;2;31;37;86m[48;2;28;34;79m▀[0m[38;2;26;33;74m[48;2;27;33;74m▀[0m
[38;2;23;29;63m[48;2;22;26;58m▀[0m[38;2;25;32;69m[48;2;26;31;68m▀[0m[38;2;26;33;75m[48;2;26;33;73m▀[0m[38;2;25;32;71m[48;2;25;32;71m▀[0m[38;2;25;30;66m[48;2;27;32;72m▀[0m[38;2;25;29;64m[48;2;26;31;69m▀[0m[38;2;24;28;60m[48;2;26;31;67m▀[0m[38;2;26;29;60m[48;2;26;31;65m▀[0m[38;2;27;31;66m[48;2;29;34;72m▀[0m[38;2;31;37;80m[48;2;32;40;83m▀[0m[38;2;35;45;92m[48;2;59;84;126m▀[0m[38;2;75;106;145m[48;2;50;77;122m▀[0m[38;2;40;56;107m[48;2;76;112;151m▀[0m[38;2;88;122;165m[48;2;62;110;164m▀[0m[38;2;75;125;179m[48;2;142;208;229m▀[0m[38;2;171;225;239m[48;2;96;152;202m▀[0m[38;2;115;171;215m[48;2;79;103;173m▀[0m[38;2;84;117;182m[48;2;99;126;179m▀[0m[38;2;93;119;174m[48;2;94;118;174m▀[0m[38;2;106;137;186m[48;2;115;145;192m▀[0m[38;2;117;150;197m[48;2;87;93;175m▀[0m[38;2;115;146;200m[48;2;127;156;205m▀[0m[38;2;113;141;198m[48;2;116;133;196m▀[0m[38;2;106;123;192m[48;2;103;110;186m▀[0m[38;2;100;125;190m[48;2;84;108;184m▀[0m[38;2;89;127;201m[48;2;83;121;196m▀[0m[38;2;100;133;208m[48;2;88;123;200m▀[0m[38;2;96;129;203m[48;2;92;121;196m▀[0m[38;2;114;156;208m[48;2;112;151;204m▀[0m[38;2;121;172;212m[48;2;120;168;211m▀[0m[38;2;133;199;230m[48;2;126;189;227m▀[0m[38;2;207;240;248m[48;2;199;237;247m▀[0m[38;2;234;247;249m[48;2;227;245;248m▀[0m[38;2;122;192;229m[48;2;110;177;222m▀[0m[38;2;121;175;211m[48;2;83;123;184m▀[0m[38;2;85;139;194m[48;2;118;168;207m▀[0m[38;2;76;127;188m[48;2;66;98;163m▀[0m[38;2;56;88;165m[48;2;54;69;143m▀[0m[38;2;56;80;158m[48;2;55;64;139m▀[0m[38;2;58;73;152m[48;2;58;62;144m▀[0m[38;2;56;64;142m[48;2;54;58;134m▀[0m[38;2;53;59;130m[48;2;48;51;115m▀[0m[38;2;53;58;126m[48;2;49;51;116m▀[0m[38;2;55;59;132m[48;2;48;50;115m▀[0m[38;2;92;121;172m[48;2;50;56;123m▀[0m[38;2;69;93;156m[48;2;90;122;168m▀[0m[38;2;87;125;172m[48;2;59;88;142m▀[0m[38;2;60;102;166m[48;2;73;108;156m▀[0m[38;2;129;192;224m[48;2;48;83;145m▀[0m[38;2;106;164;202m[48;2;108;173;209m▀[0m[38;2;53;87;141m[48;2;81;137;182m▀[0m[38;2;61;89;133m[48;2;55;88;138m▀[0m[38;2;73;112;148m[48;2;62;100;139m▀[0m[38;2;33;45;88m[48;2;55;89;126m▀[0m[38;2;30;36;72m[48;2;28;39;76m▀[0m[38;2;29;34;70m[48;2;27;33;69m▀[0m[38;2;28;32;68m[48;2;26;31;64m▀[0m[38;2;28;32;70m[48;2;25;31;66m▀[0m[38;2;28;33;72m[48;2;25;32;68m▀[0m[38;2;33;39;82m[48;2;27;33;72m▀[0m[38;2;30;36;80m[48;2;29;34;76m▀[0m[38;2;29;35;78m[48;2;27;34;76m▀[0m[38;2;27;34;75m[48;2;27;34;75m▀[0m[38;2;27;33;74m[48;2;26;33;73m▀[0m
[38;2;20;24;51m[48;2;18;21;43m▀[0m[38;2;21;25;56m[48;2;18;21;44m▀[0m[38;2;24;30;66m[48;2;21;25;52m▀[0m[38;2;23;29;66m[48;2;23;28;61m▀[0m[38;2;25;31;69m[48;2;23;27;61m▀[0m[38;2;26;31;69m[48;2;23;28;63m▀[0m[38;2;26;30;70m[48;2;26;31;67m▀[0m[38;2;27;33;73m[48;2;26;33;70m▀[0m[38;2;29;36;77m[48;2;29;42;82m▀[0m[38;2;33;48;91m[48;2;61;99;134m▀[0m[38;2;73;112;148m[48;2;64;109;146m▀[0m[38;2;66;102;142m[48;2;60;109;153m▀[0m[38;2;60;107;156m[48;2;90;159;198m▀[0m[38;2;115;185;215m[48;2;58;109;158m▀[0m[38;2;76;131;182m[48;2;39;61;115m▀[0m[38;2;66;86;155m[48;2;69;87;140m▀[0m[38;2;111;138;187m[48;2;97;128;174m▀[0m[38;2;92;117;171m[48;2;94;114;169m▀[0m[38;2;111;142;187m[48;2;71;73;153m▀[0m[38;2;73;84;152m[48;2;67;61;144m▀[0m[38;2;83;75;169m[48;2;93;80;181m▀[0m[38;2;89;83;179m[48;2;104;91;192m▀[0m[38;2;94;92;179m[48;2;86;81;172m▀[0m[38;2;94;100;180m[48;2;82;89;176m▀[0m[38;2;78;95;176m[48;2;79;95;177m▀[0m[38;2;78;108;186m[48;2;73;87;169m▀[0m[38;2;86;114;194m[48;2;81;89;174m▀[0m[38;2;91;109;191m[48;2;95;96;182m▀[0m[38;2;130;160;208m[48;2;103;108;192m▀[0m[38;2;119;164;211m[48;2;120;159;208m▀[0m[38;2;121;182;221m[48;2;119;175;217m▀[0m[38;2;189;231;246m[48;2;178;225;243m▀[0m[38;2;219;242;248m[48;2;208;240;247m▀[0m[38;2;103;167;217m[48;2;99;160;213m▀[0m[38;2;81;113;176m[48;2;77;108;171m▀[0m[38;2;63;82;155m[48;2;59;69;144m▀[0m[38;2;56;66;140m[48;2;57;61;136m▀[0m[38;2;56;62;140m[48;2;53;58;133m▀[0m[38;2;55;58;136m[48;2;48;53;126m▀[0m[38;2;48;52;121m[48;2;42;48;108m▀[0m[38;2;47;50;118m[48;2;41;45;105m▀[0m[38;2;46;48;114m[48;2;43;45;109m▀[0m[38;2;45;46;113m[48;2;45;46;116m▀[0m[38;2;49;47;118m[48;2;47;47;122m▀[0m[38;2;49;49;125m[48;2;48;48;126m▀[0m[38;2;48;60;120m[48;2;36;40;93m▀[0m[38;2;79;108;147m[48;2;32;38;81m▀[0m[38;2;86;123;156m[48;2;32;40;83m▀[0m[38;2;74;109;148m[48;2;31;44;88m▀[0m[38;2;58;98;148m[48;2;48;73;114m▀[0m[38;2;85;149;194m[48;2;65;109;148m▀[0m[38;2;58;109;158m[48;2;72;138;183m▀[0m[38;2;59;97;140m[48;2;43;93;141m▀[0m[38;2;76;125;157m[48;2;65;113;152m▀[0m[38;2;28;49;89m[48;2;63;108;139m▀[0m[38;2;25;36;72m[48;2;25;42;77m▀[0m[38;2;25;31;66m[48;2;25;34;67m▀[0m[38;2;24;30;63m[48;2;23;29;62m▀[0m[38;2;24;30;64m[48;2;24;29;63m▀[0m[38;2;25;32;68m[48;2;24;30;66m▀[0m[38;2;26;33;73m[48;2;26;32;71m▀[0m[38;2;27;34;76m[48;2;25;33;74m▀[0m[38;2;26;33;76m[48;2;25;32;73m▀[0m[38;2;25;32;71m[48;2;24;31;71m▀[0m
[38;2;18;19;42m[48;2;20;22;46m▀[0m[38;2;19;21;44m[48;2;18;20;43m▀[0m[38;2;21;23;48m[48;2;19;21;45m▀[0m[38;2;21;24;54m[48;2;20;23;47m▀[0m[38;2;23;27;56m[48;2;21;25;53m▀[0m[38;2;23;27;57m[48;2;23;27;56m▀[0m[38;2;24;29;62m[48;2;23;32;63m▀[0m[38;2;26;36;70m[48;2;26;46;81m▀[0m[38;2;30;56;94m[48;2;67;119;149m▀[0m[38;2;80;136;164m[48;2;72;136;166m▀[0m[38;2;64;118;154m[48;2;65;132;172m▀[0m[38;2;73;138;182m[48;2;40;85;130m▀[0m[38;2;46;94;143m[48;2;30;50;92m▀[0m[38;2;32;52;99m[48;2;31;42;83m▀[0m[38;2;34;44;89m[48;2;32;38;78m▀[0m[38;2;40;46;98m[48;2;33;39;82m▀[0m[38;2;49;54;118m[48;2;40;43;90m▀[0m[38;2;59;58;132m[48;2;48;46;105m▀[0m[38;2;81;72;162m[48;2;61;55;134m▀[0m[38;2;75;65;157m[48;2;68;59;145m▀[0m[38;2;90;75;181m[48;2;95;80;187m▀[0m[38;2;102;87;191m[48;2;101;87;193m▀[0m[38;2;88;81;175m[48;2;97;85;188m▀[0m[38;2;82;89;177m[48;2;82;79;172m▀[0m[38;2;82;95;181m[48;2;84;82;174m▀[0m[38;2;78;81;167m[48;2;90;84;178m▀[0m[38;2;86;84;174m[48;2;96;88;181m▀[0m[38;2;89;85;176m[48;2;90;86;177m▀[0m[38;2;85;87;174m[48;2;81;82;168m▀[0m[38;2;116;154;204m[48;2;123;154;203m▀[0m[38;2;118;171;213m[48;2;103;143;199m▀[0m[38;2;167;217;241m[48;2;154;209;236m▀[0m[38;2;199;235;245m[48;2;188;229;243m▀[0m[38;2;96;154;208m[48;2;87;137;195m▀[0m[38;2;75;104;167m[48;2;77;99;163m▀[0m[38;2;55;63;137m[48;2;53;60;129m▀[0m[38;2;50;56;125m[48;2;47;52;115m▀[0m[38;2;44;50;114m[48;2;41;48;103m▀[0m[38;2;41;47;106m[48;2;39;45;101m▀[0m[38;2;40;46;105m[48;2;38;44;99m▀[0m[38;2;40;45;104m[48;2;37;43;97m▀[0m[38;2;40;44;103m[48;2;36;42;96m▀[0m[38;2;43;45;112m[48;2;38;41;99m▀[0m[38;2;47;47;122m[48;2;37;42;101m▀[0m[38;2;40;43;105m[48;2;33;38;88m▀[0m[38;2;32;36;78m[48;2;28;33;71m▀[0m[38;2;30;34;72m[48;2;27;31;68m▀[0m[38;2;29;34;73m[48;2;27;31;69m▀[0m[38;2;27;34;70m[48;2;23;30;66m▀[0m[38;2;28;36;76m[48;2;25;31;68m▀[0m[38;2;28;44;85m[48;2;26;34;71m▀[0m[38;2;28;59;103m[48;2;25;39;77m▀[0m[38;2;56;118;162m[48;2;25;55;96m▀[0m[38;2;42;96;141m[48;2;64;129;164m▀[0m[38;2;83;143;172m[48;2;48;112;152m▀[0m[38;2;27;61;98m[48;2;71;131;158m▀[0m[38;2;22;37;69m[48;2;20;47;81m▀[0m[38;2;23;30;61m[48;2;22;33;63m▀[0m[38;2;24;29;61m[48;2;22;27;57m▀[0m[38;2;23;28;63m[48;2;21;26;56m▀[0m[38;2;23;29;65m[48;2;21;26;57m▀[0m[38;2;23;30;68m[48;2;20;26;60m▀[0m[38;2;23;30;67m[48;2;22;28;61m▀[0m[38;2;22;29;65m[48;2;21;27;59m▀[0m
[38;2;19;21;46m[48;2;17;19;43m▀[0m[38;2;22;24;48m[48;2;19;20;45m▀[0m[38;2;19;21;45m[48;2;20;21;47m▀[0m[38;2;19;22;45m[48;2;19;22;47m▀[0m[38;2;19;23;49m[48;2;18;23;47m▀[0m[38;2;22;29;57m[48;2;19;31;59m▀[0m[38;2;23;38;71m[48;2;22;51;81m▀[0m[38;2;32;73;107m[48;2;80;151;174m▀[0m[38;2;97;170;190m[48;2;89;167;188m▀[0m[38;2;73;144;173m[48;2;37;86;121m▀[0m[38;2;38;84;123m[48;2;24;46;83m▀[0m[38;2;26;47;86m[48;2;27;38;74m▀[0m[38;2;27;37;73m[48;2;27;34;69m▀[0m[38;2;27;34;71m[48;2;25;31;66m▀[0m[38;2;29;34;71m[48;2;28;33;68m▀[0m[38;2;32;36;77m[48;2;31;36;77m▀[0m[38;2;35;38;81m[48;2;40;43;91m▀[0m[38;2;35;38;81m[48;2;34;37;79m▀[0m[38;2;52;49;115m[48;2;43;43;96m▀[0m[38;2;67;61;147m[48;2;67;63;146m▀[0m[38;2;97;85;189m[48;2;75;69;167m▀[0m[38;2;97;84;193m[48;2;108;99;200m▀[0m[38;2;93;85;191m[48;2;104;101;204m▀[0m[38;2;87;85;186m[48;2;84;87;190m▀[0m[38;2;80;76;173m[48;2;72;76;169m▀[0m[38;2;71;67;153m[48;2;61;66;149m▀[0m[38;2;71;70;155m[48;2;58;67;146m▀[0m[38;2;78;77;165m[48;2;61;72;152m▀[0m[38;2;86;86;175m[48;2;59;66;139m▀[0m[38;2;79;88;172m[48;2;69;79;155m▀[0m[38;2;75;106;180m[48;2;70;97;170m▀[0m[38;2;142;200;232m[48;2;126;189;225m▀[0m[38;2;172;221;240m[48;2;155;210;236m▀[0m[38;2;67;108;175m[48;2;60;97;162m▀[0m[38;2;56;72;140m[48;2;51;66;130m▀[0m[38;2;50;57;122m[48;2;47;54;112m▀[0m[38;2;43;49;103m[48;2;43;49;102m▀[0m[38;2;41;45;96m[48;2;43;46;96m▀[0m[38;2;39;44;95m[48;2;40;43;91m▀[0m[38;2;37;42;92m[48;2;37;41;89m▀[0m[38;2;36;43;94m[48;2;37;42;93m▀[0m[38;2;35;40;92m[48;2;36;41;95m▀[0m[38;2;32;38;87m[48;2;32;38;86m▀[0m[38;2;30;37;82m[48;2;29;35;76m▀[0m[38;2;29;34;75m[48;2;27;31;70m▀[0m[38;2;26;31;69m[48;2;25;29;65m▀[0m[38;2;25;30;66m[48;2;25;28;61m▀[0m[38;2;25;30;65m[48;2;24;27;59m▀[0m[38;2;23;29;64m[48;2;23;28;59m▀[0m[38;2;24;29;64m[48;2;22;27;58m▀[0m[38;2;24;30;64m[48;2;22;27;56m▀[0m[38;2;25;33;66m[48;2;20;27;55m▀[0m[38;2;22;37;67m[48;2;20;29;55m▀[0m[38;2;23;57;90m[48;2;18;38;65m▀[0m[38;2;74;143;170m[48;2;23;61;93m▀[0m[38;2;79;153;179m[48;2;82;156;177m▀[0m[38;2;33;81;114m[48;2;87;164;185m▀[0m[38;2;19;41;71m[48;2;18;58;89m▀[0m[38;2;20;29;58m[48;2;17;35;63m▀[0m[38;2;20;26;54m[48;2;18;26;52m▀[0m[38;2;19;25;54m[48;2;20;24;52m▀[0m[38;2;20;25;54m[48;2;19;23;50m▀[0m[38;2;20;24;56m[48;2;18;23;50m▀[0m[38;2;20;26;55m[48;2;18;23;50m▀[0m
[38;2;18;19;43m[48;2;19;19;45m▀[0m[38;2;22;23;47m[48;2;20;22;47m▀[0m[38;2;19;21;46m[48;2;19;22;47m▀[0m[38;2;23;26;52m[48;2;19;22;48m▀[0m[38;2;19;26;51m[48;2;18;26;52m▀[0m[38;2;17;37;64m[48;2;16;41;68m▀[0m[38;2;38;93;122m[48;2;74;134;157m▀[0m[38;2;121;200;209m[48;2;35;87;117m▀[0m[38;2;36;91;122m[48;2;22;46;79m▀[0m[38;2;23;47;81m[48;2;23;36;67m▀[0m[38;2;26;37;73m[48;2;25;31;66m▀[0m[38;2;26;34;69m[48;2;28;34;71m▀[0m[38;2;29;33;70m[48;2;27;33;74m▀[0m[38;2;26;31;65m[48;2;24;30;63m▀[0m[38;2;26;31;66m[48;2;29;31;65m▀[0m[38;2;31;36;75m[48;2;31;34;71m▀[0m[38;2;45;47;90m[48;2;31;35;74m▀[0m[38;2;35;38;80m[48;2;37;40;86m▀[0m[38;2;37;39;86m[48;2;40;44;95m▀[0m[38;2;46;45;105m[48;2;46;47;106m▀[0m[38;2;58;58;136m[48;2;54;56;130m▀[0m[38;2;69;73;166m[48;2;62;65;148m▀[0m[38;2;68;78;171m[48;2;53;59;134m▀[0m[38;2;70;80;174m[48;2;57;64;146m▀[0m[38;2;70;81;174m[48;2;71;81;178m▀[0m[38;2;64;72;158m[48;2;71;76;171m▀[0m[38;2;60;67;146m[48;2;60;64;145m▀[0m[38;2;55;64;135m[48;2;53;59;129m▀[0m[38;2;49;57;118m[48;2;45;55;115m▀[0m[38;2;52;65;130m[48;2;47;62;123m▀[0m[38;2;56;85;153m[48;2;51;79;143m▀[0m[38;2;110;175;217m[48;2;95;160;207m▀[0m[38;2;140;200;230m[48;2;122;189;221m▀[0m[38;2;54;91;156m[48;2;48;83;147m▀[0m[38;2;49;63;124m[48;2;48;62;121m▀[0m[38;2;45;52;107m[48;2;44;51;105m▀[0m[38;2;42;48;100m[48;2;40;46;94m▀[0m[38;2;40;44;94m[48;2;39;43;89m▀[0m[38;2;38;42;89m[48;2;43;46;93m▀[0m[38;2;38;42;93m[48;2;37;41;87m▀[0m[38;2;36;41;95m[48;2;35;40;89m▀[0m[38;2;34;39;90m[48;2;32;38;87m▀[0m[38;2;31;36;81m[48;2;26;31;70m▀[0m[38;2;26;32;70m[48;2;24;27;58m▀[0m[38;2;24;29;62m[48;2;22;25;51m▀[0m[38;2;23;27;57m[48;2;21;24;48m▀[0m[38;2;23;26;55m[48;2;21;23;49m▀[0m[38;2;23;27;57m[48;2;21;24;51m▀[0m[38;2;21;27;57m[48;2;21;25;51m▀[0m[38;2;20;24;52m[48;2;20;23;46m▀[0m[38;2;20;24;50m[48;2;20;22;45m▀[0m[38;2;19;23;47m[48;2;19;21;43m▀[0m[38;2;18;24;48m[48;2;19;21;44m▀[0m[38;2;20;28;55m[48;2;20;23;46m▀[0m[38;2;19;38;66m[48;2;18;27;51m▀[0m[38;2;20;67;99m[48;2;17;38;65m▀[0m[38;2;107;180;195m[48;2;21;64;95m▀[0m[38;2;51;112;138m[48;2;65;126;150m▀[0m[38;2;15;41;68m[48;2;14;43;69m▀[0m[38;2;17;27;52m[48;2;16;27;49m▀[0m[38;2;18;22;47m[48;2;17;22;44m▀[0m[38;2;18;23;47m[48;2;17;21;42m▀[0m[38;2;19;23;47m[48;2;18;20;41m▀[0m[38;2;18;23;46m[48;2;16;21;39m▀[0m
[38;2;20;22;48m[48;2;32;32;61m▀[0m[38;2;20;21;50m[48;2;19;21;49m▀[0m[38;2;19;22;49m[48;2;18;21;48m▀[0m[38;2;18;21;48m[48;2;18;21;49m▀[0m[38;2;18;25;51m[48;2;17;22;47m▀[0m[38;2;17;31;57m[48;2;17;23;48m▀[0m[38;2;18;43;69m[48;2;17;25;50m▀[0m[38;2;19;40;68m[48;2;18;26;51m▀[0m[38;2;22;33;63m[48;2;19;26;55m▀[0m[38;2;23;31;65m[48;2;25;31;63m▀[0m[38;2;25;32;72m[48;2;25;32;73m▀[0m[38;2;27;32;72m[48;2;29;35;79m▀[0m[38;2;27;33;73m[48;2;25;31;71m▀[0m[38;2;27;31;68m[48;2;25;31;68m▀[0m[38;2;45;48;89m[48;2;33;39;94m▀[0m[38;2;34;38;78m[48;2;38;45;111m▀[0m[38;2;32;37;82m[48;2;33;39;92m▀[0m[38;2;44;49;111m[48;2;39;45;108m▀[0m[38;2;38;44;99m[48;2;35;41;92m▀[0m[38;2;41;45;102m[48;2;37;42;94m▀[0m[38;2;46;49;110m[48;2;42;46;101m▀[0m[38;2;49;53;118m[48;2;47;49;110m▀[0m[38;2;50;54;121m[48;2;49;52;114m▀[0m[38;2;51;56;126m[48;2;48;53;114m▀[0m[38;2;63;67;155m[48;2;50;54;121m▀[0m[38;2;66;69;160m[48;2;53;57;130m▀[0m[38;2;59;63;143m[48;2;56;63;143m▀[0m[38;2;52;58;128m[48;2;51;56;127m▀[0m[38;2;46;55;119m[48;2;46;55;120m▀[0m[38;2;48;65;132m[48;2;49;65;131m▀[0m[38;2;48;74;137m[48;2;47;72;136m▀[0m[38;2;83;144;195m[48;2;71;128;184m▀[0m[38;2;107;175;213m[48;2;92;161;202m▀[0m[38;2;44;77;137m[48;2;41;69;126m▀[0m[38;2;44;58;115m[48;2;38;51;102m▀[0m[38;2;41;49;99m[48;2;38;46;95m▀[0m[38;2;40;46;94m[48;2;37;44;92m▀[0m[38;2;38;43;88m[48;2;37;42;88m▀[0m[38;2;36;40;84m[48;2;35;39;83m▀[0m[38;2;35;40;86m[48;2;33;39;84m▀[0m[38;2;34;39;87m[48;2;33;40;93m▀[0m[38;2;30;37;85m[48;2;29;35;78m▀[0m[38;2;24;28;59m[48;2;23;27;55m▀[0m[38;2;22;24;49m[48;2;21;24;49m▀[0m[38;2;22;23;47m[48;2;21;22;47m▀[0m[38;2;22;23;47m[48;2;22;23;48m▀[0m[38;2;21;23;47m[48;2;21;24;49m▀[0m[38;2;22;24;50m[48;2;22;25;52m▀[0m[38;2;20;23;48m[48;2;21;24;49m▀[0m[38;2;20;22;45m[48;2;19;21;43m▀[0m[38;2;19;20;41m[48;2;20;22;44m▀[0m[38;2;19;21;42m[48;2;19;20;42m▀[0m[38;2;19;20;42m[48;2;18;20;40m▀[0m[38;2;18;20;41m[48;2;18;20;41m▀[0m[38;2;18;22;44m[48;2;17;20;40m▀[0m[38;2;16;26;48m[48;2;17;21;42m▀[0m[38;2;14;32;54m[48;2;15;21;41m▀[0m[38;2;14;38;60m[48;2;15;21;41m▀[0m[38;2;13;30;51m[48;2;14;19;39m▀[0m[38;2;15;22;43m[48;2;15;18;38m▀[0m[38;2;16;20;40m[48;2;15;17;36m▀[0m[38;2;16;19;39m[48;2;14;16;35m▀[0m[38;2;16;19;38m[48;2;14;16;34m▀[0m[38;2;15;19;37m[48;2;14;17;34m▀[0m
[38;2;19;21;48m[48;2;16;18;42m▀[0m[38;2;18;20;47m[48;2;18;20;46m▀[0m[38;2;17;20;45m[48;2;18;19;45m▀[0m[38;2;18;21;47m[48;2;17;18;42m▀[0m[38;2;17;20;45m[48;2;16;18;41m▀[0m[38;2;17;19;43m[48;2;17;20;42m▀[0m[38;2;17;20;44m[48;2;16;19;41m▀[0m[38;2;18;22;46m[48;2;17;20;42m▀[0m[38;2;19;24;51m[48;2;16;20;43m▀[0m[38;2;29;35;67m[48;2;19;24;56m▀[0m[38;2;27;34;79m[48;2;24;30;69m▀[0m[38;2;26;32;79m[48;2;24;30;69m▀[0m[38;2;25;32;73m[48;2;24;30;67m▀[0m[38;2;24;28;64m[48;2;23;27;61m▀[0m[38;2;29;35;80m[48;2;25;30;65m▀[0m[38;2;39;44;117m[48;2;29;36;79m▀[0m[38;2;37;42;104m[48;2;36;42;97m▀[0m[38;2;36;42;95m[48;2;37;42;95m▀[0m[38;2;35;41;92m[48;2;42;46;106m▀[0m[38;2;38;44;99m[48;2;40;44;100m▀[0m[38;2;37;43;95m[48;2;39;43;96m▀[0m[38;2;41;45;100m[48;2;40;44;98m▀[0m[38;2;47;49;109m[48;2;41;45;97m▀[0m[38;2;42;47;101m[48;2;40;44;95m▀[0m[38;2;43;47;101m[48;2;39;43;93m▀[0m[38;2;45;49;110m[48;2;41;46;98m▀[0m[38;2;47;54;120m[48;2;42;48;106m▀[0m[38;2;51;58;134m[48;2;47;54;124m▀[0m[38;2;47;54;123m[48;2;47;56;127m▀[0m[38;2;43;55;115m[48;2;43;55;119m▀[0m[38;2;46;68;134m[48;2;45;62;128m▀[0m[38;2;58;110;171m[48;2;48;91;152m▀[0m[38;2;78;143;190m[48;2;62;114;169m▀[0m[38;2;41;63;120m[48;2;38;57;109m▀[0m[38;2;37;48;96m[48;2;36;46;91m▀[0m[38;2;36;43;88m[48;2;35;41;86m▀[0m[38;2;35;41;87m[48;2;34;39;83m▀[0m[38;2;34;39;82m[48;2;33;39;80m▀[0m[38;2;33;39;82m[48;2;31;37;79m▀[0m[38;2;33;39;84m[48;2;33;40;90m▀[0m[38;2;33;41;94m[48;2;31;39;88m▀[0m[38;2;28;33;74m[48;2;26;31;68m▀[0m[38;2;23;27;57m[48;2;25;28;60m▀[0m[38;2;21;25;51m[48;2;23;26;54m▀[0m[38;2;21;23;49m[48;2;21;24;50m▀[0m[38;2;24;25;52m[48;2;22;24;51m▀[0m[38;2;22;24;49m[48;2;21;24;50m▀[0m[38;2;22;24;50m[48;2;20;24;49m▀[0m[38;2;21;24;49m[48;2;19;22;47m▀[0m[38;2;18;21;44m[48;2;18;20;43m▀[0m[38;2;18;20;42m[48;2;18;21;43m▀[0m[38;2;19;21;41m[48;2;18;20;41m▀[0m[38;2;18;20;40m[48;2;18;20;41m▀[0m[38;2;17;20;41m[48;2;17;20;41m▀[0m[38;2;16;18;38m[48;2;16;17;38m▀[0m[38;2;16;18;38m[48;2;15;16;36m▀[0m[38;2;16;17;37m[48;2;14;15;33m▀[0m[38;2;15;16;35m[48;2;13;14;28m▀[0m[38;2;13;14;31m[48;2;10;14;22m▀[0m[38;2;13;15;30m[48;2;10;14;22m▀[0m[38;2;14;14;28m[48;2;13;14;25m▀[0m[38;2;14;14;29m[48;2;27;26;39m▀[0m[38;2;14;14;30m[48;2;13;13;26m▀[0m[38;2;12;13;30m[48;2;12;12;27m▀[0m
[38;2;13;15;34m[48;2;12;14;32m▀[0m[38;2;15;17;37m[48;2;13;15;33m▀[0m[38;2;16;18;41m[48;2;13;16;36m▀[0m[38;2;16;18;42m[48;2;14;17;37m▀[0m[38;2;16;18;39m[48;2;14;16;35m▀[0m[38;2;16;17;38m[48;2;13;16;33m▀[0m[38;2;15;17;37m[48;2;12;16;32m▀[0m[38;2;15;18;38m[48;2;14;17;33m▀[0m[38;2;15;18;39m[48;2;13;17;35m▀[0m[38;2;17;21;48m[48;2;17;20;47m▀[0m[38;2;23;29;69m[48;2;22;27;66m▀[0m[38;2;22;28;64m[48;2;22;27;64m▀[0m[38;2;25;31;71m[48;2;23;29;68m▀[0m[38;2;24;29;65m[48;2;24;29;66m▀[0m[38;2;24;29;63m[48;2;24;29;63m▀[0m[38;2;25;31;67m[48;2;23;28;61m▀[0m[38;2;32;37;85m[48;2;30;36;75m▀[0m[38;2;42;46;106m[48;2;36;41;95m▀[0m[38;2;43;46;110m[48;2;41;45;106m▀[0m[38;2;43;47;108m[48;2;40;44;101m▀[0m[38;2;40;43;96m[48;2;38;42;93m▀[0m[38;2;40;44;95m[48;2;36;40;89m▀[0m[38;2;37;41;88m[48;2;37;41;90m▀[0m[38;2;38;42;92m[48;2;37;41;90m▀[0m[38;2;39;42;91m[48;2;38;41;91m▀[0m[38;2;39;43;93m[48;2;38;42;93m▀[0m[38;2;39;45;98m[48;2;38;44;92m▀[0m[38;2;41;50;113m[48;2;41;47;104m▀[0m[38;2;45;55;127m[48;2;47;54;130m▀[0m[38;2;45;56;124m[48;2;40;48;106m▀[0m[38;2;39;52;111m[48;2;37;46;98m▀[0m[38;2;39;64;120m[48;2;36;46;97m▀[0m[38;2;39;68;124m[48;2;34;44;91m▀[0m[38;2;35;48;95m[48;2;34;41;85m▀[0m[38;2;35;42;88m[48;2;34;39;83m▀[0m[38;2;35;41;86m[48;2;32;38;81m▀[0m[38;2;31;38;80m[48;2;31;37;80m▀[0m[38;2;31;37;77m[48;2;30;36;77m▀[0m[38;2;30;36;78m[48;2;30;35;77m▀[0m[38;2;30;38;83m[48;2;29;36;80m▀[0m[38;2;29;36;82m[48;2;27;33;73m▀[0m[38;2;26;32;66m[48;2;24;31;64m▀[0m[38;2;23;27;56m[48;2;22;27;56m▀[0m[38;2;22;25;52m[48;2;21;25;52m▀[0m[38;2;21;25;51m[48;2;20;25;52m▀[0m[38;2;21;24;50m[48;2;20;24;52m▀[0m[38;2;21;25;50m[48;2;19;24;50m▀[0m[38;2;20;24;48m[48;2;19;22;48m▀[0m[38;2;18;22;47m[48;2;18;21;45m▀[0m[38;2;18;20;43m[48;2;17;20;42m▀[0m[38;2;17;20;43m[48;2;17;20;42m▀[0m[38;2;18;20;43m[48;2;17;20;42m▀[0m[38;2;18;20;41m[48;2;16;20;42m▀[0m[38;2;16;18;38m[48;2;15;18;37m▀[0m[38;2;15;16;35m[48;2;14;15;32m▀[0m[38;2;13;15;30m[48;2;11;14;25m▀[0m[38;2;12;14;26m[48;2;11;13;23m▀[0m[38;2;13;15;24m[48;2;11;13;22m▀[0m[38;2;10;13;21m[48;2;11;13;22m▀[0m[38;2;11;14;22m[48;2;12;14;22m▀[0m[38;2;11;14;22m[48;2;12;14;22m▀[0m[38;2;11;13;22m[48;2;11;13;23m▀[0m[38;2;31;30;43m[48;2;15;16;28m▀[0m[38;2;12;12;27m[48;2;10;12;24m▀[0m
