[38;2;9;10;17m[48;2;12;12;23m▀[0m[38;2;16;17;26m[48;2;17;17;28m▀[0m[38;2;9;11;17m[48;2;10;12;21m▀[0m[38;2;10;11;17m[48;2;11;13;22m▀[0m[38;2;11;12;21m[48;2;12;13;23m▀[0m[38;2;12;12;23m[48;2;12;13;25m▀[0m[38;2;13;12;28m[48;2;13;14;30m▀[0m[38;2;15;16;37m[48;2;18;20;44m▀[0m[38;2;18;21;46m[48;2;20;23;52m▀[0m[38;2;17;20;44m[48;2;19;23;50m▀[0m[38;2;18;21;46m[48;2;19;23;50m▀[0m[38;2;18;22;48m[48;2;18;22;47m▀[0m[38;2;18;23;49m[48;2;18;22;48m▀[0m[38;2;20;24;54m[48;2;20;23;50m▀[0m[38;2;21;25;56m[48;2;23;27;60m▀[0m[38;2;28;34;77m[48;2;31;38;81m▀[0m[38;2;30;40;88m[48;2;30;40;88m▀[0m[38;2;31;40;90m[48;2;32;43;92m▀[0m[38;2;33;43;96m[48;2;34;46;97m▀[0m[38;2;36;53;112m[48;2;43;76;135m▀[0m[38;2;35;53;111m[48;2;50;92;151m▀[0m[38;2;33;42;91m[48;2;38;48;100m▀[0m[38;2;31;37;80m[48;2;33;40;84m▀[0m[38;2;31;39;85m[48;2;33;40;86m▀[0m[38;2;33;40;91m[48;2;33;41;87m▀[0m[38;2;39;51;121m[48;2;39;52;120m▀[0m[38;2;32;39;92m[48;2;35;42;97m▀[0m[38;2;29;34;76m[48;2;30;36;79m▀[0m[38;2;29;33;81m[48;2;31;36;85m▀[0m[38;2;28;32;79m[48;2;30;34;80m▀[0m[38;2;25;30;70m[48;2;27;32;75m▀[0m[38;2;20;25;57m[48;2;21;27;62m▀[0m[38;2;16;20;44m[48;2;15;20;42m▀[0m[38;2;15;16;37m[48;2;15;17;36m▀[0m[38;2;14;14;33m[48;2;16;16;36m▀[0m[38;2;13;14;32m[48;2;14;15;34m▀[0m[38;2;12;13;32m[48;2;14;14;33m▀[0m[38;2;13;13;31m[48;2;15;16;33m▀[0m[38;2;20;20;39m[48;2;26;25;46m▀[0m[38;2;12;13;30m[48;2;14;15;33m▀[0m
[38;2;12;12;25m[48;2;13;13;28m▀[0m[38;2;13;13;26m[48;2;14;14;30m▀[0m[38;2;13;12;27m[48;2;13;15;30m▀[0m[38;2;11;14;27m[48;2;13;25;42m▀[0m[38;2;11;16;29m[48;2;21;51;72m▀[0m[38;2;12;15;30m[48;2;13;27;45m▀[0m[38;2;13;16;33m[48;2;15;20;39m▀[0m[38;2;17;21;45m[48;2;17;21;42m▀[0m[38;2;20;25;56m[48;2;19;24;54m▀[0m[38;2;23;28;66m[48;2;23;29;66m▀[0m[38;2;20;24;52m[48;2;20;25;53m▀[0m[38;2;19;23;48m[48;2;21;24;51m▀[0m[38;2;20;22;47m[48;2;22;25;50m▀[0m[38;2;21;24;51m[48;2;22;25;51m▀[0m[38;2;22;27;60m[48;2;24;27;57m▀[0m[38;2;31;39;86m[48;2;29;35;78m▀[0m[38;2;36;48;104m[48;2;34;46;101m▀[0m[38;2;36;48;103m[48;2;35;50;108m▀[0m[38;2;36;51;105m[48;2;39;57;111m▀[0m[38;2;55;99;159m[48;2;70;118;174m▀[0m[38;2;72;124;176m[48;2;89;144;192m▀[0m[38;2;42;55;112m[48;2;54;67;137m▀[0m[38;2;39;47;101m[48;2;48;55;120m▀[0m[38;2;39;45;98m[48;2;48;56;122m▀[0m[38;2;37;46;100m[48;2;46;57;123m▀[0m[38;2;37;48;106m[48;2;43;56;123m▀[0m[38;2;36;43;98m[48;2;39;48;106m▀[0m[38;2;43;48;120m[48;2;34;41;92m▀[0m[38;2;38;43;109m[48;2;34;40;94m▀[0m[38;2;30;37;86m[48;2;28;36;80m▀[0m[38;2;25;32;72m[48;2;26;34;75m▀[0m[38;2;21;27;59m[48;2;22;27;59m▀[0m[38;2;17;21;43m[48;2;19;22;43m▀[0m[38;2;16;18;37m[48;2;19;22;43m▀[0m[38;2;15;17;36m[48;2;17;25;46m▀[0m[38;2;14;18;37m[48;2;17;41;65m▀[0m[38;2;14;18;36m[48;2;22;49;73m▀[0m[38;2;14;16;36m[48;2;16;23;48m▀[0m[38;2;18;19;42m[48;2;17;23;53m▀[0m[38;2;18;22;50m[48;2;16;23;54m▀[0m
[38;2;14;16;34m[48;2;14;18;42m▀[0m[38;2;14;15;32m[48;2;15;19;43m▀[0m[38;2;13;16;32m[48;2;16;19;42m▀[0m[38;2;14;30;49m[48;2;16;23;45m▀[0m[38;2;75;140;158m[48;2;23;59;85m▀[0m[38;2;32;78;103m[48;2;83;157;177m▀[0m[38;2;16;30;53m[48;2;31;75;106m▀[0m[38;2;17;23;44m[48;2;21;32;62m▀[0m[38;2;19;23;48m[48;2;22;27;54m▀[0m[38;2;20;25;54m[48;2;23;26;55m▀[0m[38;2;23;28;59m[48;2;23;28;60m▀[0m[38;2;22;26;54m[48;2;23;28;59m▀[0m[38;2;22;25;52m[48;2;24;27;57m▀[0m[38;2;23;26;52m[48;2;25;28;56m▀[0m[38;2;25;28;57m[48;2;27;30;62m▀[0m[38;2;27;33;71m[48;2;28;35;75m▀[0m[38;2;33;43;93m[48;2;32;39;82m▀[0m[38;2;37;52;109m[48;2;42;55;114m▀[0m[38;2;42;62;120m[48;2;53;71;140m▀[0m[38;2;80;134;186m[48;2;100;153;202m▀[0m[38;2;110;166;211m[48;2;126;177;217m▀[0m[38;2;57;74;146m[48;2;74;101;171m▀[0m[38;2;48;55;119m[48;2;62;76;156m▀[0m[38;2;55;64;138m[48;2;68;88;172m▀[0m[38;2;62;80;163m[48;2;67;90;176m▀[0m[38;2;57;74;153m[48;2;54;67;142m▀[0m[38;2;40;49;106m[48;2;47;53;114m▀[0m[38;2;35;42;90m[48;2;40;48;102m▀[0m[38;2;37;46;100m[48;2;35;42;92m▀[0m[38;2;27;34;72m[48;2;31;37;78m▀[0m[38;2;22;28;56m[48;2;24;29;58m▀[0m[38;2;22;28;59m[48;2;23;29;57m▀[0m[38;2;20;25;49m[48;2;22;30;58m▀[0m[38;2;20;27;50m[48;2;22;45;76m▀[0m[38;2;20;46;73m[48;2;63;126;154m▀[0m[38;2;85;151;169m[48;2;63;120;145m▀[0m[38;2;26;64;92m[48;2;18;36;67m▀[0m[38;2;17;27;57m[48;2;20;29;63m▀[0m[38;2;18;26;58m[48;2;20;25;54m▀[0m[38;2;17;23;52m[48;2;17;20;48m▀[0m
[38;2;17;21;47m[48;2;18;24;52m▀[0m[38;2;16;22;47m[48;2;18;24;52m▀[0m[38;2;17;20;44m[48;2;18;24;52m▀[0m[38;2;17;22;45m[48;2;17;23;49m▀[0m[38;2;17;30;56m[48;2;18;25;52m▀[0m[38;2;55;103;129m[48;2;21;40;71m▀[0m[38;2;58;124;156m[48;2;67;122;151m▀[0m[38;2;32;72;110m[48;2;52;106;151m▀[0m[38;2;23;35;69m[48;2;55;103;144m▀[0m[38;2;24;29;60m[48;2;45;73;108m▀[0m[38;2;25;30;61m[48;2;45;63;97m▀[0m[38;2;25;31;63m[48;2;30;38;78m▀[0m[38;2;26;30;62m[48;2;32;37;82m▀[0m[38;2;27;31;63m[48;2;33;39;88m▀[0m[38;2;30;35;76m[48;2;35;42;92m▀[0m[38;2;31;37;76m[48;2;36;43;92m▀[0m[38;2;34;41;83m[48;2;40;46;98m▀[0m[38;2;43;52;108m[48;2;47;54;113m▀[0m[38;2;68;90;153m[48;2;70;93;158m▀[0m[38;2;130;185;221m[48;2;149;200;231m▀[0m[38;2;145;195;227m[48;2;164;214;237m▀[0m[38;2;110;162;202m[48;2;115;172;210m▀[0m[38;2;61;81;151m[48;2;62;89;158m▀[0m[38;2;61;76;150m[48;2;64;92;169m▀[0m[38;2;70;92;175m[48;2;68;87;169m▀[0m[38;2;69;80;166m[48;2;81;89;186m▀[0m[38;2;56;57;134m[48;2;71;69;165m▀[0m[38;2;50;51;123m[48;2;67;64;156m▀[0m[38;2;46;49;115m[48;2;57;56;136m▀[0m[38;2;40;44;98m[48;2;60;70;129m▀[0m[38;2;28;33;68m[48;2;50;67;107m▀[0m[38;2;24;31;62m[48;2;34;57;101m▀[0m[38;2;25;47;83m[48;2;64;120;164m▀[0m[38;2;53;107;147m[48;2;58;104;141m▀[0m[38;2;74;136;162m[48;2;49;91;123m▀[0m[38;2;26;53;86m[48;2;23;33;67m▀[0m[38;2;21;30;64m[48;2;22;29;64m▀[0m[38;2;20;27;62m[48;2;21;28;63m▀[0m[38;2;18;23;51m[48;2;20;25;56m▀[0m[38;2;18;22;48m[48;2;20;24;52m▀[0m
[38;2;21;26;60m[48;2;23;29;66m▀[0m[38;2;20;27;62m[48;2;23;31;69m▀[0m[38;2;19;26;59m[48;2;24;32;71m▀[0m[38;2;20;26;58m[48;2;23;30;69m▀[0m[38;2;20;27;59m[48;2;24;32;70m▀[0m[38;2;23;32;66m[48;2;24;31;67m▀[0m[38;2;38;66;100m[48;2;25;36;72m▀[0m[38;2;61;109;146m[48;2;55;87;124m▀[0m[38;2;70;127;172m[48;2;64;101;145m▀[0m[38;2;61;111;159m[48;2;103;162;201m▀[0m[38;2;65;102;144m[48;2;87;140;186m▀[0m[38;2;69;103;141m[48;2;72;110;161m▀[0m[38;2;45;62;105m[48;2;75;110;154m▀[0m[38;2;38;45;97m[48;2;60;84;137m▀[0m[38;2;41;52;112m[48;2;47;61;128m▀[0m[38;2;44;53;114m[48;2;51;70;142m▀[0m[38;2;54;64;128m[48;2;55;73;140m▀[0m[38;2;61;69;143m[48;2;82;118;171m▀[0m[38;2;79;101;172m[48;2;87;126;187m▀[0m[38;2;163;211;237m[48;2;176;221;242m▀[0m[38;2;178;222;242m[48;2;191;231;245m▀[0m[38;2;121;182;218m[48;2;128;194;226m▀[0m[38;2;88;134;193m[48;2;103;165;215m▀[0m[38;2;75;119;195m[48;2;82;128;201m▀[0m[38;2;69;87;169m[48;2;83;101;177m▀[0m[38;2;76;82;171m[48;2;75;82;167m▀[0m[38;2;94;94;196m[48;2;83;86;179m▀[0m[38;2;78;77;168m[48;2;113;139;200m▀[0m[38;2;81;98;159m[48;2;98;126;182m▀[0m[38;2;73;101;149m[48;2;85;126;182m▀[0m[38;2;58;95;147m[48;2;129;189;218m▀[0m[38;2;95;158;196m[48;2;74;119;167m▀[0m[38;2;61;106;149m[48;2;45;65;111m▀[0m[38;2;54;90;126m[48;2;54;82;118m▀[0m[38;2;28;47;81m[48;2;26;33;67m▀[0m[38;2;24;29;61m[48;2;25;29;59m▀[0m[38;2;23;28;61m[48;2;25;28;62m▀[0m[38;2;22;28;62m[48;2;24;29;65m▀[0m[38;2;21;25;57m[48;2;22;28;62m▀[0m[38;2;20;25;56m[48;2;22;27;60m▀[0m
[38;2;26;33;73m[48;2;28;33;74m▀[0m[38;2;27;35;78m[48;2;26;33;73m▀[0m[38;2;26;33;73m[48;2;26;33;70m▀[0m[38;2;26;32;68m[48;2;25;30;63m▀[0m[38;2;24;30;62m[48;2;26;31;65m▀[0m[38;2;27;33;66m[48;2;29;35;74m▀[0m[38;2;28;34;69m[48;2;36;40;90m▀[0m[38;2;56;79;118m[48;2;55;69;118m▀[0m[38;2;68;95;141m[48;2;75;102;150m▀[0m[38;2;76;110;163m[48;2;74;97;154m▀[0m[38;2;136;191;220m[48;2;89;129;184m▀[0m[38;2;119;173;213m[48;2;173;214;235m▀[0m[38;2;94;143;188m[48;2;149;199;228m▀[0m[38;2;93;142;183m[48;2;104;159;204m▀[0m[38;2;64;104;159m[48;2;107;167;204m▀[0m[38;2;49;84;150m[48;2;71;121;178m▀[0m[38;2;55;93;158m[48;2;78;129;184m▀[0m[38;2;81;134;183m[48;2;87;154;200m▀[0m[38;2;122;182;214m[48;2;130;202;227m▀[0m[38;2;190;231;245m[48;2;199;238;247m▀[0m[38;2;204;238;247m[48;2;215;244;249m▀[0m[38;2;136;207;232m[48;2;145;219;237m▀[0m[38;2;105;168;216m[48;2;114;185;224m▀[0m[38;2;84;121;194m[48;2;117;166;214m▀[0m[38;2;93;115;189m[48;2;97;134;204m▀[0m[38;2;84;98;181m[48;2;112;156;209m▀[0m[38;2;109;141;198m[48;2;116;160;206m▀[0m[38;2;107;143;197m[48;2;128;179;220m▀[0m[38;2;109;156;206m[48;2;201;234;244m▀[0m[38;2;166;214;234m[48;2;116;167;210m▀[0m[38;2;92;140;189m[48;2;70;89;153m▀[0m[38;2;59;73;133m[48;2;72;93;146m▀[0m[38;2;61;83;130m[48;2;77;105;146m▀[0m[38;2;45;64;103m[48;2;37;48;91m▀[0m[38;2;28;33;68m[48;2;27;32;65m▀[0m[38;2;26;30;63m[48;2;25;28;61m▀[0m[38;2;26;30;67m[48;2;23;27;59m▀[0m[38;2;27;32;76m[48;2;25;30;67m▀[0m[38;2;25;30;68m[48;2;27;33;76m▀[0m[38;2;25;30;67m[48;2;26;32;74m▀[0m
[38;2;29;34;75m[48;2;34;39;84m▀[0m[38;2;29;34;73m[48;2;29;34;72m▀[0m[38;2;27;32;68m[48;2;29;34;73m▀[0m[38;2;31;36;78m[48;2;39;42;99m▀[0m[38;2;34;39;91m[48;2;51;49;128m▀[0m[38;2;42;43;107m[48;2;49;48;122m▀[0m[38;2;54;51;131m[48;2;57;53;134m▀[0m[38;2;59;55;139m[48;2;52;51;120m▀[0m[38;2;71;77;152m[48;2;55;63;120m▀[0m[38;2;83;109;164m[48;2;71;96;153m▀[0m[38;2;90;119;175m[48;2;92;131;182m▀[0m[38;2;101;149;203m[48;2;103;146;195m▀[0m[38;2;202;231;243m[48;2;122;183;224m▀[0m[38;2;177;219;239m[48;2;226;243;248m▀[0m[38;2;119;184;222m[48;2;200;235;245m▀[0m[38;2;122;190;220m[48;2;135;213;237m▀[0m[38;2;86;155;205m[48;2;142;223;236m▀[0m[38;2;98;180;219m[48;2;134;228;239m▀[0m[38;2;139;219;236m[48;2;153;236;242m▀[0m[38;2;209;242;249m[48;2;220;246;249m▀[0m[38;2;226;247;249m[48;2;236;248;249m▀[0m[38;2;156;232;241m[48;2;168;240;243m▀[0m[38;2;126;213;237m[48;2;147;241;243m▀[0m[38;2;118;196;232m[48;2;141;234;241m▀[0m[38;2;122;199;231m[48;2;150;226;238m▀[0m[38;2;138;202;227m[48;2;168;227;243m▀[0m[38;2;150;205;234m[48;2;241;248;250m▀[0m[38;2;223;242;248m[48;2;166;217;239m▀[0m[38;2;140;194;228m[48;2;111;159;205m▀[0m[38;2;102;139;187m[48;2;110;149;191m▀[0m[38;2;89;114;166m[48;2;79;107;163m▀[0m[38;2;73;96;148m[48;2;64;79;139m▀[0m[38;2;54;67;122m[48;2;42;46;105m▀[0m[38;2;38;42;95m[48;2;41;43;101m▀[0m[38;2;29;34;75m[48;2;38;42;101m▀[0m[38;2;27;30;66m[48;2;34;39;88m▀[0m[38;2;24;28;59m[48;2;28;33;74m▀[0m[38;2;24;29;63m[48;2;26;31;69m▀[0m[38;2;28;33;75m[48;2;28;34;78m▀[0m[38;2;28;34;78m[48;2;30;36;83m▀[0m
[38;2;38;43;94m[48;2;46;50;111m▀[0m[38;2;36;40;85m[48;2;42;45;100m▀[0m[38;2;36;39;87m[48;2;48;47;111m▀[0m[38;2;52;49;125m[48;2;69;61;155m▀[0m[38;2;54;51;129m[48;2;47;45;107m▀[0m[38;2;45;45;101m[48;2;46;45;102m▀[0m[38;2;44;44;97m[48;2;45;47;98m▀[0m[38;2;46;50;104m[48;2;54;59;123m▀[0m[38;2;48;57;112m[48;2;64;78;151m▀[0m[38;2;63;89;149m[48;2;72;98;174m▀[0m[38;2;94;149;192m[48;2;73;112;180m▀[0m[38;2;110;172;209m[48;2;97;164;211m▀[0m[38;2;122;185;220m[48;2;120;205;229m▀[0m[38;2;144;213;238m[48;2;138;224;238m▀[0m[38;2;240;248;250m[48;2;168;237;245m▀[0m[38;2;217;243;248m[48;2;247;249;250m▀[0m[38;2;155;236;243m[48;2;234;247;249m▀[0m[38;2;163;240;243m[48;2;183;243;246m▀[0m[38;2;160;241;244m[48;2;205;245;248m▀[0m[38;2;232;247;250m[48;2;242;249;250m▀[0m[38;2;243;248;250m[48;2;248;249;250m▀[0m[38;2;171;242;245m[48;2;199;244;247m▀[0m[38;2;171;241;243m[48;2;193;242;244m▀[0m[38;2;169;238;243m[48;2;215;245;248m▀[0m[38;2;192;241;247m[48;2;250;249;250m▀[0m[38;2;247;248;251m[48;2;213;245;248m▀[0m[38;2;189;234;245m[48;2;140;218;239m▀[0m[38;2;117;182;224m[48;2;122;187;221m▀[0m[38;2;109;160;204m[48;2;101;157;203m▀[0m[38;2;88;126;179m[48;2;63;98;169m▀[0m[38;2;63;83;145m[48;2;56;74;148m▀[0m[38;2;53;63;138m[48;2;54;69;145m▀[0m[38;2;43;48;110m[48;2;49;59;129m▀[0m[38;2;43;46;108m[48;2;45;50;113m▀[0m[38;2;43;45;110m[48;2;43;47;108m▀[0m[38;2;39;42;101m[48;2;44;49;114m▀[0m[38;2;36;41;95m[48;2;41;48;112m▀[0m[38;2;29;35;80m[48;2;36;45;103m▀[0m[38;2;29;35;81m[48;2;34;43;99m▀[0m[38;2;29;37;83m[48;2;32;39;87m▀[0m
[38;2;46;48;102m[48;2;46;48;102m▀[0m[38;2;46;47;103m[48;2;51;51;109m▀[0m[38;2;59;54;129m[48;2;64;58;131m▀[0m[38;2;83;69;172m[48;2;94;77;177m▀[0m[38;2;55;50;119m[48;2;82;69;157m▀[0m[38;2;47;47;101m[48;2;63;57;126m▀[0m[38;2;48;50;105m[48;2;71;65;141m▀[0m[38;2;67;67;141m[48;2;84;80;163m▀[0m[38;2;77;84;164m[48;2;85;86;163m▀[0m[38;2;86;102;181m[48;2;96;112;182m▀[0m[38;2;83;117;188m[48;2;107;142;199m▀[0m[38;2;91;145;207m[48;2;118;168;216m▀[0m[38;2;125;203;232m[48;2;135;203;233m▀[0m[38;2;133;231;241m[48;2;145;228;242m▀[0m[38;2;152;240;243m[48;2;168;245;245m▀[0m[38;2;200;244;247m[48;2;189;244;246m▀[0m[38;2;250;250;251m[48;2;234;247;249m▀[0m[38;2;244;249;250m[48;2;251;251;252m▀[0m[38;2;234;247;248m[48;2;251;250;251m▀[0m[38;2;249;250;251m[48;2;251;250;252m▀[0m[38;2;251;250;251m[48;2;251;251;252m▀[0m[38;2;233;247;248m[48;2;250;250;251m▀[0m[38;2;235;247;249m[48;2;251;250;251m▀[0m[38;2;250;250;251m[48;2;246;249;250m▀[0m[38;2;233;247;249m[48;2;197;244;246m▀[0m[38;2;165;238;244m[48;2;176;241;244m▀[0m[38;2;145;220;237m[48;2;158;236;242m▀[0m[38;2;117;189;224m[48;2;130;208;234m▀[0m[38;2;80;127;194m[48;2;115;179;220m▀[0m[38;2;64;104;175m[48;2;105;165;210m▀[0m[38;2;62;102;177m[48;2;99;165;212m▀[0m[38;2;58;91;169m[48;2;90;148;202m▀[0m[38;2;54;73;147m[48;2;68;103;169m▀[0m[38;2;51;60;130m[48;2;56;71;143m▀[0m[38;2;57;64;142m[48;2;59;67;142m▀[0m[38;2;51;54;127m[48;2;58;62;137m▀[0m[38;2;45;51;119m[48;2;51;56;125m▀[0m[38;2;39;48;107m[48;2;43;52;111m▀[0m[38;2;36;45;102m[48;2;39;47;102m▀[0m[38;2;34;40;90m[48;2;36;43;92m▀[0m
[38;2;43;50;102m[48;2;48;80;137m▀[0m[38;2;54;59;121m[48;2;76;122;177m▀[0m[38;2;76;73;153m[48;2;105;150;203m▀[0m[38;2;100;88;178m[48;2;131;170;221m▀[0m[38;2;107;94;188m[48;2;153;187;229m▀[0m[38;2;91;84;169m[48;2;166;200;231m▀[0m[38;2;96;97;178m[48;2;173;207;234m▀[0m[38;2;125;144;199m[48;2;181;215;239m▀[0m[38;2;124;147;201m[48;2;191;224;242m▀[0m[38;2;123;156;205m[48;2;201;230;245m▀[0m[38;2;137;178;218m[48;2;211;237;247m▀[0m[38;2;138;191;228m[48;2;221;243;249m▀[0m[38;2;142;212;238m[48;2;229;246;250m▀[0m[38;2;149;233;242m[48;2;238;249;250m▀[0m[38;2;170;242;246m[48;2;245;249;250m▀[0m[38;2;213;246;248m[48;2;249;250;251m▀[0m[38;2;241;247;249m[48;2;251;250;251m▀[0m[38;2;251;250;251m[48;2;251;251;252m▀[0m[38;2;252;251;252m[48;2;252;251;251m▀[0m[38;2;252;250;252m[48;2;251;250;251m▀[0m[38;2;252;250;252m[48;2;252;250;251m▀[0m[38;2;252;251;252m[48;2;252;251;252m▀[0m[38;2;251;251;252m[48;2;251;251;251m▀[0m[38;2;239;247;249m[48;2;251;250;251m▀[0m[38;2;208;245;247m[48;2;249;250;250m▀[0m[38;2;178;242;245m[48;2;246;249;250m▀[0m[38;2;157;233;243m[48;2;240;249;250m▀[0m[38;2;140;220;240m[48;2;233;248;250m▀[0m[38;2;133;203;233m[48;2;224;245;249m▀[0m[38;2;131;192;228m[48;2;215;242;248m▀[0m[38;2;125;183;221m[48;2;205;236;247m▀[0m[38;2;115;169;213m[48;2;192;229;244m▀[0m[38;2;116;170;210m[48;2;180;220;240m▀[0m[38;2;104;153;197m[48;2;167;211;236m▀[0m[38;2;104;150;195m[48;2;154;200;230m▀[0m[38;2;82;106;169m[48;2;136;185;221m▀[0m[38;2;59;72;143m[48;2;118;168;210m▀[0m[38;2;51;64;129m[48;2;95;150;198m▀[0m[38;2;45;56;113m[48;2;75;130;183m▀[0m[38;2;40;50;104m[48;2;53;95;154m▀[0m
[38;2;42;69;127m[48;2;43;53;108m▀[0m[38;2;54;96;156m[48;2;46;55;114m▀[0m[38;2;72;120;179m[48;2;52;63;129m▀[0m[38;2;90;137;193m[48;2;57;66;133m▀[0m[38;2;107;153;206m[48;2;64;70;144m▀[0m[38;2;119;165;213m[48;2;88;105;174m▀[0m[38;2;138;187;225m[48;2;102;133;188m▀[0m[38;2;152;200;232m[48;2;106;145;193m▀[0m[38;2;165;210;237m[48;2;110;151;201m▀[0m[38;2;173;216;239m[48;2;126;174;215m▀[0m[38;2;187;227;244m[48;2;128;183;223m▀[0m[38;2;200;236;247m[48;2;131;192;228m▀[0m[38;2;212;242;247m[48;2;133;206;234m▀[0m[38;2;223;247;249m[48;2;148;230;242m▀[0m[38;2;234;248;249m[48;2;164;241;246m▀[0m[38;2;244;249;250m[48;2;187;244;247m▀[0m[38;2;249;250;251m[48;2;236;247;249m▀[0m[38;2;251;251;252m[48;2;251;251;251m▀[0m[38;2;252;251;252m[48;2;252;251;252m▀[0m[38;2;251;250;252m[48;2;251;251;251m▀[0m[38;2;252;251;252m[48;2;252;251;251m▀[0m[38;2;252;251;252m[48;2;251;251;252m▀[0m[38;2;251;251;251m[48;2;251;251;252m▀[0m[38;2;251;250;251m[48;2;240;247;249m▀[0m[38;2;247;249;250m[48;2;206;244;247m▀[0m[38;2;241;249;250m[48;2;167;243;246m▀[0m[38;2;232;248;248m[48;2;150;235;244m▀[0m[38;2;220;246;249m[48;2;135;214;239m▀[0m[38;2;209;241;248m[48;2;128;194;232m▀[0m[38;2;198;235;246m[48;2;139;189;227m▀[0m[38;2;182;225;243m[48;2;131;171;218m▀[0m[38;2;179;218;239m[48;2;135;164;213m▀[0m[38;2;170;208;235m[48;2;135;149;208m▀[0m[38;2;159;198;231m[48;2;112;117;188m▀[0m[38;2;146;190;226m[48;2;102;108;175m▀[0m[38;2;122;164;215m[48;2;89;83;168m▀[0m[38;2;97;140;200m[48;2;82;76;164m▀[0m[38;2;79;124;187m[48;2;72;70;151m▀[0m[38;2;61;102;166m[48;2;56;59;126m▀[0m[38;2;47;78;142m[48;2;48;53;116m▀[0m
[38;2;36;43;89m[48;2;38;46;99m▀[0m[38;2;42;48;100m[48;2;39;48;101m▀[0m[38;2;44;52;108m[48;2;37;47;98m▀[0m[38;2;49;56;118m[48;2;40;47;101m▀[0m[38;2;63;64;145m[48;2;49;53;121m▀[0m[38;2;69;64;155m[48;2;56;57;133m▀[0m[38;2;65;65;144m[48;2;58;58;137m▀[0m[38;2;67;72;148m[48;2;62;64;143m▀[0m[38;2;90;124;184m[48;2;67;79;158m▀[0m[38;2;98;146;203m[48;2;78;110;188m▀[0m[38;2;96;150;205m[48;2;72;105;180m▀[0m[38;2;104;163;211m[48;2;76;112;183m▀[0m[38;2;122;187;223m[48;2;104;160;210m▀[0m[38;2;154;230;240m[48;2;140;209;233m▀[0m[38;2;173;240;243m[48;2;145;229;242m▀[0m[38;2;186;243;247m[48;2;219;246;249m▀[0m[38;2;241;248;250m[48;2;251;250;251m▀[0m[38;2;251;251;252m[48;2;238;248;249m▀[0m[38;2;251;251;252m[48;2;237;247;249m▀[0m[38;2;251;251;252m[48;2;249;250;251m▀[0m[38;2;251;251;251m[48;2;250;250;251m▀[0m[38;2;250;250;251m[48;2;233;246;248m▀[0m[38;2;251;251;252m[48;2;227;246;248m▀[0m[38;2;246;249;250m[48;2;250;250;251m▀[0m[38;2;190;243;246m[48;2;235;248;249m▀[0m[38;2;167;244;245m[48;2;166;240;245m▀[0m[38;2;149;241;243m[48;2;146;238;242m▀[0m[38;2;141;223;240m[48;2;118;202;236m▀[0m[38;2;132;193;229m[48;2;103;147;215m▀[0m[38;2;132;180;223m[48;2;101;135;204m▀[0m[38;2;132;174;218m[48;2;97;134;203m▀[0m[38;2;121;145;203m[48;2;88;99;180m▀[0m[38;2;112;105;195m[48;2;95;90;177m▀[0m[38;2;96;82;173m[48;2;75;66;148m▀[0m[38;2;82;70;159m[48;2;87;71;172m▀[0m[38;2;65;60;130m[48;2;57;54;120m▀[0m[38;2;68;61;137m[48;2;48;48;103m▀[0m[38;2;73;65;149m[48;2;59;55;128m▀[0m[38;2;62;57;133m[48;2;68;60;149m▀[0m[38;2;55;54;125m[48;2;60;54;135m▀[0m
[38;2;39;53;118m[48;2;37;56;126m▀[0m[38;2;36;48;107m[48;2;37;52;117m▀[0m[38;2;34;43;93m[48;2;33;42;94m▀[0m[38;2;37;43;94m[48;2;33;39;88m▀[0m[38;2;45;48;110m[48;2;37;42;94m▀[0m[38;2;48;50;118m[48;2;40;43;100m▀[0m[38;2;53;55;130m[48;2;42;44;104m▀[0m[38;2;65;72;158m[48;2;48;49;117m▀[0m[38;2;58;67;144m[48;2;55;59;135m▀[0m[38;2;67;89;167m[48;2;62;72;151m▀[0m[38;2;69;94;172m[48;2;97;125;185m▀[0m[38;2;91;127;188m[48;2;120;154;204m▀[0m[38;2;129;183;218m[48;2;122;165;215m▀[0m[38;2;122;186;227m[48;2;172;218;241m▀[0m[38;2;193;237;246m[48;2;248;248;250m▀[0m[38;2;251;249;251m[48;2;198;240;246m▀[0m[38;2;220;246;248m[48;2;155;230;242m▀[0m[38;2;192;243;246m[48;2;163;238;243m▀[0m[38;2;203;244;246m[48;2;176;242;244m▀[0m[38;2;241;248;250m[48;2;229;247;249m▀[0m[38;2;248;249;250m[48;2;243;249;250m▀[0m[38;2;192;245;247m[48;2;157;236;243m▀[0m[38;2;186;242;245m[48;2;173;241;242m▀[0m[38;2;198;244;247m[48;2;157;232;241m▀[0m[38;2;246;249;250m[48;2;172;236;244m▀[0m[38;2;221;245;248m[48;2;240;248;250m▀[0m[38;2;146;226;241m[48;2;205;238;247m▀[0m[38;2;139;214;235m[48;2;140;206;234m▀[0m[38;2;119;182;224m[48;2;132;190;223m▀[0m[38;2;97;140;207m[48;2;120;178;217m▀[0m[38;2;89;121;197m[48;2;89;123;189m▀[0m[38;2;79;88;170m[48;2;70;76;155m▀[0m[38;2;77;76;156m[48;2;61;60;133m▀[0m[38;2;63;59;133m[48;2;57;53;124m▀[0m[38;2;75;62;159m[48;2;69;58;155m▀[0m[38;2;57;51;127m[48;2;50;47;116m▀[0m[38;2;42;43;93m[48;2;41;43;95m▀[0m[38;2;45;45;96m[48;2;38;40;86m▀[0m[38;2;55;51;121m[48;2;42;43;93m▀[0m[38;2;61;56;140m[48;2;50;49;115m▀[0m
[38;2;30;40;90m[48;2;28;34;78m▀[0m[38;2;33;46;104m[48;2;29;36;80m▀[0m[38;2;32;44;101m[48;2;28;35;79m▀[0m[38;2;34;42;99m[48;2;29;35;80m▀[0m[38;2;35;40;96m[48;2;31;36;83m▀[0m[38;2;36;40;93m[48;2;37;40;97m▀[0m[38;2;39;40;91m[48;2;45;46;113m▀[0m[38;2;46;46;113m[48;2;65;74;140m▀[0m[38;2;58;65;133m[48;2;93;119;172m▀[0m[38;2;99;123;179m[48;2;89;98;174m▀[0m[38;2;113;131;195m[48;2;106;114;196m▀[0m[38;2;117;140;203m[48;2;134;176;222m▀[0m[38;2;149;196;233m[48;2;228;243;248m▀[0m[38;2;243;247;250m[48;2;158;209;236m▀[0m[38;2;180;228;244m[48;2;131;186;224m▀[0m[38;2;138;207;234m[48;2;129;196;226m▀[0m[38;2;139;219;237m[48;2;115;184;226m▀[0m[38;2;141;234;241m[48;2;117;188;230m▀[0m[38;2;174;239;243m[48;2;162;228;240m▀[0m[38;2;221;245;248m[48;2;210;243;248m▀[0m[38;2;236;247;250m[48;2;227;246;249m▀[0m[38;2;145;225;240m[48;2;131;207;235m▀[0m[38;2;137;224;240m[48;2;120;196;227m▀[0m[38;2;126;202;233m[48;2;73;129;196m▀[0m[38;2;141;211;233m[48;2;96;152;206m▀[0m[38;2;155;221;240m[48;2;128;189;224m▀[0m[38;2;229;245;249m[48;2;139;205;233m▀[0m[38;2;183;225;242m[48;2;211;239;246m▀[0m[38;2;123;173;218m[48;2;152;200;231m▀[0m[38;2;111;147;198m[48;2;99;134;192m▀[0m[38;2;96;123;180m[48;2;92;115;173m▀[0m[38;2;84;100;163m[48;2;94;118;172m▀[0m[38;2;64;59;142m[48;2;87;106;164m▀[0m[38;2;62;54;140m[48;2;51;51;120m▀[0m[38;2;55;49;130m[48;2;44;44;107m▀[0m[38;2;41;41;95m[48;2;41;42;97m▀[0m[38;2;40;41;91m[48;2;41;42;95m▀[0m[38;2;44;45;100m[48;2;38;41;92m▀[0m[38;2;40;42;93m[48;2;37;40;90m▀[0m[38;2;41;42;97m[48;2;32;37;84m▀[0m
[38;2;27;33;77m[48;2;26;32;72m▀[0m[38;2;27;33;76m[48;2;26;33;74m▀[0m[38;2;25;29;64m[48;2;25;29;63m▀[0m[38;2;24;27;56m[48;2;24;27;56m▀[0m[38;2;25;29;57m[48;2;26;28;56m▀[0m[38;2;28;32;68m[48;2;28;31;65m▀[0m[38;2;39;40;96m[48;2;35;40;88m▀[0m[38;2;57;72;125m[48;2;63;84;130m▀[0m[38;2;70;80;147m[48;2;57;68;128m▀[0m[38;2;86;89;172m[48;2;95;133;188m▀[0m[38;2;117;154;208m[48;2;176;218;237m▀[0m[38;2;209;236;245m[48;2;121;167;214m▀[0m[38;2;142;191;228m[48;2;104;137;190m▀[0m[38;2;118;160;208m[48;2;123;163;206m▀[0m[38;2;128;181;217m[48;2;116;154;204m▀[0m[38;2;117;169;213m[48;2;103;136;199m▀[0m[38;2;136;188;222m[48;2;88;124;195m▀[0m[38;2;101;152;207m[48;2;100;142;200m▀[0m[38;2;151;215;234m[48;2;130;186;221m▀[0m[38;2;197;237;246m[48;2;183;229;244m▀[0m[38;2;215;242;248m[48;2;204;236;246m▀[0m[38;2;125;196;228m[48;2;122;185;219m▀[0m[38;2;108;178;215m[48;2;102;165;207m▀[0m[38;2;62;106;178m[48;2;58;98;172m▀[0m[38;2;64;106;179m[48;2;56;89;163m▀[0m[38;2;80;123;193m[48;2;60;85;162m▀[0m[38;2;113;160;206m[48;2;68;84;161m▀[0m[38;2;120;176;219m[48;2;95;125;183m▀[0m[38;2;183;224;241m[48;2;92;138;194m▀[0m[38;2;118;168;212m[48;2;145;199;226m▀[0m[38;2;79;103;164m[48;2;88;136;185m▀[0m[38;2;75;97;150m[48;2;64;88;143m▀[0m[38;2;86;116;161m[48;2;69;97;141m▀[0m[38;2;42;47;107m[48;2;35;40;89m▀[0m[38;2;40;42;101m[48;2;33;36;78m▀[0m[38;2;36;38;89m[48;2;31;34;71m▀[0m[38;2;35;39;86m[48;2;31;35;75m▀[0m[38;2;33;37;83m[48;2;33;39;86m▀[0m[38;2;33;38;85m[48;2;29;35;79m▀[0m[38;2;29;34;78m[48;2;28;34;78m▀[0m
[38;2;24;29;64m[48;2;19;24;52m▀[0m[38;2;26;33;73m[48;2;24;29;65m▀[0m[38;2;25;31;70m[48;2;24;30;68m▀[0m[38;2;25;30;66m[48;2;26;30;69m▀[0m[38;2;25;29;62m[48;2;26;32;70m▀[0m[38;2;29;33;72m[48;2;30;39;81m▀[0m[38;2;43;58;103m[48;2;59;92;131m▀[0m[38;2;56;81;126m[48;2;67;108;150m▀[0m[38;2;76;116;164m[48;2;98;162;200m▀[0m[38;2;136;193;222m[48;2;73;108;168m▀[0m[38;2;95;135;193m[48;2;97;122;177m▀[0m[38;2;92;118;174m[48;2;103;131;180m▀[0m[38;2;111;141;190m[48;2;80;82;162m▀[0m[38;2;118;149;201m[48;2;96;94;182m▀[0m[38;2;109;126;193m[48;2;95;99;180m▀[0m[38;2;92;121;192m[48;2;78;99;179m▀[0m[38;2;93;127;203m[48;2;85;115;193m▀[0m[38;2;108;144;205m[48;2;111;135;199m▀[0m[38;2;126;176;215m[48;2;125;169;213m▀[0m[38;2;170;218;240m[48;2;156;207;235m▀[0m[38;2;189;226;242m[48;2;174;215;238m▀[0m[38;2;107;157;205m[48;2;85;122;183m▀[0m[38;2;90;142;193m[48;2;67;86;155m▀[0m[38;2;55;81;157m[48;2;56;63;140m▀[0m[38;2;58;71;150m[48;2;51;55;127m▀[0m[38;2;54;60;135m[48;2;47;50;117m▀[0m[38;2;51;56;123m[48;2;46;47;113m▀[0m[38;2;63;74;139m[48;2;49;48;121m▀[0m[38;2;79;108;162m[48;2;58;75;130m▀[0m[38;2;69;106;161m[48;2;74;105;144m▀[0m[38;2;109;168;206m[48;2;62;97;143m▀[0m[38;2;68;112;161m[48;2;81;141;186m▀[0m[38;2;64;98;140m[48;2;54;96;143m▀[0m[38;2;40;59;99m[48;2;63;105;140m▀[0m[38;2;28;34;70m[48;2;26;38;75m▀[0m[38;2;27;32;67m[48;2;25;31;65m▀[0m[38;2;27;33;71m[48;2;24;30;64m▀[0m[38;2;30;36;79m[48;2;26;33;71m▀[0m[38;2;28;35;77m[48;2;27;34;75m▀[0m[38;2;27;33;73m[48;2;25;32;73m▀[0m
[38;2;19;21;43m[48;2;19;21;45m▀[0m[38;2;20;23;48m[48;2;19;21;45m▀[0m[38;2;22;27;58m[48;2;20;24;50m▀[0m[38;2;23;28;60m[48;2;23;28;57m▀[0m[38;2;25;33;67m[48;2;25;43;76m▀[0m[38;2;43;71;107m[48;2;72;131;159m▀[0m[38;2;70;121;156m[48;2;62;124;163m▀[0m[38;2;68;129;174m[48;2;33;64;107m▀[0m[38;2;43;76;124m[48;2;30;40;80m▀[0m[38;2;45;57;109m[48;2;33;38;80m▀[0m[38;2;77;93;150m[48;2;40;42;91m▀[0m[38;2;73;69;153m[48;2;60;55;131m▀[0m[38;2;81;69;165m[48;2;82;70;167m▀[0m[38;2;99;86;188m[48;2;101;87;194m▀[0m[38;2;83;86;174m[48;2;86;81;177m▀[0m[38;2;78;92;175m[48;2;84;81;173m▀[0m[38;2;82;85;171m[48;2;91;84;177m▀[0m[38;2;93;93;182m[48;2;85;83;172m▀[0m[38;2;123;160;209m[48;2;108;134;193m▀[0m[38;2;143;195;228m[48;2;129;180;220m▀[0m[38;2;161;207;234m[48;2;144;192;225m▀[0m[38;2;81;114;175m[48;2;75;99;162m▀[0m[38;2;55;62;135m[48;2;50;55;121m▀[0m[38;2;48;53;122m[48;2;41;47;102m▀[0m[38;2;42;48;109m[48;2;38;44;99m▀[0m[38;2;40;45;104m[48;2;37;42;96m▀[0m[38;2;44;45;114m[48;2;37;41;97m▀[0m[38;2;46;47;121m[48;2;35;40;94m▀[0m[38;2;34;37;85m[48;2;28;33;72m▀[0m[38;2;31;36;77m[48;2;26;31;68m▀[0m[38;2;30;40;80m[48;2;24;30;66m▀[0m[38;2;45;74;114m[48;2;26;33;70m▀[0m[38;2;51;107;153m[48;2;25;46;84m▀[0m[38;2;59;111;150m[48;2;54;112;149m▀[0m[38;2;42;76;110m[48;2;64;127;158m▀[0m[38;2;23;33;64m[48;2;21;44;76m▀[0m[38;2;24;29;62m[48;2;22;28;58m▀[0m[38;2;24;30;67m[48;2;21;26;56m▀[0m[38;2;24;31;71m[48;2;21;27;59m▀[0m[38;2;23;30;69m[48;2;21;27;59m▀[0m
[38;2;19;21;46m[48;2;19;20;44m▀[0m[38;2;19;21;46m[48;2;21;23;48m▀[0m[38;2;19;22;47m[48;2;20;25;50m▀[0m[38;2;20;32;60m[48;2;18;44;72m▀[0m[38;2;47;96;125m[48;2;86;156;175m▀[0m[38;2;80;151;176m[48;2;27;64;96m▀[0m[38;2;29;62;99m[48;2;25;35;70m▀[0m[38;2;27;37;73m[48;2;27;33;71m▀[0m[38;2;26;32;67m[48;2;25;30;64m▀[0m[38;2;31;35;74m[48;2;30;33;71m▀[0m[38;2;36;40;83m[48;2;38;41;83m▀[0m[38;2;45;45;101m[48;2;38;40;88m▀[0m[38;2;75;68;161m[48;2;51;51;119m▀[0m[38;2;105;95;198m[48;2;65;70;159m▀[0m[38;2;88;88;191m[48;2;64;72;160m▀[0m[38;2;71;72;163m[48;2;69;79;171m▀[0m[38;2;61;67;147m[48;2;61;67;148m▀[0m[38;2;67;73;154m[48;2;51;59;125m▀[0m[38;2;74;83;162m[48;2;51;65;129m▀[0m[38;2;108;159;207m[48;2;85;139;191m▀[0m[38;2;124;174;214m[48;2;103;158;202m▀[0m[38;2;53;70;135m[48;2;48;65;127m▀[0m[38;2;45;51;108m[48;2;42;49;101m▀[0m[38;2;42;45;95m[48;2;40;44;92m▀[0m[38;2;38;42;91m[48;2;38;42;89m▀[0m[38;2;36;42;94m[48;2;35;40;92m▀[0m[38;2;32;38;87m[48;2;29;35;78m▀[0m[38;2;28;33;74m[48;2;24;29;62m▀[0m[38;2;25;30;66m[48;2;22;26;54m▀[0m[38;2;24;28;61m[48;2;23;26;55m▀[0m[38;2;23;28;60m[48;2;21;25;53m▀[0m[38;2;23;28;59m[48;2;20;23;49m▀[0m[38;2;20;29;58m[48;2;18;22;46m▀[0m[38;2;20;46;76m[48;2;19;27;52m▀[0m[38;2;70;137;162m[48;2;19;49;78m▀[0m[38;2;49;106;133m[48;2;78;145;166m▀[0m[38;2;18;35;63m[48;2;20;52;79m▀[0m[38;2;19;25;52m[48;2;17;24;48m▀[0m[38;2;19;23;51m[48;2;18;22;45m▀[0m[38;2;19;24;52m[48;2;18;22;44m▀[0m
[38;2;20;21;49m[48;2;24;25;52m▀[0m[38;2;19;21;49m[48;2;18;21;47m▀[0m[38;2;18;23;49m[48;2;18;21;47m▀[0m[38;2;18;36;61m[48;2;17;21;45m▀[0m[38;2;22;49;78m[48;2;18;23;48m▀[0m[38;2;22;33;64m[48;2;20;25;54m▀[0m[38;2;26;32;70m[48;2;30;36;78m▀[0m[38;2;27;33;73m[48;2;26;32;76m▀[0m[38;2;26;32;68m[48;2;26;31;69m▀[0m[38;2;40;42;83m[48;2;37;43;110m▀[0m[38;2;36;41;92m[48;2;35;41;100m▀[0m[38;2;40;44;100m[48;2;35;41;94m▀[0m[38;2;45;48;108m[48;2;38;43;97m▀[0m[38;2;52;55;123m[48;2;45;48;106m▀[0m[38;2;51;56;127m[48;2;45;49;108m▀[0m[38;2;65;69;160m[48;2;47;51;113m▀[0m[38;2;59;63;145m[48;2;51;57;129m▀[0m[38;2;48;56;122m[48;2;49;56;126m▀[0m[38;2;47;64;130m[48;2;46;60;123m▀[0m[38;2;71;120;175m[48;2;58;101;162m▀[0m[38;2;84;140;186m[48;2;68;121;170m▀[0m[38;2;44;60;117m[48;2;38;51;101m▀[0m[38;2;40;47;96m[48;2;36;43;90m▀[0m[38;2;40;45;90m[48;2;35;40;85m▀[0m[38;2;36;40;86m[48;2;34;39;83m▀[0m[38;2;33;39;89m[48;2;32;39;88m▀[0m[38;2;25;30;63m[48;2;24;28;58m▀[0m[38;2;21;24;48m[48;2;21;23;48m▀[0m[38;2;22;23;47m[48;2;22;24;49m▀[0m[38;2;21;23;49m[48;2;22;24;50m▀[0m[38;2;20;23;47m[48;2;20;23;47m▀[0m[38;2;19;21;42m[48;2;19;20;42m▀[0m[38;2;19;20;42m[48;2;18;20;41m▀[0m[38;2;18;21;42m[48;2;18;19;40m▀[0m[38;2;17;26;48m[48;2;17;19;39m▀[0m[38;2;15;39;63m[48;2;15;18;38m▀[0m[38;2;14;34;57m[48;2;14;17;35m▀[0m[38;2;15;21;42m[48;2;15;16;33m▀[0m[38;2;16;19;39m[48;2;14;15;32m▀[0m[38;2;16;19;38m[48;2;13;15;32m▀[0m
[38;2;16;18;42m[48;2;13;14;33m▀[0m[38;2;17;19;45m[48;2;14;16;37m▀[0m[38;2;16;18;42m[48;2;15;17;38m▀[0m[38;2;17;19;41m[48;2;14;16;35m▀[0m[38;2;16;19;42m[48;2;13;17;34m▀[0m[38;2;16;21;46m[48;2;14;18;39m▀[0m[38;2;23;29;68m[48;2;21;26;63m▀[0m[38;2;24;30;69m[48;2;23;29;67m▀[0m[38;2;23;28;62m[48;2;24;29;65m▀[0m[38;2;27;33;74m[48;2;24;29;63m▀[0m[38;2;36;41;97m[48;2;33;39;85m▀[0m[38;2;41;45;104m[48;2;41;45;106m▀[0m[38;2;39;44;98m[48;2;40;43;99m▀[0m[38;2;41;44;97m[48;2;37;41;90m▀[0m[38;2;40;44;95m[48;2;37;41;90m▀[0m[38;2;40;44;94m[48;2;38;41;92m▀[0m[38;2;42;48;105m[48;2;38;44;94m▀[0m[38;2;47;55;126m[48;2;44;52;120m▀[0m[38;2;44;57;123m[48;2;41;49;111m▀[0m[38;2;45;78;140m[48;2;37;50;102m▀[0m[38;2;51;90;145m[48;2;34;47;95m▀[0m[38;2;36;47;93m[48;2;34;40;84m▀[0m[38;2;34;40;84m[48;2;32;38;81m▀[0m[38;2;32;38;79m[48;2;30;36;77m▀[0m[38;2;32;39;85m[48;2;29;36;79m▀[0m[38;2;29;36;81m[48;2;27;33;72m▀[0m[38;2;24;28;59m[48;2;23;28;57m▀[0m[38;2;22;24;51m[48;2;20;25;51m▀[0m[38;2;22;24;50m[48;2;20;25;51m▀[0m[38;2;20;24;49m[48;2;19;23;48m▀[0m[38;2;19;21;45m[48;2;18;21;44m▀[0m[38;2;18;20;43m[48;2;17;20;43m▀[0m[38;2;18;20;41m[48;2;17;20;42m▀[0m[38;2;16;19;39m[48;2;15;18;37m▀[0m[38;2;15;17;36m[48;2;12;14;28m▀[0m[38;2;14;15;31m[48;2;11;13;23m▀[0m[38;2;11;13;23m[48;2;11;13;21m▀[0m[38;2;11;13;23m[48;2;11;14;22m▀[0m[38;2;18;19;31m[48;2;11;13;23m▀[0m[38;2;12;13;27m[48;2;20;20;33m▀[0m
