[38;2;14;14;23m[48;2;13;13;27m▀[0m[38;2;10;11;19m[48;2;13;16;31m▀[0m[38;2;12;13;23m[48;2;15;27;44m▀[0m[38;2;15;16;35m[48;2;16;20;40m▀[0m[38;2;18;22;48m[48;2;22;27;60m▀[0m[38;2;19;22;48m[48;2;20;24;51m▀[0m[38;2;19;23;51m[48;2;21;24;50m▀[0m[38;2;26;31;69m[48;2;26;32;71m▀[0m[38;2;31;41;90m[48;2;35;48;104m▀[0m[38;2;36;55;110m[48;2;50;82;138m▀[0m[38;2;39;59;113m[48;2;64;98;155m▀[0m[38;2;32;39;84m[48;2;43;51;110m▀[0m[38;2;36;46;105m[48;2;41;52;113m▀[0m[38;2;31;38;86m[48;2;38;45;104m▀[0m[38;2;29;34;81m[48;2;33;39;92m▀[0m[38;2;24;29;66m[48;2;23;30;67m▀[0m[38;2;15;18;40m[48;2;18;21;41m▀[0m[38;2;14;15;34m[48;2;16;25;46m▀[0m[38;2;14;14;32m[48;2;16;26;48m▀[0m[38;2;18;18;37m[48;2;17;22;50m▀[0m
[38;2;15;17;38m[48;2;17;23;50m▀[0m[38;2;15;22;42m[48;2;17;22;48m▀[0m[38;2;53;109;131m[48;2;28;49;77m▀[0m[38;2;21;40;66m[48;2;52;106;142m▀[0m[38;2;21;25;53m[48;2;37;61;96m▀[0m[38;2;23;27;58m[48;2;31;41;75m▀[0m[38;2;24;27;54m[48;2;30;34;74m▀[0m[38;2;27;31;67m[48;2;33;39;84m▀[0m[38;2;36;48;100m[48;2;41;48;101m▀[0m[38;2;69;106;163m[48;2;105;143;191m▀[0m[38;2;92;130;187m[48;2;134;186;220m▀[0m[38;2;58;71;146m[48;2;62;85;157m▀[0m[38;2;60;78;159m[48;2;72;87;174m▀[0m[38;2;40;48;103m[48;2;61;60;145m▀[0m[38;2;33;40;85m[48;2;51;55;120m▀[0m[38;2;23;28;58m[48;2;34;48;85m▀[0m[38;2;21;32;58m[48;2;50;95;134m▀[0m[38;2;58;111;135m[48;2;43;78;109m▀[0m[38;2;20;39;70m[48;2;21;29;63m▀[0m[38;2;18;23;53m[48;2;19;23;52m▀[0m
[38;2;22;28;64m[48;2;27;34;74m▀[0m[38;2;22;29;65m[48;2;25;32;68m▀[0m[38;2;23;31;66m[48;2;26;32;67m▀[0m[38;2;45;75;111m[48;2;44;56;99m▀[0m[38;2;75;126;169m[48;2;73;101;152m▀[0m[38;2;74;114;158m[48;2;129;176;213m▀[0m[38;2;55;76;124m[48;2;110;160;201m▀[0m[38;2;46;59;124m[48;2;72;118;172m▀[0m[38;2;63;81;146m[48;2;75;128;181m▀[0m[38;2;127;166;210m[48;2;161;214;234m▀[0m[38;2;155;208;233m[48;2;176;227;241m▀[0m[38;2;87;137;201m[48;2;105;160;212m▀[0m[38;2;76;88;171m[48;2;96;125;196m▀[0m[38;2;93;99;186m[48;2;115;155;205m▀[0m[38;2;84;113;168m[48;2;148;193;224m▀[0m[38;2;89;141;182m[48;2;74;99;156m▀[0m[38;2;54;86;126m[48;2;55;75;118m▀[0m[38;2;26;35;67m[48;2;26;31;64m▀[0m[38;2;24;29;63m[48;2;25;30;68m▀[0m[38;2;21;26;59m[48;2;26;31;71m▀[0m
[38;2;30;35;76m[48;2;41;44;97m▀[0m[38;2;31;36;79m[48;2;51;49;119m▀[0m[38;2;44;45;112m[48;2;48;47;110m▀[0m[38;2;55;52;131m[48;2;47;50;106m▀[0m[38;2;70;87;148m[48;2;62;81;147m▀[0m[38;2;96;136;189m[48;2;93;149;198m▀[0m[38;2;182;219;238m[48;2;131;206;231m▀[0m[38;2;144;205;231m[48;2;218;244;248m▀[0m[38;2;115;196;225m[48;2;183;241;245m▀[0m[38;2;181;236;244m[48;2;210;246;248m▀[0m[38;2;197;242;246m[48;2;216;246;248m▀[0m[38;2;133;221;238m[48;2;187;241;245m▀[0m[38;2;144;213;235m[48;2;226;246;249m▀[0m[38;2;195;228;242m[48;2;141;205;232m▀[0m[38;2;116;160;203m[48;2;90;135;188m▀[0m[38;2;76;100;155m[48;2;57;73;144m▀[0m[38;2;44;50;106m[48;2;45;51;115m▀[0m[38;2;32;36;83m[48;2;42;46;108m▀[0m[38;2;26;30;66m[48;2;36;42;97m▀[0m[38;2;29;34;79m[48;2;31;39;87m▀[0m
[38;2;47;49;104m[48;2;55;78;134m▀[0m[38;2;75;64;152m[48;2;103;121;189m▀[0m[38;2;62;56;126m[48;2;130;142;205m▀[0m[38;2;68;66;138m[48;2;145;167;213m▀[0m[38;2;86;97;173m[48;2;161;190;223m▀[0m[38;2;100;143;202m[48;2;177;213;236m▀[0m[38;2;135;216;237m[48;2;190;235;245m▀[0m[38;2;177;243;245m[48;2;220;247;249m▀[0m[38;2;245;249;250m[48;2;249;250;251m▀[0m[38;2;247;249;251m[48;2;252;250;252m▀[0m[38;2;247;249;251m[48;2;252;251;252m▀[0m[38;2;246;249;250m[48;2;248;250;251m▀[0m[38;2;193;243;246m[48;2;221;246;248m▀[0m[38;2;137;213;234m[48;2;193;237;246m▀[0m[38;2;91;144;200m[48;2;177;221;240m▀[0m[38;2;78;127;191m[48;2;160;205;232m▀[0m[38;2;57;77;148m[48;2;143;189;221m▀[0m[38;2;56;62;137m[48;2;120;161;204m▀[0m[38;2;44;52;116m[48;2;81;115;171m▀[0m[38;2;36;44;96m[48;2;53;83;139m▀[0m
[38;2;46;69;126m[48;2;39;46;97m▀[0m[38;2;68;97;159m[48;2;43;50;107m▀[0m[38;2;95;124;185m[48;2;60;60;139m▀[0m[38;2;125;167;210m[48;2;63;65;143m▀[0m[38;2;144;188;223m[48;2;83;115;184m▀[0m[38;2;162;210;235m[48;2;87;133;195m▀[0m[38;2;180;231;243m[48;2;130;196;226m▀[0m[38;2;208;246;248m[48;2;181;240;245m▀[0m[38;2;247;250;250m[48;2;245;249;251m▀[0m[38;2;252;251;252m[48;2;247;250;251m▀[0m[38;2;252;251;252m[48;2;246;250;251m▀[0m[38;2;248;250;251m[48;2;243;249;250m▀[0m[38;2;216;246;248m[48;2;189;244;246m▀[0m[38;2;185;236;245m[48;2;138;226;240m▀[0m[38;2;169;215;238m[48;2;117;164;218m▀[0m[38;2;157;195;229m[48;2;110;139;201m▀[0m[38;2;145;169;216m[48;2;95;86;174m▀[0m[38;2;115;137;197m[48;2;73;64;145m▀[0m[38;2;82;103;176m[48;2;62;57;130m▀[0m[38;2;53;73;138m[48;2;61;56;135m▀[0m
[38;2;37;53;117m[48;2;30;39;88m▀[0m[38;2;34;42;92m[48;2;31;39;90m▀[0m[38;2;42;46;106m[48;2;35;39;92m▀[0m[38;2;52;55;127m[48;2;49;52;115m▀[0m[38;2;61;72;149m[48;2;85;102;165m▀[0m[38;2;94;125;187m[48;2;117;140;204m▀[0m[38;2;136;188;226m[48;2;194;224;242m▀[0m[38;2;222;243;248m[48;2;144;204;232m▀[0m[38;2;183;239;245m[48;2;128;206;233m▀[0m[38;2;213;246;248m[48;2;192;239;245m▀[0m[38;2;211;245;248m[48;2;185;232;244m▀[0m[38;2;179;240;244m[48;2;114;188;224m▀[0m[38;2;220;244;248m[48;2;129;193;226m▀[0m[38;2;157;221;239m[48;2;190;228;242m▀[0m[38;2;117;172;218m[48;2;121;163;209m▀[0m[38;2;82;103;178m[48;2;92;114;172m▀[0m[38;2;64;62;137m[48;2;66;68;142m▀[0m[38;2;63;55;139m[48;2;45;44;107m▀[0m[38;2;42;43;93m[48;2;41;42;94m▀[0m[38;2;52;50;118m[48;2;37;40;91m▀[0m
[38;2;27;33;75m[48;2;23;29;64m▀[0m[38;2;25;28;60m[48;2;25;30;68m▀[0m[38;2;27;30;62m[48;2;27;33;71m▀[0m[38;2;49;59;110m[48;2;56;85;128m▀[0m[38;2;77;93;159m[48;2;96;145;189m▀[0m[38;2;155;194;226m[48;2;97;127;181m▀[0m[38;2;122;163;208m[48;2;101;117;184m▀[0m[38;2;116;160;208m[48;2;94;112;186m▀[0m[38;2;106;151;206m[48;2;99;131;200m▀[0m[38;2;166;217;236m[48;2;144;193;226m▀[0m[38;2;167;215;235m[48;2;140;181;218m▀[0m[38;2;83;138;193m[48;2;67;94;162m▀[0m[38;2;65;100;174m[48;2;52;59;133m▀[0m[38;2;99;136;192m[48;2;52;57;124m▀[0m[38;2;134;182;218m[48;2;70;99;150m▀[0m[38;2;77;107;161m[48;2;80;130;174m▀[0m[38;2;58;76;125m[48;2;56;90;131m▀[0m[38;2;35;38;85m[48;2;27;34;70m▀[0m[38;2;33;37;83m[48;2;27;33;72m▀[0m[38;2;30;35;80m[48;2;27;33;75m▀[0m
[38;2;19;22;45m[48;2;19;21;46m▀[0m[38;2;22;26;56m[48;2;19;31;57m▀[0m[38;2;41;69;102m[48;2;60;117;143m▀[0m[38;2;58;110;150m[48;2;27;42;78m▀[0m[38;2;38;53;99m[48;2;28;33;69m▀[0m[38;2;62;65;131m[48;2;39;42;89m▀[0m[38;2;90;78;178m[48;2;74;71;159m▀[0m[38;2;83;85;175m[48;2;73;78;171m▀[0m[38;2;88;86;176m[48;2;60;66;143m▀[0m[38;2;126;168;213m[48;2;80;112;173m▀[0m[38;2;116;154;200m[48;2;83;118;170m▀[0m[38;2;49;54;121m[48;2;42;47;99m▀[0m[38;2;40;45;102m[48;2;37;41;91m▀[0m[38;2;41;43;107m[48;2;28;34;75m▀[0m[38;2;30;34;76m[48;2;24;27;59m▀[0m[38;2;31;44;83m[48;2;22;26;55m▀[0m[38;2;47;94;134m[48;2;20;31;58m▀[0m[38;2;37;70;102m[48;2;54;109;135m▀[0m[38;2;23;28;61m[48;2;18;34;60m▀[0m[38;2;22;29;65m[48;2;18;23;48m▀[0m
[38;2;20;22;49m[48;2;15;17;39m▀[0m[38;2;18;25;51m[48;2;15;17;39m▀[0m[38;2;20;33;61m[48;2;15;19;40m▀[0m[38;2;27;33;74m[48;2;23;28;67m▀[0m[38;2;32;37;83m[48;2;25;30;66m▀[0m[38;2;36;42;96m[48;2;38;42;98m▀[0m[38;2;45;49;108m[48;2;39;43;96m▀[0m[38;2;52;56;127m[48;2;39;42;93m▀[0m[38;2;52;58;130m[48;2;43;50;112m▀[0m[38;2;55;87;148m[48;2;42;58;119m▀[0m[38;2;59;94;144m[48;2;39;56;104m▀[0m[38;2;38;44;90m[48;2;32;38;80m▀[0m[38;2;34;39;87m[48;2;29;36;79m▀[0m[38;2;23;26;54m[48;2;22;26;55m▀[0m[38;2;22;24;49m[48;2;20;24;50m▀[0m[38;2;20;22;45m[48;2;18;21;44m▀[0m[38;2;18;20;41m[48;2;17;19;40m▀[0m[38;2;16;25;47m[48;2;13;15;30m▀[0m[38;2;15;22;41m[48;2;11;13;22m▀[0m[38;2;15;17;35m[48;2;15;16;29m▀[0m
